60
120
0.0404494
0.0400642
0.0390429
0.0377836
0.0363061
0.0341964
0.0319421
0.0298562
0.0273448
0.0253143
0.022752
0.0207814
0.0190689
0.0176421
0.0156769
0.0142847
0.0131576
0.0117649
0.0109082
0.00955668
0.00872512
0.00791415
0.00745337
0.00668493
0.0060897
0.00535464
0.00513317
0.00469223
0.00422181
0.00368287
0.00327222
0.00315875
0.00286123
0.00257043
0.00247247
0.0022034
0.00198745
0.00181768
0.00175798
0.00149029
0.00143513
0.0013012
0.00124498
0.00115099
0.00109822
0.000920391
0.000912686
0.000806461
0.000769896
0.000676217
0.000651642
0.000565401
0.000522457
0.000479148
0.000465403
0.000426997
0.000424654
0.00035127
0.00034275
0.000307185
0.000317084
0.000275736
0.000271634
0.000225683
0.000230763
0.000229418
0.000198086
0.000185754
0.000170276
0.000139982
0.000135585
0.000124254
0.000134389
0.000123629
0.000110256
9.95296e-05
9.79956e-05
8.03071e-05
8.79688e-05
8.12822e-05
7.62969e-05
6.82271e-05
6.7009e-05
5.89014e-05
5.06219e-05
5.13244e-05
4.1716e-05
3.70116e-05
3.77558e-05
3.51594e-05
4.19227e-05
4.50362e-05
3.30824e-05
2.94187e-05
2.66494e-05
2.77838e-05
3.02797e-05
2.3441e-05
2.10212e-05
2.44397e-05
1.86217e-05
2.48942e-05
2.03552e-05
1.63187e-05
1.4328e-05
1.54663e-05
1.60126e-05
1.15329e-05
1.07676e-05
1.17567e-05
1.00918e-05
1.43012e-05
9.04806e-06
8.07647e-06
1.11931e-05
8.01197e-06
7.75383e-06
6.36388e-06
5.22018e-06
4.15689e-06
5.03293e-06
