60
120
1.
0.9952733385809117
0.9874098927655195
0.9658069616112994
0.9430532120292933
0.9084410395198347
0.8722536332758883
0.8344391416536497
0.7925142069903217
0.7453684119305831
0.7182446730237741
0.674523583015802
0.6386012683008095
0.6068891150196688
0.5672262323227303
0.5346975596840027
0.5074927065621856
0.48297753743580657
0.4564199416620996
0.4292619950736137
0.4080811987139832
0.38946177753676364
0.3717771694811786
0.35103339365888
0.33536637627345595
0.3165965949313577
0.30165702970259
0.28670929783992294
0.2765311610375226
0.26366466053617005
0.2505788371836779
0.2423013295865719
0.2338128098045697
0.2205494425828264
0.21164260726388717
0.20301803981101996
0.19723156704069464
0.18939686215936652
0.18136796398999358
0.17587315551580263
0.1680683637517641
0.16247401188410868
0.15501202838109324
0.15020969716959637
0.1453108073949086
0.14177493529947086
0.13521353923237003
0.13192525273475414
0.12829148732839446
0.12122273382510776
0.12015539323110398
0.11390872646361466
0.11225743957062996
0.10835628846413752
0.10392599265291015
0.10213429194059818
0.09874288205359395
0.09514647585261746
0.09428644845286457
0.09104285819223566
0.08693214417829667
0.08470471427463751
0.0833242776429875
0.07955717326922934
0.07820474080539526
0.07643466119631823
0.07431383370649713
0.07313759974899964
0.07125941166388323
0.06880511765642093
0.06509558758834884
0.06458193975079043
0.06235250025985835
0.06211312953716887
0.06078062628143775
0.059809013240893376
0.0568394961395731
0.056280357092188614
0.053103702997145036
0.052593875568777725
0.05155605792620791
0.05043373623788958
0.049592592682772836
0.04765890664711667
0.04674042167725185
0.045096454150063935
0.04453507430700638
0.04314616912589891
0.04363479778675099
0.040223059310838846
0.04076862369845772
0.038860647557391485
0.038098712459445884
0.037423250899301944
0.03624396086242727
0.03675957734844136
0.03682920697877515
0.03463941113149169
0.03419614798312709
0.03422850605219108
0.033899884470720745
0.032345135528986386
0.031575221782491475
0.03089270954658378
0.030445742939354453
0.029306537801384678
0.0293010526456221
0.027116844240489844
0.027960495239764637
0.02750785790273064
0.026365119178914816
0.026041881788382397
0.024813463614726923
0.024828418535193464
0.024426291249795052
0.024380920367676168
0.02346690841496247
0.0236572452115343
0.02249504350321252
0.022593700563850617
0.02176071482875634