60
120
1.
0.9602734454580439
0.8472492293170616
0.7236116338919003
0.6064237567260103
0.5067584121076899
0.42817088778628054
0.3598347836869424
0.30897179307456074
0.2680181534418764
0.2318281206273797
0.20574713626860253
0.18024952519039963
0.16072048062490377
0.1417306751340795
0.127322005945111
0.11409255126351138
0.10517175156815875
0.09560498665765493
0.08703838961570723
0.08037284247338895
0.0732254555237469
0.06806800423317223
0.06295267727310151
0.058858128914637646
0.052361320620729054
0.04996639032323912
0.046314698414523556
0.043842946317518776
0.040045051617577807
0.036771503559394327
0.035106188658616054
0.033579146021805686
0.0311232405682611
0.029501907707951188
0.02739417593405931
0.025853765930936315
0.02457957854756039
0.02346311378142753
0.021794810491223865
0.02094490863984202
0.019886656691775504
0.018562283980712347
0.018125294783114025
0.016760065706857834
0.015798710265142173
0.014966973901808116
0.014618410839200556
0.013736659961011628
0.013215710774334782
0.012430331650510487
0.011547787644439573
0.011369269986991188
0.010765975396571434
0.01060808699065966
0.009947569356756942
0.009573127206653206
0.009377944997904645
0.008734305738019485
0.008633624362230696
0.008111652542860871
0.00764613115410033
0.007408745182213305
0.00710712295223691
0.006983200781623242
0.006193501889177467
0.006463601596020735
0.0058866653735451975
0.005663466166930676
0.005420332515623354
0.005363862269297784
0.005318482410448156
0.005180911216964099
0.00476541682064579
0.004675627622808711
0.004324219729354179
0.004303570924102853
0.004221282796298093
0.0038505726750393504
0.003884439236361309
0.003739980468560962
0.0036938454037966
0.00348993829339921
0.003354108685354287
0.0031445108204909075
0.0030833659891392464
0.002735779594178161
0.0029936122460029854
0.002839215483371905
0.0029093658611555632
0.0026278262474152816
0.002635761130597824
0.0024644435225978606
0.0025210410197536747
0.0022333504136137694
0.00213591299754026
0.002263742690389204
0.002179379168665108
0.001978343157586968
0.001983845340157106
0.0018663388478129825
0.0017771967355088736
0.00170292374155105
0.0017483688713223011
0.0016930249415028457
0.0016588469296784823
0.0016621473635390618
0.0016460557928234703
0.00150482159552855
0.001497695734558188
0.0014856430306236408
0.0013502894043023299
0.0012897105460355517
0.001371484107855901
0.0012173251160632306
0.0013951332518744026
0.0012122669863969598
0.0010987030080923691
0.001074531381616116
0.0010867493040706742
0.0011072515696152023