60
120
0.179195
0.172864
0.157506
0.138644
0.120103
0.105637
0.091727
0.0806709
0.0720602
0.0646657
0.0587215
0.0525639
0.0474764
0.0436283
0.039355
0.0366464
0.03337
0.0313431
0.0286554
0.0267976
0.0251821
0.0233624
0.0217867
0.0205627
0.0193014
0.0176034
0.0171685
0.0160591
0.015279
0.0140337
0.0133463
0.0125636
0.0122293
0.0114919
0.0108733
0.0102288
0.00979897
0.0093043
0.00897263
0.00834469
0.00807727
0.00785433
0.0073095
0.00720584
0.00667714
0.00640128
0.00601967
0.00595089
0.00558712
0.00547723
0.00522061
0.00479774
0.00476067
0.00453314
0.00446506
0.00417639
0.00411172
0.00403482
0.00379814
0.00375267
0.00348933
0.00331156
0.00325611
0.00311733
0.00309228
0.00273552
0.00287234
0.00259955
0.00252038
0.00241583
0.002403
0.00240074
0.00234257
0.00218202
0.00210434
0.00195084
0.00195488
0.00193145
0.00175598
0.00177962
0.0017223
0.00169697
0.00160676
0.00155866
0.00145619
0.00142796
0.00127009
0.00139888
0.00133028
0.00136345
0.00124259
0.00124817
0.00116343
0.00119023
0.00105377
0.00100704
0.00106642
0.00103432
0.0009383
0.000943938
0.000884251
0.00084276
0.00080707
0.000831209
0.000807103
0.000794838
0.000795195
0.000788976
0.00072311
0.000721703
0.000714754
0.000646383
0.00061876
0.000663638
0.000587951
0.000676165
0.000588547
0.000531712
0.000518301
0.000526935
0.000538092
