60
120
0.106425
0.107149
0.107872
0.106764
0.104179
0.102182
0.0993724
0.0976634
0.0924205
0.0880625
0.08723
0.0831412
0.0803641
0.0766736
0.0718065
0.0674492
0.0656275
0.0619521
0.0604676
0.0560862
0.0534705
0.0516714
0.0500035
0.0457247
0.0448448
0.0422942
0.0399444
0.0382369
0.0369954
0.0352202
0.0323563
0.0318978
0.0312424
0.0286159
0.0278954
0.0264911
0.0256567
0.0243984
0.0230511
0.0228253
0.0214628
0.0199687
0.0186636
0.0183362
0.0179423
0.0171833
0.0165771
0.0156556
0.0149985
0.0143603
0.0137303
0.0133017
0.0128571
0.0122514
0.0113178
0.0116736
0.0108155
0.0104925
0.0100697
0.0101141
0.0091623
0.00898925
0.00881158
0.00832092
0.00800692
0.00774934
0.00748456
0.00723819
0.00706883
0.0068161
0.00630244
0.00620608
0.00598316
0.0059717
0.00562898
0.00540046
0.00513429
0.00494461
0.00473792
0.00459668
0.00448235
0.00431186
0.00423789
0.00386698
0.00376473
0.00362559
0.00356143
0.0036304
0.00348012
0.00313494
0.00314828
0.0030525
0.00300069
0.00286896
0.00271962
0.00265292
0.0026342
0.00238991
0.00251972
0.00232414
0.00231771
0.0022252
0.00219673
0.00196604
0.00203198
0.002005
0.0019326
0.00167246
0.00171034
0.001693
0.0015756
0.00152517
0.00158416
0.00143746
0.00146941
0.00147594
0.00134646
0.00141376
0.00126708
0.00125288
0.00116935