60
120
0.152171
0.150264
0.134468
0.119484
0.104654
0.0887036
0.0785347
0.0667354
0.0578805
0.0507998
0.0431198
0.0393524
0.0342836
0.0300973
0.0264104
0.0230196
0.0204939
0.0186947
0.017078
0.0150315
0.0136189
0.0121571
0.0113224
0.010143
0.00952938
0.00808437
0.0073473
0.00672221
0.006341
0.00574672
0.00482991
0.00479712
0.00440134
0.00393854
0.00375743
0.00336356
0.00304492
0.00291519
0.00268793
0.00249612
0.00234251
0.00204101
0.00192916
0.00182131
0.0016659
0.00147056
0.00143812
0.00133386
0.00125732
0.00111139
0.000975337
0.000960429
0.000909198
0.000835926
0.000824946
0.000783546
0.000663539
0.000643944
0.000558999
0.000554815
0.000556654
0.00050278
0.000440622
0.000428662
0.000392184
0.000355172
0.000353187
0.000338134
0.000305626
0.000289458
0.000273791
0.000253648
0.000243307
0.000196366
0.000229277
0.00020754
0.000192793
0.000175544
0.000165992
0.000159018
0.000144457
0.000146831
0.000134988
0.000115547
0.000113462
0.000111164
9.55632e-05
9.54937e-05
8.69711e-05
8.88408e-05
6.915e-05
6.73676e-05
6.6765e-05
6.81056e-05
6.10812e-05
5.91674e-05
6.35598e-05
5.3611e-05
4.9266e-05
4.63786e-05
4.74046e-05
4.42815e-05
4.29905e-05
4.15578e-05
3.80431e-05
3.32457e-05
3.45159e-05
3.2727e-05
2.80898e-05
2.59369e-05
2.68728e-05
2.76437e-05
2.50561e-05
2.09987e-05
1.97333e-05
2.02796e-05
1.6614e-05
1.67586e-05
1.81043e-05
1.55685e-05
1.46473e-05
