60
120
0.024853
0.0230982
0.0177169
0.0121523
0.0078699
0.00509285
0.00328205
0.00199346
0.00123387
0.000782859
0.000521341
0.000317151
0.000199751
0.00012795
8.15972e-05
5.97581e-05
4.1313e-05
2.92689e-05
1.66959e-05
1.14788e-05
8.905e-06
5.90872e-06
4.47652e-06
2.58979e-06
1.73184e-06
1.25649e-06
8.46046e-07
6.8008e-07
3.83186e-07
3.54872e-07
2.62554e-07
2.12189e-07
1.58152e-07
1.31904e-07
1.05978e-07
5.35657e-08
2.99381e-08
2.67689e-08
2.0146e-08
1.48767e-08
1.91875e-08
1.32092e-08
1.12394e-08
4.01826e-09
3.66687e-09
1.63423e-09
2.16848e-09
1.58277e-09
9.76203e-10
5.70119e-10
7.62968e-10
4.36883e-10
9.54433e-10
3.74566e-10
2.16546e-10
1.51065e-09
1.04874e-10
4.97485e-11
3.88499e-11
1.33988e-10
2.65614e-11
2.1974e-10
2.38354e-11
9.46896e-12
2.95064e-11
1.42758e-12
6.09371e-12
1.11403e-11
4.87841e-12
7.83243e-12
3.21968e-12
3.74396e-12
1.62996e-11
9.0806e-13
6.86887e-12
4.15579e-13
2.69236e-13
6.40288e-13
1.36911e-13
2.35489e-13
2.03679e-13
2.59803e-13
1.58715e-13
3.97287e-14
4.01429e-14
1.49105e-14
4.16972e-14
1.59151e-14
1.40803e-13
6.54432e-14
1.02333e-13
1.05467e-14
5.2039e-15
2.51363e-14
1.0349e-15
3.39723e-15
1.65596e-14
2.55387e-14
1.72987e-15
9.61387e-16
1.21256e-14
5.70312e-15
6.58215e-16
9.79931e-16
7.14678e-16
1.91284e-16
1.43596e-15
5.55227e-17
1.17163e-17
1.02072e-15
1.62453e-15
6.63318e-16
1.89364e-18
7.63848e-17
2.76357e-16
2.6894e-17
6.08462e-17
1.14542e-17
3.14104e-18
1.08489e-17
6.58306e-17
