60
120
0.0191714
0.0194878
0.0185979
0.0174479
0.0161054
0.0152234
0.0139137
0.0120449
0.0107662
0.00941163
0.00788781
0.00681978
0.00586061
0.00491058
0.00407709
0.00350372
0.00297101
0.00255645
0.00192667
0.00168472
0.00138013
0.00117895
0.000979098
0.000778199
0.000689301
0.000511785
0.000434164
0.000381101
0.000322623
0.000286955
0.000219603
0.000171606
0.000148797
0.000142615
0.000110857
8.57542e-05
6.97553e-05
6.3248e-05
5.2645e-05
4.64356e-05
3.72393e-05
3.51628e-05
2.47612e-05
2.04692e-05
1.82235e-05
1.17203e-05
1.37642e-05
1.15635e-05
9.04358e-06
7.73902e-06
7.15764e-06
5.3873e-06
5.5616e-06
3.71899e-06
3.30593e-06
4.00861e-06
2.59348e-06
1.7174e-06
1.43912e-06
1.21067e-06
1.27579e-06
1.33441e-06
9.04643e-07
6.06296e-07
7.69312e-07
3.29762e-07
4.2208e-07
4.77654e-07
4.01021e-07
4.05858e-07
3.09118e-07
2.24746e-07
2.82426e-07
1.19722e-07
1.9961e-07
8.58537e-08
5.22093e-08
1.18323e-07
6.8079e-08
4.97867e-08
4.97741e-08
3.48492e-08
4.72709e-08
2.84846e-08
2.07534e-08
1.68043e-08
1.98628e-08
1.60259e-08
2.89819e-08
1.56086e-08
2.23568e-08
8.22099e-09
6.15524e-09
1.47392e-08
3.83274e-09
4.89073e-09
4.69169e-09
8.65722e-09
5.70339e-09
1.96453e-09
5.47361e-09
3.56723e-09
2.39112e-09
1.81322e-09
2.44805e-09
1.02219e-09
2.66385e-09
6.37478e-10
2.19564e-10
1.5909e-09
2.91823e-09
1.37642e-09
1.09724e-10
4.57303e-10
1.18743e-09
1.48416e-10
5.35837e-10
1.95229e-10
8.67681e-11
1.74355e-10
2.44431e-10
