60
120
0.0577703
0.0564781
0.0554996
0.0539647
0.0534831
0.0506963
0.0470222
0.0441614
0.0409266
0.037323
0.0348876
0.0314
0.0281635
0.0269724
0.0233557
0.021607
0.0196667
0.017876
0.0155688
0.0141922
0.0122142
0.0115493
0.0104576
0.00956374
0.00819611
0.007394
0.00682977
0.00614745
0.00531371
0.00480768
0.00449788
0.00386956
0.003565
0.00311202
0.00278279
0.0026676
0.00226686
0.00205711
0.00183599
0.0017234
0.00156959
0.00137934
0.0012673
0.00107886
0.00103363
0.000916713
0.000845273
0.000758787
0.000691243
0.000625774
0.000594005
0.000534723
0.000464811
0.000419948
0.000380264
0.000378493
0.000327881
0.000291375
0.000270209
0.00024661
0.000217733
0.000186585
0.000189634
0.000151069
0.000152839
0.000141036
0.000125276
0.000107135
0.000111847
9.57733e-05
8.92366e-05
8.29401e-05
7.71429e-05
6.50102e-05
6.30383e-05
5.75506e-05
5.01673e-05
5.11474e-05
4.40173e-05
4.13818e-05
3.75702e-05
3.58159e-05
3.17938e-05
3.01086e-05
2.42297e-05
2.28385e-05
2.21481e-05
2.15058e-05
2.13782e-05
1.78295e-05
1.53869e-05
1.4256e-05
1.44202e-05
1.15262e-05
1.35859e-05
1.01424e-05
9.07253e-06
9.68722e-06
8.14847e-06
6.89321e-06
6.64279e-06
6.21561e-06
5.40043e-06
6.31127e-06
4.86707e-06
5.34798e-06
4.61507e-06
4.28433e-06
3.18236e-06
3.53535e-06
3.25471e-06
2.48485e-06
3.52329e-06
2.61435e-06
2.38158e-06
2.51346e-06
1.82842e-06
2.1779e-06
1.44974e-06
1.99082e-06
1.73526e-06
