60
120
0.0908707
0.0842316
0.0720141
0.0583292
0.0446034
0.0339414
0.0253989
0.0188331
0.0143069
0.010637
0.00806398
0.00626429
0.00466774
0.00363621
0.00278198
0.00212525
0.00165488
0.00130923
0.00101475
0.00083937
0.000679052
0.000514679
0.000421402
0.000348392
0.000263949
0.000222244
0.000188635
0.000143995
0.000113152
9.21029e-05
7.77447e-05
6.20717e-05
5.29428e-05
4.14503e-05
3.67311e-05
3.01944e-05
2.40275e-05
1.97943e-05
1.66272e-05
1.42737e-05
1.10614e-05
1.02542e-05
8.61948e-06
6.52425e-06
5.57971e-06
4.45971e-06
3.98337e-06
4.43528e-06
2.88065e-06
2.33715e-06
2.10902e-06
1.88102e-06
1.31931e-06
1.26727e-06
1.21408e-06
9.67507e-07
6.99814e-07
6.80591e-07
6.29329e-07
4.77371e-07
4.31914e-07
3.17087e-07
3.65002e-07
3.77179e-07
3.23539e-07
2.22913e-07
1.59498e-07
1.33316e-07
1.20322e-07
1.27341e-07
1.0334e-07
8.92714e-08
7.16033e-08
5.45245e-08
6.097e-08
3.97599e-08
3.75924e-08
3.70574e-08
3.25053e-08
3.0925e-08
2.05767e-08
2.55787e-08
2.19399e-08
1.66601e-08
1.47812e-08
2.10795e-08
8.00205e-09
8.22075e-09
6.15528e-09
5.50296e-09
4.24299e-09
8.10696e-09
6.60792e-09
2.93914e-09
4.28601e-09
5.95876e-09
2.0838e-09
2.25441e-09
2.8536e-09
1.13859e-09
2.32795e-09
1.93508e-09
8.20074e-10
1.1483e-09
1.213e-09
1.04798e-09
4.42592e-10
3.84953e-10
2.79485e-09
3.40761e-09
3.1615e-10
8.53656e-10
1.93662e-10
1.17068e-09
1.21741e-10
1.62609e-10
3.20776e-10
2.4201e-10
5.78679e-11
1.84887e-10
1.5911e-10
