 0.5	 0.14400000000000002	 0.32441592364995836 
 1.	 0.14400000000000002	 0.2688878340065885 
 1.5	 0.14400000000000002	 0.21521451158956148 
 2.	 0.14400000000000002	 0.17527870483633873 
 2.5	 0.14400000000000002	 0.14793904500374905 
 3.	 0.14400000000000002	 0.12939665825722163 
 3.5	 0.14400000000000002	 0.11649905006362606 
 4.	 0.14400000000000002	 0.10722031035785119 
 4.5	 0.14400000000000002	 0.10030983919110663 
 5.	 0.14400000000000002	 0.0949959886519958 
 0.5	 0.154	 0.44240410286323445 
 1.	 0.154	 0.3802011110300984 
 1.5	 0.154	 0.31677394045759205 
 2.	 0.154	 0.2667487299236885 
 2.5	 0.154	 0.23068328622395037 
 3.	 0.154	 0.20514034790443508 
 3.5	 0.154	 0.18680446960715902 
 4.	 0.154	 0.17330665438613746 
 4.5	 0.154	 0.1630928228824477 
 5.	 0.154	 0.15514765879369866 
 0.5	 0.164	 0.5378295711895729 
 1.	 0.164	 0.4740661545489377 
 1.5	 0.164	 0.4063799241879516 
 2.	 0.164	 0.35088488337682466 
 2.5	 0.164	 0.3091983683769695 
 3.	 0.164	 0.2786859143293683 
 3.5	 0.164	 0.2561969755034101 
 4.	 0.164	 0.23932381101223443 
 4.5	 0.164	 0.2263626003783867 
 5.	 0.164	 0.21617308409509073 
 0.5	 0.17400000000000002	 0.6102668807990201 
 1.	 0.17400000000000002	 0.5474840985211356 
 1.5	 0.17400000000000002	 0.4792266534573744 
 2.	 0.17400000000000002	 0.42139221213226524 
 2.5	 0.17400000000000002	 0.37660878606487763 
 3.	 0.17400000000000002	 0.34303814452475984 
 3.5	 0.17400000000000002	 0.3177953226799567 
 4.	 0.17400000000000002	 0.29853965813839495 
 4.5	 0.17400000000000002	 0.28355825013905367 
 5.	 0.17400000000000002	 0.2716721577077375 
 0.5	 0.184	 0.6642681030248593 
 1.	 0.184	 0.6036332807138457 
 1.5	 0.184	 0.5365412339406177 
 2.	 0.184	 0.4780844631173435 
 2.5	 0.184	 0.43194255458796843 
 3.	 0.184	 0.39664575677466024 
 3.5	 0.184	 0.36966350561686073 
 4.	 0.184	 0.34883268950881247 
 4.5	 0.184	 0.3324670240222244 
 5.	 0.184	 0.3193767529659209 
 0.5	 0.194	 0.7049554272745989 
 1.	 0.194	 0.646825162735339 
 1.5	 0.194	 0.5814324341169902 
 2.	 0.194	 0.5234181539839942 
 2.5	 0.194	 0.47683551126130175 
 3.	 0.194	 0.44066535569826054 
 3.5	 0.194	 0.41266637400365147 
 4.	 0.194	 0.39082953551827 
 4.5	 0.194	 0.373532613578036 
 5.	 0.194	 0.3596084983058411 
 0.5	 0.20400000000000001	 0.7364659076066982 
 1.	 0.20400000000000001	 0.681000663619097 
 1.5	 0.20400000000000001	 0.6173561406251161 
 2.	 0.20400000000000001	 0.5602377573799118 
 2.5	 0.20400000000000001	 0.5137441006183094 
 3.	 0.20400000000000001	 0.47720394427239576 
 3.5	 0.20400000000000001	 0.4486258075581334 
 4.	 0.20400000000000001	 0.42615472810447025 
 4.5	 0.20400000000000001	 0.40823456405744896 
 5.	 0.20400000000000001	 0.39373046020611535 
 0.5	 0.21400000000000002	 0.7615469429179963 
 1.	 0.21400000000000002	 0.7086096472561388 
 1.5	 0.21400000000000002	 0.6469562433720193 
 2.	 0.21400000000000002	 0.5909492774863303 
 2.5	 0.21400000000000002	 0.5448352200607408 
 3.	 0.21400000000000002	 0.5081961377064623 
 3.5	 0.21400000000000002	 0.4793521447158058 
 4.	 0.21400000000000002	 0.4564870786370248 
 4.5	 0.21400000000000002	 0.43814931833734505 
 5.	 0.21400000000000002	 0.42323717597582255 
 0.5	 0.224	 0.7825728945898625 
 1.	 0.224	 0.7317359664660762 
 1.5	 0.224	 0.672099845194277 
 2.	 0.224	 0.6173111375448469 
 2.5	 0.224	 0.571759600849876 
 3.	 0.224	 0.535237211788376 
 3.5	 0.224	 0.5062793653760955 
 4.	 0.224	 0.4831827414921103 
 4.5	 0.224	 0.46456553851072346 
 5.	 0.224	 0.44936465030720874 
 0.5	 0.234	 0.80064253995383 
 1.	 0.234	 0.7515765368488483 
 1.5	 0.234	 0.6940159494387884 
 2.	 0.234	 0.6405029136183747 
 2.5	 0.234	 0.5956114524926335 
 3.	 0.234	 0.5593528975814318 
 3.5	 0.234	 0.5304084986888703 
 4.	 0.234	 0.5071962166718638 
 4.5	 0.234	 0.48840064547549056 
 5.	 0.234	 0.47299726386170604 
 0.5	 0.24400000000000002	 0.8161694070750773 
 1.	 0.24400000000000002	 0.7692826714194017 
 1.5	 0.24400000000000002	 0.7134762399548858 
 2.	 0.24400000000000002	 0.6612730802240949 
 2.5	 0.24400000000000002	 0.617126894785502 
 3.	 0.24400000000000002	 0.581219566531476 
 3.5	 0.24400000000000002	 0.55238257914203 
 4.	 0.24400000000000002	 0.5291408953087088 
 4.5	 0.24400000000000002	 0.5102431689577243 
 5.	 0.24400000000000002	 0.4947025044998142 
 0.5	 0.254	 0.8299148153730408 
 1.	 0.254	 0.7849018896425051 
 1.5	 0.254	 0.7309512151645823 
 2.	 0.254	 0.680070075044667 
 2.5	 0.254	 0.6367230831581524 
 3.	 0.254	 0.6012359829132018 
 3.5	 0.254	 0.572579956116964 
 4.	 0.254	 0.5493764200424373 
 4.5	 0.254	 0.5304370022988854 
 5.	 0.254	 0.5148120593127582 
 0.5	 0.264	 0.8419616744802396 
 1.	 0.264	 0.7989046309237524 
 1.5	 0.264	 0.7467254263838592 
 2.	 0.264	 0.6971605307220482 
 2.5	 0.264	 0.6546083850554936 
 3.	 0.264	 0.6196308077517058 
 3.5	 0.264	 0.5912121405595548 
 4.	 0.264	 0.568099210353429 
 4.5	 0.264	 0.5491665827738701 
 5.	 0.264	 0.5335003886776969 
 0.5	 0.274	 0.8529702324990234 
 1.	 0.274	 0.8114483322354084 
 1.5	 0.274	 0.7609715952902762 
 2.	 0.274	 0.7127300645102427 
 2.5	 0.274	 0.6710069947390597 
 3.	 0.274	 0.636534838638696 
 3.5	 0.274	 0.6083932610982374 
 4.	 0.274	 0.5854138968681982 
 4.5	 0.274	 0.5665271453132279 
 5.	 0.274	 0.5508549103270495 
 0.5	 0.28400000000000003	 0.8626865702006128 
 1.	 0.28400000000000003	 0.8226939943868488 
 1.5	 0.28400000000000003	 0.7738555824421635 
 2.	 0.28400000000000003	 0.7268627217319424 
 2.5	 0.28400000000000003	 0.685985862458947 
 3.	 0.28400000000000003	 0.6520382006225579 
 3.5	 0.28400000000000003	 0.6242019795555007 
 4.	 0.28400000000000003	 0.6013875601028565 
 4.5	 0.28400000000000003	 0.5825770876805024 
 5.	 0.28400000000000003	 0.5669271419487304 
 0.5	 0.29400000000000004	 0.87122496055788 
 1.	 0.29400000000000004	 0.8326595527583718 
 1.5	 0.29400000000000004	 0.785411515441835 
 2.	 0.29400000000000004	 0.739622615045819 
 2.5	 0.29400000000000004	 0.6996411718076945 
 3.	 0.29400000000000004	 0.6662260588153264 
 3.5	 0.29400000000000004	 0.6387110790714807 
 4.	 0.29400000000000004	 0.6160835808071611 
 4.5	 0.29400000000000004	 0.5973724769964401 
 5.	 0.29400000000000004	 0.581766994273894 
 0.5	 0.304	 0.8788085289712455 
 1.	 0.304	 0.8417353137709063 
 1.5	 0.304	 0.7958921370372011 
 2.	 0.304	 0.7512536464195332 
 2.5	 0.304	 0.7120789966113915 
 3.	 0.304	 0.6791908949351622 
 3.5	 0.304	 0.6520082184401269 
 4.	 0.304	 0.6295814399029417 
 4.5	 0.304	 0.6109862904466304 
 5.	 0.304	 0.5954421428773456 
 0.5	 0.314	 0.8856461407820817 
 1.	 0.314	 0.8498514482365476 
 1.5	 0.314	 0.8053627146480566 
 2.	 0.314	 0.7618138488538018 
 2.5	 0.314	 0.7234194301675198 
 3.	 0.314	 0.6910485356001465 
 3.5	 0.314	 0.6642003863229307 
 4.	 0.314	 0.64198325076015 
 4.5	 0.314	 0.6235155782397146 
 5.	 0.314	 0.6080451733246773 
 0.5	 0.324	 0.8918946300216088 
 1.	 0.324	 0.8571367268856134 
 1.5	 0.324	 0.8139573550369149 
 2.	 0.324	 0.7714438207688331 
 2.5	 0.324	 0.7337892755707245 
 3.	 0.324	 0.7019301983233427 
 3.5	 0.324	 0.675414668908465 
 4.	 0.324	 0.653412119283016 
 4.5	 0.324	 0.6350798672529803 
 5.	 0.324	 0.6196907317445389 
 0.5	 0.334	 0.8973843291299062 
 1.	 0.334	 0.8638872059850604 
 1.5	 0.334	 0.8218849553384139 
 2.	 0.334	 0.7802792215495754 
 2.5	 0.334	 0.7433449585091934 
 3.	 0.334	 0.7119716953971117 
 3.5	 0.334	 0.6857906492036813 
 4.	 0.334	 0.6640049985620851 
 4.5	 0.334	 0.6458137568321332 
 5.	 0.334	 0.6305143149020017 
 0.5	 0.34400000000000003	 0.9024369708554587 
 1.	 0.34400000000000003	 0.86998667877396 
 1.5	 0.34400000000000003	 0.8290901627058971 
 2.	 0.34400000000000003	 0.7884543296345908 
 2.5	 0.34400000000000003	 0.7522119279747976 
 3.	 0.34400000000000003	 0.7213212120052485 
 3.5	 0.34400000000000003	 0.6954675617700499 
 4.	 0.34400000000000003	 0.673905921106308 
 4.5	 0.34400000000000003	 0.6558564248758446 
 5.	 0.34400000000000003	 0.640652041655222 
 0.5	 0.35400000000000004	 0.907090174488137 
 1.	 0.35400000000000004	 0.8756331852196646 
 1.5	 0.35400000000000004	 0.8358189968896871 
 2.	 0.35400000000000004	 0.7960727327005299 
 2.5	 0.35400000000000004	 0.7605213095196088 
 3.	 0.35400000000000004	 0.7301078725237357 
 3.5	 0.35400000000000004	 0.7045741024806174 
 4.	 0.35400000000000004	 0.6832338897163813 
 4.5	 0.35400000000000004	 0.6653358267014312 
 5.	 0.35400000000000004	 0.6502356137000882 
 0.5	 0.364	 0.9114156873574344 
 1.	 0.364	 0.8809093589835223 
 1.5	 0.364	 0.8421373256003941 
 2.	 0.364	 0.8033247103226804 
 2.5	 0.364	 0.7684197008152135 
 3.	 0.364	 0.73846558639515 
 3.5	 0.364	 0.7132294253828455 
 4.	 0.364	 0.6921145127874431 
 4.5	 0.364	 0.674371201962368 
 5.	 0.364	 0.6593769510661617 
 0.5	 0.374	 0.9154678145089068 
 1.	 0.374	 0.885876965894496 
 1.5	 0.374	 0.8481151709722925 
 2.	 0.374	 0.8101614142571436 
 2.5	 0.374	 0.7759069170781874 
 3.	 0.374	 0.7464209799210034 
 3.5	 0.374	 0.7215180630924886 
 4.	 0.374	 0.7006266514737404 
 4.5	 0.374	 0.6830462871549122 
 5.	 0.374	 0.6681635054459021 
 0.5	 0.384	 0.919242196557295 
 1.	 0.384	 0.8905020417819984 
 1.5	 0.384	 0.8537608460934697 
 2.	 0.384	 0.816654186486415 
 2.5	 0.384	 0.7830373016964488 
 3.	 0.384	 0.7540279243615723 
 3.5	 0.384	 0.7294846639896904 
 4.	 0.384	 0.7088247022865011 
 4.5	 0.384	 0.6914128727682276 
 5.	 0.384	 0.6766471047092013 
 0.5	 0.394	 0.9228376588042164 
 1.	 0.394	 0.8949885184522312 
 1.5	 0.394	 0.8591685797643117 
 2.	 0.394	 0.8228867704121869 
 2.5	 0.394	 0.789905379120801 
 3.	 0.394	 0.7613611398672275 
 3.5	 0.394	 0.7371517124137187 
 4.	 0.394	 0.7167299281868039 
 4.5	 0.394	 0.699485643504615 
 5.	 0.394	 0.6848434002511147 
 0.5	 0.404	 0.9259700062317743 
 1.	 0.404	 0.8988834561616621 
 1.5	 0.404	 0.8639160836163765 
 2.	 0.404	 0.828371487493152 
 2.5	 0.404	 0.7959596932831516 
 3.	 0.404	 0.7678344746332121 
 3.5	 0.404	 0.7439218102304154 
 4.	 0.404	 0.7237243720822927 
 4.5	 0.404	 0.7066334241654006 
 5.	 0.404	 0.6921097776968026 
 0.5	 0.41400000000000003	 0.9290108207292166 
 1.	 0.41400000000000003	 0.9026832013233975 
 1.5	 0.41400000000000003	 0.8685698236321441 
 2.	 0.41400000000000003	 0.8337693441176411 
 2.5	 0.41400000000000003	 0.8019372279606976 
 3.	 0.41400000000000003	 0.7742342969880434 
 3.5	 0.41400000000000003	 0.7506420810191915 
 4.	 0.41400000000000003	 0.7306707783310186 
 4.5	 0.41400000000000003	 0.7137547133387231 
 5.	 0.41400000000000003	 0.6993393179773443 
 0.5	 0.424	 0.9319239584579216 
 1.	 0.424	 0.9063158688916754 
 1.5	 0.424	 0.8729625318534585 
 2.	 0.424	 0.8388655579624424 
 2.5	 0.424	 0.8076022233852741 
 3.	 0.424	 0.7803560607209227 
 3.5	 0.424	 0.7570653943230151 
 4.	 0.424	 0.7373138759679253 
 4.5	 0.424	 0.7205472268669288 
 5.	 0.424	 0.7062523005840569 
 0.5	 0.434	 0.934520600381383 
 1.	 0.434	 0.9096155977252386 
 1.5	 0.434	 0.8771134692864273 
 2.	 0.434	 0.8437278630467402 
 2.5	 0.434	 0.8130075015538956 
 3.	 0.434	 0.7861443376704859 
 3.5	 0.434	 0.7631605255321394 
 4.	 0.434	 0.7436344087691213 
 4.5	 0.434	 0.7270338009782085 
 5.	 0.434	 0.7128675347075715 
 0.5	 0.444	 0.9370199312742007 
 1.	 0.444	 0.9127822427186808 
 1.5	 0.444	 0.8810401618210179 
 2.	 0.444	 0.848327008811388 
 2.5	 0.444	 0.818139332913133 
 3.	 0.444	 0.7916780691481123 
 3.5	 0.444	 0.7689923611727085 
 4.	 0.444	 0.7497032940261507 
 4.5	 0.444	 0.7332493973679429 
 5.	 0.444	 0.7191954441214302 
 0.5	 0.454	 0.939366699698253 
 1.	 0.454	 0.9157688996922331 
 1.5	 0.454	 0.8847585829167838 
 2.	 0.454	 0.8526958775408823 
 2.5	 0.454	 0.8230257094095841 
 3.	 0.454	 0.7969572480602958 
 3.5	 0.454	 0.7745640928167465 
 4.	 0.454	 0.7554742322555943 
 4.5	 0.454	 0.7391995406850861 
 5.	 0.454	 0.7252666098745735 
 0.5	 0.464	 0.9416236925473954 
 1.	 0.464	 0.9185889132074012 
 1.5	 0.464	 0.8882834402432551 
 2.	 0.464	 0.8568495135914279 
 2.5	 0.464	 0.827673018606106 
 3.	 0.464	 0.8019976953818256 
 3.5	 0.464	 0.7798914687151728 
 4.	 0.464	 0.7610156454385424 
 4.5	 0.464	 0.7449010118743016 
 5.	 0.464	 0.7310899310607075 
 0.5	 0.47400000000000003	 0.943665469069173 
 1.	 0.47400000000000003	 0.9212729882286557 
 1.5	 0.47400000000000003	 0.8916467267487213 
 2.	 0.47400000000000003	 0.8608199564507376 
 2.5	 0.47400000000000003	 0.8321485667626849 
 3.	 0.47400000000000003	 0.80683283930587 
 3.5	 0.47400000000000003	 0.7849891777335777 
 4.	 0.47400000000000003	 0.7663246519208181 
 4.5	 0.47400000000000003	 0.7503680207700676 
 5.	 0.47400000000000003	 0.7366769417469948 
 0.5	 0.48400000000000004	 0.9456193160929687 
 1.	 0.48400000000000004	 0.9237932252039897 
 1.5	 0.48400000000000004	 0.8947865125755112 
 2.	 0.48400000000000004	 0.8645837403042183 
 2.5	 0.48400000000000004	 0.8363872197972927 
 3.	 0.48400000000000004	 0.8114370714677515 
 3.5	 0.48400000000000004	 0.7898704926750625 
 4.	 0.48400000000000004	 0.7714136265851343 
 4.5	 0.48400000000000004	 0.7556137771676794 
 5.	 0.48400000000000004	 0.7420431947695705 
 0.5	 0.494	 0.947461732778341 
 1.	 0.494	 0.9261800233560974 
 1.5	 0.494	 0.8978063794813451 
 2.	 0.494	 0.8681717029113464 
 2.5	 0.494	 0.8404365989458437 
 3.	 0.494	 0.8158260201653269 
 3.5	 0.494	 0.7945480566996805 
 4.	 0.494	 0.7762952601293212 
 4.5	 0.494	 0.7606505723356739 
 5.	 0.494	 0.7472041998423081 
 0.5	 0.504	 0.9492007642448813 
 1.	 0.504	 0.9284424234152157 
 1.5	 0.504	 0.9006798132042856 
 2.	 0.504	 0.8715948759077399 
 2.5	 0.504	 0.8443081514157448 
 3.	 0.504	 0.8200410611576558 
 3.5	 0.504	 0.7990334990653235 
 4.	 0.504	 0.7809811902070581 
 4.5	 0.504	 0.7654973831835782 
 5.	 0.504	 0.7521604478655796 
 0.5	 0.514	 0.9508436269351411 
 1.	 0.514	 0.9305891291418873 
 1.5	 0.514	 0.9034448786413533 
 2.	 0.514	 0.8748634374348926 
 2.5	 0.514	 0.848012468945864 
 3.	 0.514	 0.8241016127516333 
 3.5	 0.514	 0.8033497737692048 
 4.	 0.514	 0.785482808442866 
 4.5	 0.514	 0.7701494924955133 
 5.	 0.514	 0.7569286881830567 
 0.5	 0.524	 0.9523973063593484 
 1.	 0.524	 0.932627707148382 
 1.5	 0.524	 0.9060234924064069 
 2.	 0.524	 0.8779867899606151 
 2.5	 0.524	 0.8515593630288266 
 3.	 0.524	 0.8279704135500036 
 3.5	 0.524	 0.8074702941931808 
 4.	 0.524	 0.7898096867864572 
 4.5	 0.524	 0.7746247150607151 
 5.	 0.524	 0.7615187844230186 
 0.5	 0.534	 0.9538678152732903 
 1.	 0.534	 0.9345652494744053 
 1.5	 0.534	 0.9085105627733147 
 2.	 0.534	 0.8809736297134225 
 2.5	 0.534	 0.8549578327991533 
 3.	 0.534	 0.83169300188522 
 3.5	 0.534	 0.8114413127050875 
 4.	 0.534	 0.7939711755979886 
 4.5	 0.534	 0.7789257936250159 
 5.	 0.534	 0.7659357178409496 
 0.5	 0.544	 0.9552822637288889 
 1.	 0.544	 0.936408281523236 
 1.5	 0.544	 0.9108975873977124 
 2.	 0.544	 0.8838320094378899 
 2.5	 0.544	 0.8582165556882412 
 3.	 0.544	 0.8352676555453143 
 3.5	 0.544	 0.815258588768093 
 4.	 0.544	 0.7979760031903395 
 4.5	 0.544	 0.7830748447335317 
 5.	 0.544	 0.7701968166513486 
 0.5	 0.554	 0.9565814327160609 
 1.	 0.554	 0.938162895859887 
 1.5	 0.554	 0.9131646418571719 
 2.	 0.554	 0.8865693945426611 
 2.5	 0.554	 0.8613278987107156 
 3.	 0.554	 0.8387025204415499 
 3.5	 0.554	 0.8189314331151979 
 4.	 0.554	 0.8018323245355359 
 4.5	 0.554	 0.7870731189342571 
 5.	 0.554	 0.7743056932691919 
 0.5	 0.5640000000000001	 0.9578344906619124 
 1.	 0.5640000000000001	 0.939834473764117 
 1.5	 0.5640000000000001	 0.9153318070814936 
 2.	 0.5640000000000001	 0.8891927136796074 
 2.5	 0.5640000000000001	 0.8643308350502348 
 3.	 0.5640000000000001	 0.8420051063262068 
 3.5	 0.5640000000000001	 0.8224668548151871 
 4.	 0.5640000000000001	 0.8055477656777037 
 4.5	 0.5640000000000001	 0.7909291964310735 
 5.	 0.5640000000000001	 0.7782699168966236 
 0.5	 0.5740000000000001	 0.9590243599609846 
 1.	 0.5740000000000001	 0.9414282230805633 
 1.5	 0.5740000000000001	 0.9173938932771453 
 2.	 0.5740000000000001	 0.8917163956420789 
 2.5	 0.5740000000000001	 0.8672203646131628 
 3.	 0.5740000000000001	 0.8451824227034607 
 3.5	 0.5740000000000001	 0.8258719596691757 
 4.	 0.5740000000000001	 0.80912946417207 
 4.5	 0.5740000000000001	 0.794648244330058 
 5.	 0.5740000000000001	 0.7820965864819129 
 0.5	 0.584	 0.960155088323417 
 1.	 0.584	 0.9429488816063333 
 1.5	 0.584	 0.9193791279959612 
 2.	 0.584	 0.8941299581559023 
 2.5	 0.584	 0.8699891838384428 
 3.	 0.584	 0.8482403530432213 
 3.5	 0.584	 0.8291533952993917 
 4.	 0.584	 0.8125852133971367 
 4.5	 0.584	 0.7982379387420384 
 5.	 0.584	 0.7857923653096772 
 0.5	 0.594	 0.9612304852185516 
 1.	 0.594	 0.9444008360279504 
 1.5	 0.594	 0.9212808600073551 
 2.	 0.594	 0.8964474641326129 
 2.5	 0.594	 0.8726568615864724 
 3.	 0.594	 0.8511863986266704 
 3.5	 0.594	 0.8323173861011048 
 4.	 0.594	 0.8159189939503964 
 4.5	 0.594	 0.8017045548221199 
 5.	 0.594	 0.7893635125868393 
 0.5	 0.604	 0.962253855970726 
 1.	 0.604	 0.9457881525955258 
 1.5	 0.604	 0.92310379112498 
 2.	 0.604	 0.8986613516334522 
 2.5	 0.604	 0.875224373457594 
 3.	 0.604	 0.8540255747215346 
 3.5	 0.604	 0.8353709748707596 
 4.	 0.604	 0.8191378672094897 
 4.5	 0.604	 0.8050539866484966 
 5.	 0.604	 0.7928163646926775 
 0.5	 0.614	 0.9632284734404695 
 1.	 0.614	 0.9470989289767326 
 1.5	 0.614	 0.9248522972514022 
 2.	 0.614	 0.9008030396371141 
 2.5	 0.614	 0.8777536685763383 
 3.	 0.614	 0.8567648376954912 
 3.5	 0.614	 0.8383174618350936 
 4.	 0.614	 0.8222473568362003 
 4.5	 0.614	 0.8082917746699209 
 5.	 0.614	 0.7961555673736677 
 0.5	 0.624	 0.9641575209332085 
 1.	 0.624	 0.9483694757762652 
 1.5	 0.624	 0.9265381552938681 
 2.	 0.624	 0.9028631933356295 
 2.5	 0.624	 0.8800784025501683 
 3.	 0.624	 0.8594059146989951 
 3.5	 0.624	 0.841162585386676 
 4.	 0.624	 0.8252526539433898 
 4.5	 0.624	 0.8114231308958687 
 5.	 0.624	 0.7993856338710281 
 0.5	 0.634	 0.9650430780608279 
 1.	 0.634	 0.9495986916541463 
 1.5	 0.634	 0.9281491585737689 
 2.	 0.634	 0.904846817369951 
 2.5	 0.634	 0.882376844566429 
 3.	 0.634	 0.8619552175686868 
 3.5	 0.634	 0.8439115294134024 
 4.	 0.634	 0.828158640884482 
 4.5	 0.634	 0.8144529620348535 
 5.	 0.634	 0.8025137634364203 
 0.5	 0.644	 0.9658990014465799 
 1.	 0.644	 0.9507531732946302 
 1.5	 0.644	 0.9296982072079526 
 2.	 0.644	 0.9067562333397183 
 2.5	 0.644	 0.88459207512216 
 3.	 0.644	 0.8644171740731627 
 3.5	 0.644	 0.8465688302106785 
 4.	 0.644	 0.8309699130926246 
 4.5	 0.644	 0.8173858907659252 
 5.	 0.644	 0.8055434322794591 
 0.5	 0.654	 0.9666864532831991 
 1.	 0.654	 0.9518762631259192 
 1.5	 0.654	 0.9311864687024278 
 2.	 0.654	 0.9085960213798486 
 2.5	 0.654	 0.8867298957895734 
 3.	 0.654	 0.8667959448171759 
 3.5	 0.654	 0.8491387559753265 
 4.	 0.654	 0.8336900621008038 
 4.5	 0.654	 0.8202262753111745 
 5.	 0.654	 0.8084790088200556 
 0.5	 0.664	 0.967465752450839 
 1.	 0.664	 0.9529466450794059 
 1.5	 0.664	 0.932618164739517 
 2.	 0.664	 0.9103696571056317 
 2.5	 0.664	 0.8887940464353692 
 3.	 0.664	 0.8690954424242764 
 3.5	 0.664	 0.8516253256691024 
 4.	 0.664	 0.8363253792298092 
 4.5	 0.664	 0.822978227459433 
 5.	 0.664	 0.8113246175462013 
 0.5	 0.674	 0.9682015967257539 
 1.	 0.674	 0.953973859851546 
 1.5	 0.674	 0.9339947453794138 
 2.	 0.674	 0.912080400635539 
 2.5	 0.674	 0.8907880414118061 
 3.	 0.674	 0.8713193491340123 
 3.5	 0.674	 0.8540323263553522 
 4.	 0.674	 0.8388775021090851 
 4.5	 0.674	 0.8256450885007582 
 5.	 0.674	 0.8140841552594437 
 0.5	 0.684	 0.9689099100098075 
 1.	 0.684	 0.9549602103893112 
 1.5	 0.684	 0.9353220549246412 
 2.	 0.684	 0.9137313124599945 
 2.5	 0.684	 0.8927151857345059 
 3.	 0.684	 0.8734711329558473 
 3.5	 0.684	 0.8563633291354229 
 4.	 0.684	 0.841350800783046 
 4.5	 0.684	 0.8282316325428332 
 5.	 0.684	 0.8167623279178431 
 0.5	 0.6940000000000001	 0.9695838435208922 
 1.	 0.6940000000000001	 0.9559084925817429 
 1.5	 0.6940000000000001	 0.9366019883382788 
 2.	 0.6940000000000001	 0.9153243786618738 
 2.5	 0.6940000000000001	 0.8945785899485217 
 3.	 0.6940000000000001	 0.8755543582176016 
 3.5	 0.6940000000000001	 0.8586217038806379 
 4.	 0.6940000000000001	 0.843744325796929 
 4.5	 0.6940000000000001	 0.8307407594803671 
 5.	 0.6940000000000001	 0.8193605600977186 
 0.5	 0.7040000000000001	 0.9702310568978745 
 1.	 0.7040000000000001	 0.9568186783677791 
 1.5	 0.7040000000000001	 0.9378350692336384 
 2.	 0.7040000000000001	 0.9168649708408745 
 2.5	 0.7040000000000001	 0.896381183724608 
 3.	 0.7040000000000001	 0.8775715053913097 
 3.5	 0.7040000000000001	 0.8608106326935098 
 4.	 0.7040000000000001	 0.8460739791786769 
 4.5	 0.7040000000000001	 0.8331757492214048 
 5.	 0.7040000000000001	 0.8218831905461336 
 0.5	 0.714	 0.9708509547572893 
 1.	 0.714	 0.9576948595877591 
 1.5	 0.714	 0.9390233070592747 
 2.	 0.714	 0.9183532745320495 
 2.5	 0.714	 0.8981257284086205 
 3.	 0.714	 0.8795257915158654 
 3.5	 0.714	 0.8629331224391689 
 4.	 0.714	 0.8483306786588167 
 4.5	 0.714	 0.8355397064821493 
 5.	 0.714	 0.8243333443910333 
 0.5	 0.724	 0.9714453331989872 
 1.	 0.724	 0.9585381468826929 
 1.5	 0.724	 0.9401707060867067 
 2.	 0.724	 0.9197915084073512 
 2.5	 0.724	 0.8998148285407997 
 3.	 0.724	 0.8814199648555768 
 3.5	 0.724	 0.8649915637585261 
 4.	 0.724	 0.8505211996768676 
 4.5	 0.724	 0.8378355719747219 
 5.	 0.724	 0.8267139836044707 
 0.5	 0.734	 0.9720156832323096 
 1.	 0.734	 0.9593498674618529 
 1.5	 0.734	 0.9412784472058292 
 2.	 0.734	 0.9211832061085492 
 2.5	 0.734	 0.901450942469047 
 3.	 0.734	 0.8832566228509262 
 3.5	 0.734	 0.8669895736028586 
 4.	 0.734	 0.8526482921070191 
 4.5	 0.734	 0.8400661327697255 
 5.	 0.734	 0.8290269750711532 
 0.5	 0.744	 0.9725629768725238 
 1.	 0.744	 0.9601317669922651 
 1.5	 0.744	 0.9423484658746205 
 2.	 0.744	 0.9225299733717921 
 2.5	 0.744	 0.9030366749495605 
 3.	 0.744	 0.8850378043053504 
 3.5	 0.744	 0.8689292232558702 
 4.	 0.744	 0.8547145617509834 
 4.5	 0.744	 0.8422340319020165 
 5.	 0.744	 0.8312768831289358 
 0.5	 0.754	 0.9730885884845415 
 1.	 0.754	 0.9608853117557327 
 1.5	 0.754	 0.9433823380133928 
 2.	 0.754	 0.9238338347098534 
 2.5	 0.754	 0.9045737878768781 
 3.	 0.754	 0.8867666896224163 
 3.5	 0.754	 0.8708129253002381 
 4.	 0.754	 0.8567224791588673 
 4.5	 0.754	 0.8443417770762426 
 5.	 0.754	 0.833465281374926 
 0.5	 0.764	 0.9735936421497222 
 1.	 0.764	 0.961611881244162 
 1.5	 0.764	 0.944381839343199 
 2.	 0.764	 0.9250966122252785 
 2.5	 0.764	 0.9060645023097078 
 3.	 0.764	 0.8884450414582467 
 3.5	 0.764	 0.8726429675387205 
 4.	 0.764	 0.8586743890921021 
 4.5	 0.764	 0.8463917500034965 
 5.	 0.764	 0.835594574760185 
 0.5	 0.774	 0.9740791502560524 
 1.	 0.774	 0.9623127808542216 
 1.5	 0.774	 0.945348536875742 
 2.	 0.774	 0.9263201638684478 
 2.5	 0.774	 0.9075104161962047 
 3.	 0.774	 0.8900749499646622 
 3.5	 0.774	 0.8744215231074886 
 4.	 0.774	 0.8605725200623566 
 4.5	 0.774	 0.8483862153354302 
 5.	 0.774	 0.8376670508744758 
 0.5	 0.784	 0.9745462603400051 
 1.	 0.784	 0.9629892367621145 
 1.5	 0.784	 0.9462839088472909 
 2.	 0.784	 0.9275058467019872 
 2.5	 0.784	 0.9089138908813464 
 3.	 0.784	 0.8916588255313442 
 3.5	 0.784	 0.8761506531792495 
 4.	 0.784	 0.8624189878274009 
 4.5	 0.784	 0.8503273249139961 
 5.	 0.784	 0.8396848848668013 
 0.5	 0.794	 0.9749958989280639 
 1.	 0.794	 0.9636423989409408 
 1.5	 0.794	 0.9471893500566654 
 2.	 0.794	 0.9286559644369392 
 2.5	 0.794	 0.910276740758279 
 3.	 0.794	 0.8931975095737571 
 3.5	 0.794	 0.8778323117016025 
 4.	 0.794	 0.8642158001877213 
 4.5	 0.794	 0.8522171226245655 
 5.	 0.794	 0.8416501443513799 
 0.5	 0.804	 0.9754287090031699 
 1.	 0.804	 0.9642733506953026 
 1.5	 0.804	 0.9480658761756584 
 2.	 0.804	 0.929771675206195 
 2.5	 0.804	 0.9116003849614238 
 3.	 0.804	 0.8946938617045155 
 3.5	 0.804	 0.8794683551485009 
 4.	 0.804	 0.8659648662994698 
 4.5	 0.804	 0.8540575532306118 
 5.	 0.804	 0.8435647977749816 
 0.5	 0.8140000000000001	 0.9758458124763122 
 1.	 0.8140000000000001	 0.9648832803850034 
 1.5	 0.8140000000000001	 0.9489153534747565 
 2.	 0.8140000000000001	 0.9308546625601064 
 2.5	 0.8140000000000001	 0.9128882654504745 
 3.	 0.8140000000000001	 0.8961488391619596 
 3.5	 0.8140000000000001	 0.881060548343493 
 4.	 0.8140000000000001	 0.8676680024842038 
 4.5	 0.8140000000000001	 0.8558504681409932 
 5.	 0.8140000000000001	 0.8454307201273802 
 0.5	 0.8240000000000001	 0.9762472067369571 
 1.	 0.8240000000000001	 0.9654725621803212 
 1.5	 0.8240000000000001	 0.9497385204358987 
 2.	 0.8240000000000001	 0.9319057833732554 
 2.5	 0.8240000000000001	 0.9141366236850128 
 3.	 0.8240000000000001	 0.8975642942536354 
 3.5	 0.8240000000000001	 0.8826105698779142 
 4.	 0.8240000000000001	 0.8693269376402397 
 4.5	 0.8240000000000001	 0.8575976307865228 
 5.	 0.8240000000000001	 0.8472496982689453 
 0.5	 0.8340000000000001	 0.9766346671725464 
 1.	 0.8340000000000001	 0.9660428053260495 
 1.5	 0.8340000000000001	 0.9505367367640442 
 2.	 0.8340000000000001	 0.9329265884543723 
 2.5	 0.8340000000000001	 0.9153520963282145 
 3.	 0.8340000000000001	 0.8989431166451671 
 3.5	 0.8340000000000001	 0.8841200171649832 
 4.	 0.8340000000000001	 0.8709433182946084 
 4.5	 0.8340000000000001	 0.8593007216430661 
 5.	 0.8340000000000001	 0.8490234359108757 
 0.5	 0.844	 0.9770084410033785 
 1.	 0.844	 0.9665944263214107 
 1.5	 0.844	 0.9513109425218996 
 2.	 0.844	 0.9339183043921504 
 2.5	 0.844	 0.9165343049937565 
 3.	 0.844	 0.9002826753936395 
 3.5	 0.844	 0.8855916036155278 
 4.	 0.844	 0.8725187133030538 
 4.5	 0.844	 0.8609667929731206 
 5.	 0.844	 0.8507576255668644 
 0.5	 0.854	 0.9773691784667952 
 1.	 0.854	 0.9671285875613671 
 1.5	 0.854	 0.9520621401333297 
 2.	 0.854	 0.93488209565101 
 2.5	 0.854	 0.9176845403957706 
 3.	 0.854	 0.901588438660164 
 3.5	 0.854	 0.88702379158256 
 4.	 0.854	 0.8740617031137233 
 4.5	 0.854	 0.8625740373851402 
 5.	 0.854	 0.852436382282711 
 0.5	 0.864	 0.9777174934079729 
 1.	 0.864	 0.9676458887398082 
 1.5	 0.864	 0.952791280780101 
 2.	 0.864	 0.9358190691190541 
 2.5	 0.864	 0.9188040302994993 
 3.	 0.864	 0.9028603621450481 
 3.5	 0.864	 0.8884295668794832 
 4.	 0.864	 0.8755437378048982 
 4.5	 0.864	 0.8641543152933688 
 5.	 0.864	 0.8540839130245882 
 0.5	 0.874	 0.9780539653964729 
 1.	 0.874	 0.9681470610061025 
 1.5	 0.874	 0.9534994916438989 
 2.	 0.874	 0.936730275921616 
 2.5	 0.874	 0.9198939431880347 
 3.	 0.874	 0.9040997008892302 
 3.5	 0.874	 0.8897698546376384 
 4.	 0.874	 0.8770207242270887 
 4.5	 0.874	 0.8656965062209964 
 5.	 0.874	 0.8556922777077045 
 0.5	 0.884	 0.9783791421471595 
 1.	 0.884	 0.9686327971167007 
 1.5	 0.884	 0.9541871703443792 
 2.	 0.884	 0.9376167162996444 
 2.5	 0.884	 0.9209553916814004 
 3.	 0.884	 0.9053072777431039 
 3.5	 0.884	 0.8911186156954934 
 4.	 0.884	 0.8784607255273406 
 4.5	 0.884	 0.8672134651002612 
 5.	 0.884	 0.857267887002655 
 0.5	 0.894	 0.9786935414231472 
 1.	 0.894	 0.9691037536821082 
 1.5	 0.894	 0.9548553648638097 
 2.	 0.894	 0.9384793419277425 
 2.5	 0.894	 0.9219894356757782 
 3.	 0.894	 0.906484982506404 
 3.5	 0.894	 0.8924055749395079 
 4.	 0.894	 0.8798313946388755 
 4.5	 0.894	 0.8686789339866237 
 5.	 0.894	 0.8588018525730032 
 0.5	 0.904	 0.9789976529359647 
 1.	 0.904	 0.9695605522504365 
 1.5	 0.904	 0.9555048474412791 
 2.	 0.904	 0.9393190576505541 
 2.5	 0.904	 0.9229970858505611 
 3.	 0.904	 0.9076338974376063 
 3.5	 0.904	 0.8936692383491651 
 4.	 0.904	 0.8811908647476844 
 4.5	 0.904	 0.8701145116041742 
 5.	 0.904	 0.8603005304889512 
 0.5	 0.914	 0.9792919400875145 
 1.	 0.914	 0.9700037827062968 
 1.5	 0.914	 0.9561363526576993 
 2.	 0.914	 0.9401367255795342 
 2.5	 0.914	 0.9239793057899885 
 3.	 0.914	 0.9087543224965423 
 3.5	 0.914	 0.8949032733742368 
 4.	 0.914	 0.8825171079306818 
 4.5	 0.914	 0.8715331120464294 
 5.	 0.914	 0.8617651038336811 
 0.5	 0.924	 0.9795768415886211 
 1.	 0.924	 0.9704340060627713 
 1.5	 0.924	 0.9567505803867095 
 2.	 0.924	 0.940933168124821 
 2.5	 0.924	 0.924937014334334 
 3.	 0.924	 0.9098476200261498 
 3.5	 0.924	 0.8961081397434756 
 4.	 0.924	 0.8838130718869678 
 4.5	 0.924	 0.8728874407270155 
 5.	 0.924	 0.8631970163702236 
 0.5	 0.934	 0.979852772963999 
 1.	 0.934	 0.9708517551118263 
 1.5	 0.934	 0.9573482459676969 
 2.	 0.934	 0.9417091688632423 
 2.5	 0.934	 0.9258710886181357 
 3.	 0.934	 0.9109147378958118 
 3.5	 0.934	 0.8972848366865455 
 4.	 0.934	 0.8850793149261494 
 4.5	 0.934	 0.8742269690553344 
 5.	 0.934	 0.8645967219019995 
