60
120
0.9999999999999999
0.9588402806901435
0.858865818822993
0.7397441595306276
0.6283992725100528
0.5398567323879886
0.4589963667005478
0.39622343411430694
0.3474431708144398
0.30740295128583484
0.2745991106220642
0.24342460089785356
0.21777483481346216
0.19850394210831246
0.177480505517305
0.16394673230052115
0.1485525390637841
0.138623520862805
0.12644128625328255
0.11761300081218436
0.11007120421800787
0.10174709146587173
0.09469673801031762
0.08913811820480025
0.08338962065787445
0.07588854080676843
0.07402376535069208
0.06909890992892652
0.06558481460031959
0.06014582823916922
0.05712468362108196
0.0537977255393813
0.05225300757798801
0.04904329511496246
0.046395482550411565
0.04361794954187396
0.04172163167269274
0.03958806895655336
0.03818959778728781
0.035477754473881254
0.03433820974335666
0.03336211319627959
0.031042971040627813
0.030577168117829085
0.02835379284775866
0.027142513303329112
0.025526917160303166
0.025224134115094478
0.023689394106367855
0.023200032668556997
0.022110220579268678
0.02031675873500871
0.020150544925328615
0.019187594688946406
0.018899000816320746
0.017679057496874387
0.017389136934638703
0.01706006021795061
0.016059276204970323
0.015862733058278792
0.014757505072080951
0.014001442399156093
0.013759392984724027
0.013173469189885044
0.013063268860058418
0.011557233771356295
0.012131355259582177
0.010981044527215648
0.010646327904784645
0.010202325917666864
0.01014782272756327
0.010134820836629562
0.009888507739640449
0.009209584991095478
0.008883461579476845
0.008234002981545129
0.00825142478372777
0.008150686412298977
0.007410568515192626
0.00751020426545492
0.007266203959114789
0.007159249510218454
0.006779525506591562
0.00657489600295339
0.006142407420883563
0.00602312258749528
0.00535773730656716
0.005899438794142099
0.005609822916484869
0.005749003903986788
0.005239269044183489
0.005262859002122683
0.004905055155747929
0.005018019952625938
0.004442511155988081
0.0042459784227041756
0.004496000633631606
0.004359682159005371
0.00395555558039355
0.00397857409133408
0.003727161729405594
0.0035528373765957096
0.0034026838028322183
0.0035033223255723483
0.0034016519625420074
0.0033495104538906256
0.0033511648867828514
0.003324660662764874
0.003047139296213507
0.0030411265941772845
0.0030116277619284346
0.0027239233618301323
0.0026074811757202947
0.002796018950371372
0.0024773054205403985
0.0028484517520159535
0.0024795993174164584
0.0022403612375904453
0.0021837300789941225
0.0022200208352535704
0.002266748285662484