60
120
1.
0.9927674662236544
0.9836313696562303
0.961358581203973
0.939547542765908
0.9020831308372566
0.8707293809019009
0.8308281852302997
0.7975334798660922
0.7532606388561011
0.7252367540613062
0.6841632345511849
0.6497566467424565
0.6180960868240287
0.5869113512744998
0.5573470784722344
0.5272551790845823
0.5084426149561454
0.47996097335575566
0.4571214495524086
0.4401121189543235
0.4183333967844437
0.3994123674749159
0.38523934952055394
0.36727432307070584
0.34892690246783825
0.3350483131073093
0.3188475638732287
0.3097612329101032
0.29670783513683296
0.28713669689634796
0.27723877900803673
0.2663619686088827
0.25585349738028335
0.24462318100967786
0.23587184992610752
0.2308279053856348
0.2231511741515674
0.21559221279683116
0.20732887281853818
0.19993639415032421
0.19708952211880443
0.1899112351252769
0.18356875120128952
0.17677147613870456
0.17422310975351937
0.16547659380485819
0.16388929129433358
0.16047556542940933
0.1510024774107028
0.15187119722053816
0.14290506680980786
0.14214298246862664
0.13796406650052584
0.13424022921404796
0.12958284122645491
0.12737902386727554
0.12257482879360292
0.12286976559377016
0.11708548596026265
0.11394613306809645
0.11086524452612043
0.10915302899064387
0.10474113393647824
0.10364709587945681
0.10163439547403788
0.09907542407142528
0.09810016116020524
0.09547954034513587
0.09227272071805658
0.08792282247467248
0.08743691101941957
0.08447110129576713
0.08412863868457256
0.08322283535919252
0.08248187650263321
0.07839666282301738
0.07820420906548475
0.07349962244629635
0.0731968388998066
0.07186743021322604
0.07060250378680999
0.06945528108512011
0.06760322635129386
0.06642545356793736
0.06412873034437612
0.06340343636281784
0.060681355548858555
0.06215458887439948
0.05761895460278146
0.05852555240650408
0.05557029339727464
0.054442013830395014
0.05381188094306683
0.052360526786697635
0.053546264781955316
0.05374449200507586
0.050911030672512424
0.0495971724496149
0.050470503666504164
0.04991716191188191
0.04757439419934862
0.04634336397471822
0.04609834868892459
0.04503983277645494
0.04315108224621648
0.04344455960677466
0.04069423650674263
0.04201469440958839
0.04128773717965683
0.03977200378053381
0.03941362510183145
0.037010228265816174
0.037647750283070144
0.036804166264196685
0.03669363248583973
0.03562854610595244
0.0356796201388497
0.03425905286588942
0.0344819541051941
0.03336830249047769