60
120
0.0521104
0.0489108
0.0412419
0.0326175
0.0254965
0.019599
0.0148003
0.0113967
0.00875728
0.00690933
0.005302
0.00421125
0.00335309
0.00274192
0.00212299
0.00170815
0.00139492
0.00112545
0.000961173
0.000769624
0.000633174
0.000514067
0.000444576
0.000369301
0.000285523
0.000227506
0.000237946
0.000194317
0.000152868
0.000117616
0.000102121
0.000102009
7.89721e-05
6.47026e-05
5.97882e-05
5.25674e-05
3.82551e-05
3.0817e-05
3.55814e-05
2.4873e-05
2.48399e-05
2.18136e-05
1.90033e-05
1.44707e-05
1.80031e-05
1.04164e-05
9.73933e-06
8.32529e-06
1.00204e-05
6.32642e-06
7.16602e-06
4.60629e-06
4.35245e-06
4.04235e-06
4.33779e-06
4.9226e-06
2.94714e-06
2.02644e-06
2.39793e-06
1.94364e-06
2.92182e-06
2.29213e-06
1.34931e-06
1.5073e-06
1.22696e-06
8.81848e-07
9.44059e-07
8.06616e-07
1.07655e-06
4.15185e-07
7.46238e-07
5.09676e-07
3.62778e-07
4.56028e-07
3.958e-07
2.31161e-07
6.32443e-07
2.33736e-07
2.01759e-07
4.4353e-07
2.21047e-07
1.41416e-07
4.07605e-07
1.47731e-07
7.33348e-08
7.15306e-08
4.02449e-08
2.96118e-08
7.93978e-08
5.94258e-08
6.68824e-08
2.26513e-07
4.8845e-08
1.6539e-07
3.32638e-08
3.46232e-08
7.86936e-08
1.30445e-08
2.02485e-08
1.80536e-08
1.86115e-08
1.33353e-07
3.8382e-08
1.79671e-08
1.09071e-08
1.18052e-08
3.27875e-08
7.83143e-09
4.49612e-09
6.55285e-09
6.0333e-09
3.7052e-08
7.33989e-09
7.13311e-09
4.39793e-09
5.89624e-09
2.48006e-09
1.8095e-09
8.15288e-10
1.67638e-09
6.35167e-10
