60
120
0.00322087
0.00314436
0.0028855
0.00258266
0.00225977
0.00194952
0.001725
0.00147941
0.00128914
0.00112803
0.00096673
0.000867833
0.00076627
0.000679704
0.000600797
0.000529417
0.00047522
0.00042424
0.000390507
0.000348508
0.000313916
0.000279971
0.000253024
0.000233872
0.000216004
0.000191095
0.00017362
0.000158123
0.000145638
0.000134643
0.000120427
0.000113237
0.000103902
9.33951e-05
8.81008e-05
8.01135e-05
7.39243e-05
6.93256e-05
6.40379e-05
5.85351e-05
5.53602e-05
4.94901e-05
4.61978e-05
4.37725e-05
4.07653e-05
3.64872e-05
3.49872e-05
3.32368e-05
3.07325e-05
2.80772e-05
2.49607e-05
2.43155e-05
2.21709e-05
2.12475e-05
2.04727e-05
1.87337e-05
1.65134e-05
1.61542e-05
1.47111e-05
1.39424e-05
1.37317e-05
1.25147e-05
1.14027e-05
1.08246e-05
9.97901e-06
9.28803e-06
8.80626e-06
8.4502e-06
7.83e-06
7.55892e-06
7.10975e-06
6.51753e-06
6.31776e-06
5.48052e-06
5.74227e-06
5.11346e-06
4.81057e-06
4.70696e-06
4.37613e-06
4.16594e-06
3.74005e-06
3.73998e-06
3.47149e-06
3.21683e-06
3.01308e-06
2.90592e-06
2.72912e-06
2.64405e-06
2.3892e-06
2.30501e-06
2.05764e-06
1.9217e-06
1.83523e-06
1.75618e-06
1.62232e-06
1.65986e-06
1.63469e-06
1.4146e-06
1.41734e-06
1.25017e-06
1.20753e-06
1.16883e-06
1.28126e-06
1.07179e-06
1.03059e-06
9.07211e-07
9.22309e-07
8.6953e-07
8.06945e-07
7.83373e-07
7.24813e-07
7.13668e-07
7.02745e-07
6.16653e-07
5.88304e-07
5.47577e-07
5.39179e-07
5.38083e-07
4.95978e-07
4.82861e-07
4.28132e-07
