60
120
0.00223615
0.00223918
0.0022444
0.00223094
0.00218786
0.00214203
0.00209167
0.00204593
0.00195941
0.00189355
0.0018531
0.00178378
0.00170996
0.00164548
0.00154741
0.0014704
0.00143246
0.00135753
0.00130783
0.00124049
0.00117994
0.00113905
0.00108809
0.00101966
0.000984406
0.000937274
0.000894801
0.000852047
0.000822601
0.000787351
0.000735461
0.000713645
0.000694992
0.00065235
0.000624075
0.000601579
0.000572221
0.000544225
0.000519652
0.000508494
0.000484017
0.000457124
0.000437135
0.000416295
0.000404166
0.000392885
0.000375501
0.000360986
0.000339616
0.000331208
0.000321978
0.000306943
0.000301188
0.000283137
0.000271552
0.000267152
0.000248652
0.000246525
0.000231068
0.00023013
0.00021726
0.000210373
0.00020395
0.000196813
0.000188669
0.00017869
0.000174589
0.000169258
0.000164455
0.000157091
0.000149496
0.000145501
0.000141557
0.000136571
0.000132094
0.000126777
0.000120527
0.000119076
0.000111601
0.000108358
0.000106886
0.000101968
0.000102062
9.52763e-05
9.02262e-05
8.91594e-05
8.59451e-05
8.66411e-05
8.25462e-05
7.80933e-05
7.71088e-05
7.32939e-05
7.11805e-05
6.83656e-05
6.76147e-05
6.4349e-05
6.2684e-05
5.84131e-05
5.93995e-05
5.64507e-05
5.53346e-05
5.37651e-05
5.29134e-05
4.926e-05
4.86523e-05
4.82181e-05
4.70764e-05
4.34105e-05
4.2315e-05
4.12865e-05
3.97305e-05
3.80973e-05
3.91405e-05
3.66924e-05
3.56402e-05
3.49491e-05
3.26519e-05
3.3133e-05
3.25685e-05
3.07278e-05
2.94949e-05
