60
120
0.00057866
0.000578382
0.000556967
0.000531043
0.000495233
0.00046219
0.000423193
0.000373108
0.000332105
0.000293426
0.000257011
0.000220018
0.000187242
0.000159034
0.000135108
0.000115942
9.82434e-05
8.28866e-05
6.73078e-05
5.79167e-05
4.87654e-05
4.0751e-05
3.33788e-05
2.75129e-05
2.33946e-05
1.90126e-05
1.65157e-05
1.38926e-05
1.16536e-05
9.66905e-06
8.39303e-06
7.01115e-06
5.93015e-06
5.05145e-06
4.35884e-06
3.56022e-06
2.79885e-06
2.52866e-06
2.1222e-06
1.80301e-06
1.49039e-06
1.31113e-06
1.0611e-06
8.6375e-07
7.97407e-07
6.04356e-07
5.13305e-07
4.60508e-07
3.95414e-07
3.06129e-07
2.87893e-07
2.33894e-07
2.35859e-07
1.62657e-07
1.68626e-07
1.48031e-07
1.08535e-07
8.50735e-08
6.81887e-08
6.01014e-08
5.73268e-08
5.20969e-08
4.76074e-08
2.93052e-08
3.40014e-08
2.145e-08
2.07241e-08
1.7684e-08
1.66603e-08
1.63263e-08
9.85273e-09
1.37622e-08
8.49136e-09
6.20215e-09
1.10102e-08
6.02828e-09
4.27078e-09
3.8279e-09
3.66868e-09
2.81877e-09
3.86521e-09
2.49809e-09
2.28235e-09
1.55331e-09
1.64214e-09
1.34706e-09
1.11621e-09
1.64916e-09
9.26727e-10
7.59327e-10
1.32267e-09
9.4531e-10
4.07791e-10
7.34475e-10
3.41766e-10
2.83672e-10
3.562e-10
4.47045e-10
2.08226e-10
1.40403e-10
3.62208e-10
2.03721e-10
1.50827e-10
1.25967e-10
9.56408e-11
1.03784e-10
1.28437e-10
4.83134e-11
3.19911e-11
1.03559e-10
5.62197e-11
5.94852e-11
6.03937e-12
5.26059e-11
5.23989e-11
3.16413e-11
1.10641e-11
1.97695e-11
6.26125e-11
6.55331e-12
3.43998e-11
