60
120
0.000759342
0.000699997
0.0005445
0.000385074
0.000254648
0.000167221
0.000106562
6.81024e-05
4.22112e-05
2.75774e-05
1.85411e-05
1.14777e-05
7.31953e-06
4.86673e-06
3.37392e-06
2.32826e-06
1.60091e-06
1.08093e-06
7.22195e-07
4.61856e-07
3.47101e-07
2.28156e-07
1.78783e-07
1.12852e-07
7.29995e-08
5.17898e-08
3.94008e-08
2.82595e-08
2.34069e-08
1.38488e-08
1.26783e-08
8.86657e-09
7.40226e-09
4.28779e-09
5.69959e-09
2.38821e-09
1.50948e-09
1.76779e-09
1.06164e-09
7.29219e-10
6.31594e-10
4.94913e-10
3.61108e-10
2.55383e-10
1.89252e-10
2.30762e-10
8.62641e-11
7.50865e-11
9.93202e-11
2.78044e-11
3.87505e-11
3.64907e-11
3.65674e-11
2.71702e-11
1.54947e-11
1.97886e-11
1.11673e-11
2.94795e-12
2.53684e-12
4.09562e-12
2.26028e-12
2.84193e-12
2.78663e-12
7.50374e-13
8.33696e-13
5.23396e-13
2.72423e-13
5.37053e-13
1.08987e-12
3.24068e-13
8.89433e-14
3.68599e-12
1.85439e-13
5.55859e-14
2.84176e-13
6.60262e-14
6.16606e-14
1.29878e-14
2.91019e-14
1.3193e-14
2.36993e-14
2.40695e-14
8.66058e-14
3.88143e-15
2.84565e-15
4.01104e-15
3.084e-15
4.38241e-14
4.8303e-15
3.31164e-15
1.90524e-14
6.27261e-15
4.90617e-16
9.87744e-16
1.29645e-15
4.5771e-16
2.48517e-15
1.40872e-15
3.09798e-16
1.23817e-16
7.70266e-16
2.56567e-16
2.61294e-16
9.53186e-17
3.36036e-17
9.60164e-17
6.32153e-17
1.62435e-17
7.83313e-18
5.0643e-17
2.82386e-17
4.92217e-17
2.0891e-19
1.92166e-17
2.43091e-17
3.69118e-17
8.26018e-19
8.16403e-18
1.40897e-16
3.14346e-19
3.54753e-17
