60
120
0.00143195
0.00142901
0.00140611
0.00136305
0.00133234
0.00126787
0.00119348
0.00112854
0.00105853
0.000973843
0.000903648
0.000825524
0.000753667
0.000707255
0.000629537
0.000576783
0.000525105
0.000479989
0.000423912
0.000390646
0.000346488
0.000315136
0.00028809
0.000264698
0.000228248
0.000211869
0.000193094
0.000175492
0.000155819
0.000136423
0.000127042
0.000113318
0.000103639
9.139e-05
8.25435e-05
7.59769e-05
6.77457e-05
6.23178e-05
5.7998e-05
5.1709e-05
4.68912e-05
4.19947e-05
3.86468e-05
3.40313e-05
3.15622e-05
2.84476e-05
2.67398e-05
2.40226e-05
2.14227e-05
2.01843e-05
1.79878e-05
1.65818e-05
1.49195e-05
1.34559e-05
1.2643e-05
1.22581e-05
1.01372e-05
9.30036e-06
8.82792e-06
8.04353e-06
7.26804e-06
6.34155e-06
6.20005e-06
5.48793e-06
5.16444e-06
4.77892e-06
4.2768e-06
3.56358e-06
3.77091e-06
3.25979e-06
2.96118e-06
2.80206e-06
2.57544e-06
2.2049e-06
2.06423e-06
2.06959e-06
1.70845e-06
1.74964e-06
1.54414e-06
1.37768e-06
1.36164e-06
1.19003e-06
1.10269e-06
1.02047e-06
8.84112e-07
8.8452e-07
8.84103e-07
7.25279e-07
7.0061e-07
6.49387e-07
5.44537e-07
5.10724e-07
4.64913e-07
4.16141e-07
5.08103e-07
3.96695e-07
3.35403e-07
3.30565e-07
2.84417e-07
2.90042e-07
2.31172e-07
2.30734e-07
2.0947e-07
2.19741e-07
1.70223e-07
1.76333e-07
1.58835e-07
1.61604e-07
1.39322e-07
1.20359e-07
1.15621e-07
1.01268e-07
1.17088e-07
1.08349e-07
8.22282e-08
8.7884e-08
6.5118e-08
7.16498e-08
5.1619e-08
6.42687e-08
7.10058e-08
