60
120
0.00228853
0.0021765
0.00186641
0.00151485
0.0011775
0.000903259
0.000686806
0.00051733
0.000394682
0.000300355
0.000228877
0.00017693
0.00013459
0.000104613
8.26179e-05
6.3209e-05
5.05011e-05
3.94931e-05
3.13779e-05
2.56139e-05
2.05348e-05
1.58118e-05
1.30175e-05
1.09261e-05
8.21758e-06
7.10218e-06
6.02714e-06
4.54598e-06
3.72665e-06
3.12069e-06
2.48702e-06
2.09362e-06
1.78194e-06
1.41677e-06
1.17226e-06
1.01365e-06
8.29938e-07
6.57148e-07
6.10566e-07
4.9825e-07
3.99986e-07
3.41223e-07
3.05749e-07
2.61025e-07
2.19419e-07
1.75479e-07
1.38826e-07
1.49855e-07
1.1448e-07
9.42078e-08
7.99248e-08
7.46982e-08
5.50349e-08
4.64681e-08
4.33981e-08
4.05964e-08
2.87362e-08
2.85258e-08
1.9733e-08
1.9152e-08
1.80833e-08
1.38319e-08
1.397e-08
1.37392e-08
8.92031e-09
1.00186e-08
5.99782e-09
5.41528e-09
5.66634e-09
4.72097e-09
4.28958e-09
4.1549e-09
3.20372e-09
2.70438e-09
2.69245e-09
1.5725e-09
2.15021e-09
1.6351e-09
1.5677e-09
8.64597e-10
1.07416e-09
1.16373e-09
8.60309e-10
7.15637e-10
7.58028e-10
7.30281e-10
4.78766e-10
4.47956e-10
2.68351e-10
2.34041e-10
3.2546e-10
9.9889e-10
1.95089e-10
2.14783e-10
1.92408e-10
1.97524e-10
1.09364e-10
1.03817e-10
1.34645e-10
1.02532e-10
1.08458e-10
1.0841e-10
4.29549e-11
3.85472e-11
4.92835e-11
5.6003e-11
2.61779e-11
4.29675e-11
6.27324e-11
1.15475e-10
3.52635e-11
3.55605e-11
1.82129e-11
1.70402e-11
7.82681e-12
7.77355e-12
2.1279e-11
6.2906e-12
6.58848e-12
7.77749e-12
1.19292e-11
