60
120
0.214621
0.21335
0.21111
0.207597
0.202051
0.19811
0.190843
0.18516
0.178858
0.171987
0.16256
0.156599
0.15016
0.144523
0.137714
0.133427
0.126952
0.121525
0.116986
0.111653
0.107179
0.103592
0.0998748
0.0951204
0.0924655
0.0883294
0.0855961
0.0827862
0.079917
0.0776456
0.0743991
0.0720482
0.0694771
0.0675734
0.0651824
0.0634691
0.0614388
0.0593351
0.0576493
0.0559529
0.0539318
0.0526307
0.0507133
0.0495973
0.0485338
0.0470328
0.0451003
0.0444579
0.0435095
0.0418456
0.041124
0.0397876
0.0383531
0.0377003
0.0372574
0.0364045
0.0344721
0.0343338
0.0336819
0.0323437
0.0316413
0.0311274
0.030003
0.0294981
0.0284854
0.028147
0.0280219
0.0265904
0.0265031
0.0259259
0.025865
0.0247432
0.0245963
0.0240068
0.0234081
0.0234069
0.0223662
0.0218269
0.0213616
0.0207692
0.0204295
0.0198799
0.0195853
0.018485
0.0188872
0.0177469
0.0183466
0.0172735
0.0174586
0.0172798
0.0171335
0.0161104
0.0163638
0.0158689
0.0154464
0.0149569
0.0146246
0.0145575
0.0142835
0.0145951
0.0136075
0.013604
0.0132214
0.0132782
0.0125527
0.0125728
0.0126537
0.0122818
0.0117716
0.0119246
0.0118413
0.0115203
0.0114206
0.0108157
0.0110692
0.0105873
0.0103654
0.0101935
0.0101459
0.0100124
0.00969447
