60
120
0.0680133
0.0673594
0.0668649
0.0652312
0.0635741
0.0608197
0.0583401
0.0553649
0.0522167
0.0498064
0.0466925
0.0437848
0.0411232
0.0387583
0.0364124
0.0341964
0.0323425
0.0300615
0.0282018
0.0267028
0.0249602
0.0236718
0.0219744
0.0208147
0.0194759
0.0184444
0.017372
0.0164513
0.0156931
0.0149309
0.0138613
0.0128199
0.0126683
0.0118662
0.0112083
0.0105781
0.0100178
0.00931569
0.00907872
0.00850815
0.00795306
0.00766175
0.00723211
0.00689621
0.00666998
0.0062329
0.00580803
0.00561934
0.00535608
0.00515504
0.00479569
0.00468964
0.00444736
0.00419763
0.00409178
0.00380567
0.00367013
0.00358741
0.00339595
0.00317461
0.00305351
0.0029735
0.00271423
0.00263355
0.00253341
0.00239237
0.00230168
0.00232715
0.00220253
0.00203039
0.00198858
0.00194677
0.00182685
0.00178451
0.00168316
0.00155463
0.00162231
0.00149823
0.00144008
0.00131131
0.00126299
0.00122133
0.0012011
0.00119425
0.0010872
0.00108607
0.00108666
0.00102148
0.000997371
0.000906969
0.000876303
0.000889505
0.000811751
0.00080304
0.000790436
0.000740324
0.000700082
0.000641926
0.000653192
0.000669254
0.000586515
0.000610514
0.000613316
0.000541836
0.000543232
0.000518993
0.000506431
0.000475973
0.000466737
0.00046458
0.00040594
0.000416185
0.000367837
0.000372839
0.000370191
0.000380127
0.000346087
0.000323547
0.000308784
0.000297807
0.000301986
