60
120
0.0471873
0.0471454
0.0458329
0.0447662
0.0429677
0.0406196
0.0385797
0.0353356
0.0329111
0.0300279
0.0279286
0.0254487
0.0234125
0.0213583
0.0198227
0.017799
0.0163891
0.0149407
0.0136067
0.0124043
0.0112776
0.010469
0.00938525
0.00861499
0.00780968
0.00695794
0.0064416
0.00599306
0.00545562
0.00505015
0.00464994
0.0043063
0.00405371
0.00357733
0.00324276
0.00310024
0.00279483
0.00250123
0.00232143
0.00221913
0.0019383
0.00190819
0.00165989
0.00161541
0.00152438
0.00132946
0.00124479
0.00114012
0.00112481
0.00101095
0.000976033
0.000839786
0.000805052
0.000722647
0.000667425
0.000631133
0.00062816
0.000539885
0.000495212
0.000497292
0.000443098
0.000415158
0.000366671
0.000358713
0.00034586
0.000327346
0.000286519
0.000261699
0.000226426
0.000225984
0.00021971
0.000215362
0.000211258
0.000164534
0.000156395
0.00016774
0.000158577
0.000143345
0.000144193
0.000132037
0.0001038
0.000100092
0.000101955
0.00010186
9.71364e-05
8.03898e-05
8.20611e-05
7.90296e-05
6.92325e-05
6.93722e-05
5.6192e-05
5.78549e-05
5.87785e-05
4.587e-05
4.27282e-05
4.78012e-05
4.48462e-05
4.27307e-05
3.73355e-05
3.59043e-05
3.1815e-05
3.36451e-05
2.72081e-05
2.44516e-05
2.3185e-05
2.6357e-05
1.79517e-05
2.3359e-05
2.18013e-05
1.5566e-05
1.76042e-05
1.80352e-05
1.67951e-05
9.73852e-06
1.50041e-05
1.69865e-05
1.31398e-05
1.18538e-05
9.73103e-06
1.15726e-05
1.19948e-05
