60
120
1.
0.9936953548806161
0.9849753340435219
0.9652065081926623
0.9452116715291147
0.9221408828294716
0.8876753823234739
0.8553744406576914
0.8212456595128731
0.7882262607108224
0.743664691828285
0.7112925475690746
0.6793735733641663
0.6480246792782537
0.6123480456266219
0.5873795929692261
0.5554580922206803
0.5272078890636032
0.5020548838777575
0.4764986652959019
0.4523130736689593
0.4329474382455314
0.41274868654183705
0.3904515484726584
0.3760762271996663
0.3563056327682603
0.34074947390470883
0.32737973996812875
0.31266478232448447
0.30196689125342746
0.2842167967377268
0.2736081385942403
0.2634402015354954
0.25369957191163345
0.24148288358559725
0.23335193788193878
0.22405313183458764
0.21478723976026318
0.20723643441299433
0.19862243653437225
0.19087247064271137
0.18535927220843343
0.17661168678025088
0.1718848015537784
0.16674284425420335
0.1597087032997119
0.15305048447622682
0.14986029132426257
0.14535596702998363
0.13978402415926963
0.1355940799866966
0.13140195839287935
0.12587901439073318
0.12204014953463363
0.12037292243465095
0.11634738964401917
0.11067539794210723
0.10880066581315428
0.10639948238011437
0.1018613207759521
0.09877228354067069
0.09692665719442488
0.0931728036411628
0.09110194052332526
0.0877443684490743
0.0857109854576742
0.08462123665583009
0.08079120161037297
0.07969276907804586
0.07752124386796375
0.07684699527352591
0.0736736479661094
0.07249294864639277
0.07068077741288362
0.06869334490030948
0.06784382170503109
0.06504750751876417
0.0636336865441339
0.061793827148584196
0.06000855533612907
0.058684509347522396
0.05703032931888518
0.05598873643877702
0.053101205758498256
0.05337934743512181
0.05077791543612507
0.05171702091105326
0.048838818689256734
0.04915752287555578
0.048159975919742276
0.047505434365679056
0.045237400241721314
0.04512471432830459
0.04389934158272799
0.04271765835801307
0.04118232962942036
0.040237643754590845
0.03977933606567543
0.03889818380559027
0.039579262749972775
0.037003462949615665
0.036744910323778864
0.03584335640756732
0.03562443994566553
0.03389707894805748
0.033748694351153734
0.03396985867893005
0.032929711693808636
0.03147274017898035
0.031758497110782505
0.031291241070390885
0.030506751613657485
0.030050784009459375
0.028681808495342197
0.029095752903113482
0.027978161475538228
0.02726091586288126
0.026778219815727686
0.026588416968818314
0.026106935500097156
0.025257979123399606