60
120
1.0
0.9985620875859526
0.9834695275603381
0.9669550903413819
0.9396981067398922
0.915380300231906
0.8804805624209081
0.8438198419295259
0.8069219316079433
0.7702152610087045
0.7246296521198298
0.6903316031067319
0.6578011085857828
0.6255012320832695
0.5906538321811633
0.5660811971002011
0.5344931529607588
0.5056812261213218
0.4820344804562204
0.45652099851582195
0.43305064027847645
0.41498819965479583
0.39641697462176584
0.37412787326182145
0.36192422648461164
0.34182717922592465
0.32799372313114755
0.31564646912326244
0.3015058044870227
0.2918035417333705
0.2756426206702932
0.2665544700675004
0.2552671047173516
0.24692986509910553
0.2358716456815573
0.22853145768568126
0.21997569270839082
0.21106503044326078
0.20352127111457397
0.19666449954601922
0.1888479282757721
0.18420305715425825
0.17580808048944746
0.17121445845905206
0.16656842728132554
0.16032097517274663
0.15389423457582632
0.15102923667617738
0.1467516441358672
0.14117311834571195
0.13762065841141957
0.13354509111948445
0.12800118069170158
0.12444090671549783
0.12292670807959566
0.11944894898328812
0.11356888467942439
0.11166773968580426
0.10970280190508937
0.10520369567148932
0.10222241121876614
0.10056279560666495
0.09694581420278928
0.09497445920560987
0.09143568412297594
0.0897009096176099
0.08870378323956671
0.08423923807991637
0.08348975229001351
0.0815399682082034
0.08118276228757933
0.07761482751097097
0.07682942144923695
0.07468239122468602
0.07283239094078375
0.0723542065877944
0.069010320972544
0.06773346171761922
0.06587134527378956
0.06419354923837958
0.06287593525424762
0.06109781925204369
0.06005677428560462
0.05676499833890885
0.05747640194357389
0.05451276594413539
0.05560325892517755
0.05254687293401953
0.052975197438518064
0.05212191976212144
0.051496590425764016
0.048835373611441885
0.048986193344016465
0.04762265202651014
0.04631815656658059
0.04474323353406274
0.04378496347912765
0.043457650484815695
0.04240027315086302
0.043186615630502245
0.04041650733248582
0.040115412436391426
0.03906780999435875
0.0390443975338882
0.03707002792583631
0.036994506492345404
0.03726662245779976
0.0361853474269254
0.03455099505174118
0.0348909268329703
0.034527959332062076
0.03361227682847518
0.033229882210315836
0.031637908397631934
0.03211534656005084
0.030853239096370614
0.03013369365350937
0.02964736130769327
0.029462412297121595
0.02896270147466724
0.027985165683421097