60
120
1.
0.9631238785516117
0.8589891589171055
0.7415877218327943
0.6257226633793492
0.5336846412406786
0.45273642464365005
0.3871886098432939
0.33353419392939215
0.2899163029271558
0.2515739587569665
0.22350135321061448
0.19947479984891867
0.17935849302697998
0.15937815194363256
0.14743587421119328
0.13176144454780214
0.11911933637428321
0.11094546488762647
0.09986264346161058
0.09234397726171403
0.08648863613307839
0.07994671155781352
0.07322673378977775
0.06933309252102052
0.06287541839478789
0.05946387022764554
0.05642122964183396
0.05212085946762847
0.05024890425491445
0.045701152826299024
0.04359033620128239
0.04044851527479505
0.03877150413798038
0.03622597687268861
0.03498764876893159
0.032743076708201965
0.030709831195127716
0.029546051984708905
0.02786148442358572
0.026307478952095075
0.024990974934354798
0.023559938538514423
0.023044886851801706
0.022069517049661203
0.020897404583593366
0.01938114013924755
0.019026585281139926
0.01807124175565038
0.017167293206366434
0.0164135969641526
0.01561600193526101
0.014875215817736842
0.014414247246660225
0.014148899320450962
0.013622915620819338
0.012258897074397602
0.012443435399731534
0.012014888706130478
0.011210849279933897
0.010848675250008833
0.0107384560457243
0.00975111761684349
0.009471974999639959
0.009109910174165632
0.008847605893444854
0.00883425516108505
0.008085627628850968
0.007814315660376518
0.008020442910312753
0.007910239978803617
0.00719090870730367
0.00718788452894186
0.006842016759015744
0.006687113581024844
0.006624121365623628
0.006054897125120105
0.005990985919631133
0.0057993881372930154
0.005479962817112
0.005228941364069248
0.004954179138722476
0.004989784587362818
0.0046158297510036994
0.004739625901619891
0.004213314520410135
0.004632149201362315
0.004048137199878629
0.004179280555312754
0.004037532352601997
0.00393604912235783
0.003532712753012951
0.0036148437261810796
0.0034447025156508593
0.0034832172617500485
0.0032339055666460413
0.0031713994224177124
0.003024423681851609
0.0030348383413194274
0.0030029650588579127
0.0027546965977555153
0.002732664979483392
0.002746436680819298
0.002654764800568725
0.0024477918896895793
0.002386754127954577
0.002568360736513433
0.002261262825844979
0.0022057038069035174
0.0021555757294971544
0.0022637943792013335
0.002105748137819103
0.0020144432734110996
0.0018860902252047498
0.001988055526201101
0.0018863238976045947
0.0017644422908077199
0.0017393496357770146
0.0018203974515378911
0.001749782681411016
0.0015439279517677816