60
120
1.
0.9613532153137082
0.8722942311833375
0.7575279491571298
0.6511648857042951
0.5598816247750337
0.47612937511235975
0.41008996675141796
0.3541668987943191
0.3088720769201896
0.26716999843931194
0.23615485976526465
0.2105708759806159
0.18837755612056417
0.16605446208614608
0.15257418700993902
0.13584821024641092
0.12251162119928014
0.11300367058024012
0.10153993484621297
0.09316230563013275
0.08667766260295107
0.07947939595445953
0.07265870913318596
0.06818158111527954
0.06194370064817943
0.058109893576879686
0.05480143030144986
0.05059834804133651
0.048387751759725164
0.04387318145270424
0.04154874325101198
0.03868694118971843
0.036873455659667286
0.03421813005865421
0.03295678395533667
0.030775152660973117
0.028788670985228783
0.027627490038266495
0.025921283458484715
0.024410811221939718
0.023121942799795334
0.021776036780873472
0.02125484113578579
0.020323352239389792
0.019147184005120638
0.017754517046071908
0.0173753865271135
0.01646111857870708
0.015641057810651008
0.014898654568370978
0.014177517458962795
0.01347701764367714
0.013034754580816972
0.012778796375647737
0.012261202974394838
0.011082465102817735
0.011210487424607904
0.010795986348918485
0.01005984980254333
0.009724922074253194
0.009612529120660945
0.008731776973727103
0.008475148298948808
0.00813312015915067
0.007900763050019065
0.007872103999114952
0.007238496322505321
0.006965199216890202
0.007128976190814857
0.007013506243937517
0.006391953222623261
0.0063772711320124785
0.006074624469020342
0.005921894029479224
0.005860913713706595
0.005372084069523715
0.005306894193252691
0.005127180638380678
0.004839500986789467
0.004622307101920831
0.004372653175605064
0.004408206651296853
0.004087763668960286
0.004180451257657743
0.0037227758399761357
0.004097400055394548
0.0035712336423298113
0.0036842306521502927
0.003552113295086599
0.003470597107175807
0.003118331829165901
0.0031777161854808604
0.0030349208892168312
0.0030642852300039316
0.002843604865751195
0.002792068496780834
0.0026565446328530766
0.00266980929028205
0.0026389227489248043
0.0024217334088982925
0.002400076702167381
0.0024159647593478308
0.00232974993636739
0.0021488265374654033
0.0020960522408912125
0.002252069690385174
0.001984450440943762
0.00193625044270003
0.001896720868341147
0.0019824575326569034
0.0018479197604541404
0.0017647474333023173
0.0016520818669088697
0.0017445757623111616
0.0016545327168813108
0.001546964127772938
0.0015246338771461932
0.001593654157718393
0.0015324909633001244
0.0013528878258977414