60
120
0.203106
0.195824
0.178772
0.15794
0.13795
0.121901
0.106743
0.095287
0.0845327
0.0758885
0.0672386
0.0613942
0.0560097
0.0516078
0.0466333
0.0439953
0.0398312
0.036621
0.0348527
0.0316136
0.029613
0.0279874
0.026288
0.0243821
0.0231381
0.0211849
0.0203494
0.0194361
0.0181526
0.0175578
0.0161983
0.0155285
0.0145197
0.0139264
0.0131433
0.0127844
0.0119923
0.0113366
0.01098
0.0104014
0.0098585
0.00933509
0.00891551
0.00876185
0.00843728
0.00802143
0.00743848
0.00733119
0.00701726
0.00664427
0.00640018
0.00607615
0.00582409
0.00570551
0.00560013
0.00541921
0.00484777
0.00497476
0.00480617
0.00449894
0.00436244
0.00432535
0.00391302
0.00381595
0.00368466
0.00359931
0.0036071
0.00330194
0.00319832
0.00330434
0.0032559
0.00296292
0.00296731
0.0028361
0.00277189
0.00275951
0.00251948
0.00248864
0.00241904
0.00228111
0.00217842
0.00206658
0.00208318
0.00192737
0.00198761
0.00176025
0.00195241
0.00169665
0.00175705
0.00169615
0.00166569
0.00148988
0.00152752
0.00145411
0.00147359
0.00136932
0.0013405
0.00128223
0.00129124
0.00127656
0.00117065
0.00116254
0.00117091
0.0011339
0.00104258
0.00101614
0.00109657
0.000967977
0.000944474
0.000922638
0.000970469
0.000901653
0.000864011
0.000806674
0.000854912
0.000811957
0.000759163
0.000748816
0.00078421
0.000752427
0.000664759
