60
120
0.0844628
0.0804809
0.0718303
0.0609635
0.0511744
0.0425038
0.0353356
0.0292367
0.0246246
0.0211984
0.017709
0.0150182
0.0130777
0.0114021
0.00978797
0.00856464
0.00746843
0.00657738
0.00580211
0.00514316
0.00455722
0.00408717
0.00356021
0.0031747
0.00280638
0.00261611
0.00229473
0.0020883
0.00194814
0.00173785
0.00152709
0.00134651
0.00133047
0.00117469
0.00102072
0.000959215
0.000865667
0.000778727
0.000733817
0.000647732
0.0005861
0.000541999
0.000501327
0.000469184
0.000446063
0.000380135
0.000349806
0.000324342
0.000289964
0.000283649
0.000244919
0.00023701
0.000210524
0.000196181
0.000186442
0.000162513
0.000169229
0.000155713
0.000137409
0.000119784
0.000113826
0.00010817
9.83759e-05
9.4706e-05
8.2493e-05
8.14179e-05
7.31935e-05
8.31498e-05
6.6697e-05
5.85398e-05
5.13447e-05
5.38998e-05
4.9003e-05
4.79881e-05
3.99735e-05
3.74406e-05
4.1466e-05
3.74345e-05
3.09303e-05
2.66472e-05
2.7943e-05
2.33539e-05
2.55992e-05
2.85313e-05
2.11013e-05
2.18367e-05
2.72729e-05
1.86858e-05
1.7724e-05
1.38232e-05
1.75455e-05
1.72451e-05
1.12529e-05
1.40675e-05
1.20989e-05
1.06461e-05
1.21231e-05
8.51378e-06
1.07084e-05
9.18368e-06
8.78352e-06
7.72854e-06
9.63488e-06
6.54065e-06
6.39852e-06
6.62274e-06
5.39791e-06
5.69647e-06
5.78479e-06
7.9383e-06
3.52746e-06
5.26025e-06
3.5062e-06
3.11159e-06
4.90806e-06
4.3468e-06
3.73234e-06
3.51264e-06
2.63803e-06
2.8933e-06
2.90357e-06
