60
120
0.0617465
0.0583887
0.0494356
0.039971
0.0315203
0.0241818
0.0190153
0.0143012
0.0113902
0.00874344
0.00693559
0.00551992
0.00445151
0.00354748
0.00300965
0.00234883
0.0019576
0.00164317
0.00132412
0.00109819
0.000942217
0.000808731
0.000639554
0.000539172
0.000457972
0.000356609
0.000302653
0.000284488
0.000235687
0.000205995
0.000166097
0.000146733
0.000145183
0.000111421
8.56841e-05
8.81476e-05
6.29042e-05
5.95763e-05
5.36775e-05
4.59167e-05
3.8957e-05
4.02898e-05
2.88026e-05
2.69142e-05
2.56947e-05
1.97652e-05
1.76641e-05
1.71153e-05
1.6457e-05
1.43358e-05
1.3687e-05
8.46547e-06
8.55467e-06
6.83062e-06
6.50406e-06
5.97953e-06
5.50416e-06
3.92039e-06
4.01065e-06
3.12268e-06
3.49572e-06
2.90741e-06
1.79073e-06
2.75028e-06
2.65435e-06
2.19801e-06
1.70659e-06
1.1586e-06
9.79298e-07
7.59932e-07
1.37199e-06
1.39874e-06
9.19062e-07
7.09065e-07
6.14851e-07
7.90728e-07
6.04962e-07
7.51272e-07
7.90904e-07
5.05086e-07
2.07888e-07
3.09885e-07
3.06746e-07
3.62649e-07
1.83593e-07
1.61482e-07
5.38757e-07
1.80911e-07
1.48529e-07
1.0085e-07
1.39137e-07
1.19225e-07
1.99656e-07
4.41914e-08
6.61399e-08
9.74137e-08
8.5099e-08
7.79364e-08
7.04095e-08
3.28417e-08
4.6449e-08
1.06135e-07
6.50845e-08
1.88011e-08
2.03063e-08
2.37168e-08
5.83242e-09
6.95498e-08
2.68532e-08
2.49998e-08
1.50665e-08
4.01765e-08
1.02089e-08
1.94875e-09
6.9414e-09
2.22355e-08
9.33904e-09
6.25982e-09
2.2343e-09
5.05181e-09
1.54558e-08
