60
120
0.0936355
0.0920932
0.0845822
0.0758044
0.0665338
0.0590345
0.0513172
0.044486
0.0386002
0.0337835
0.0296992
0.0262786
0.0234666
0.0207685
0.0181438
0.0167548
0.0148228
0.0130769
0.011845
0.0106119
0.00960212
0.00889709
0.00796243
0.00709269
0.00675453
0.00600263
0.00543129
0.00504992
0.00451002
0.00432851
0.00373616
0.00350398
0.00314255
0.00303747
0.00272725
0.00254666
0.00237841
0.00214359
0.00199559
0.00183988
0.0017073
0.00164906
0.00145
0.00138001
0.00127672
0.00118088
0.00109783
0.00104978
0.000943028
0.000919732
0.000831907
0.000809583
0.000734752
0.000651528
0.000640369
0.00058983
0.000559484
0.000515682
0.000495056
0.000448206
0.000424469
0.000413416
0.000390998
0.000363906
0.000335477
0.000305403
0.000292246
0.000267456
0.000251457
0.000236725
0.000235885
0.000211183
0.000205962
0.000184656
0.000180535
0.000164957
0.000153809
0.000156265
0.000141237
0.000138386
0.000130525
0.000120928
0.000120061
0.000110672
0.000105276
0.000100232
9.26708e-05
9.08809e-05
8.84248e-05
8.67804e-05
7.23837e-05
7.00973e-05
6.86474e-05
6.70727e-05
6.45835e-05
5.87221e-05
5.99516e-05
5.33226e-05
4.89209e-05
4.95622e-05
4.58194e-05
4.414e-05
4.18942e-05
3.84656e-05
3.83822e-05
3.78632e-05
3.76527e-05
3.05631e-05
2.95729e-05
2.92736e-05
2.92439e-05
2.82386e-05
2.55892e-05
2.62514e-05
2.30383e-05
2.10518e-05
2.0034e-05
1.93022e-05
1.97044e-05
2.03003e-05
1.70493e-05