60
120
0.0153176
0.0151082
0.0144003
0.0138991
0.0132183
0.0122084
0.0109562
0.0100516
0.00894207
0.00795299
0.00671975
0.00578574
0.00506463
0.00436345
0.00365236
0.00319712
0.00274203
0.00229381
0.00191709
0.00166244
0.00137031
0.00117149
0.000992002
0.000804427
0.000703976
0.000578126
0.000472105
0.000389234
0.000332107
0.000284624
0.000233246
0.000213249
0.000174553
0.000144292
0.000117166
0.000102216
8.56952e-05
7.1947e-05
6.25559e-05
5.15936e-05
4.52514e-05
3.67539e-05
3.5739e-05
2.51173e-05
2.48635e-05
1.8332e-05
1.71209e-05
1.48076e-05
1.30605e-05
1.1439e-05
9.12048e-06
7.28133e-06
7.21495e-06
5.74487e-06
4.18463e-06
4.52725e-06
3.6147e-06
2.84019e-06
2.4491e-06
2.3704e-06
1.93223e-06
2.07254e-06
1.60924e-06
1.49396e-06
1.15633e-06
1.17425e-06
7.09812e-07
8.0058e-07
5.83742e-07
4.7811e-07
4.02077e-07
4.35532e-07
3.4667e-07
3.1462e-07
3.79702e-07
2.27949e-07
1.80528e-07
2.04179e-07
9.36211e-08
1.56769e-07
9.78075e-08
1.38076e-07
5.73536e-08
7.28071e-08
1.11602e-07
6.9726e-08
2.63962e-08
7.92547e-08
5.91931e-08
1.63137e-08
1.5755e-08
2.08475e-08
1.69741e-08
1.54763e-08
1.12667e-08
1.14011e-08
1.3598e-08
7.01082e-09
7.96003e-09
1.26472e-08
4.69727e-09
1.9035e-08
4.22626e-09
7.0313e-09
3.93534e-09
3.86047e-09
1.62239e-09
2.30658e-09
2.20022e-09
1.92294e-09
8.92204e-10
1.19024e-09
2.70932e-09
6.72105e-10
3.5481e-10
7.93072e-10
6.50335e-10
5.58199e-10
1.01422e-09
7.21002e-10
2.69061e-10
