60
120
0.0312437
0.0308501
0.0303082
0.0295654
0.0288932
0.0278402
0.0259008
0.0249535
0.0230357
0.0216553
0.0196101
0.0182625
0.0165321
0.0152752
0.0141574
0.0130472
0.0116482
0.010499
0.00964345
0.00878875
0.00791709
0.00714143
0.00639845
0.00574668
0.00524609
0.00481702
0.00424952
0.00402414
0.00352288
0.00318196
0.00291127
0.002622
0.00237504
0.00209912
0.0019221
0.00174947
0.00158342
0.00140178
0.00129687
0.0012025
0.00110285
0.000976188
0.000903287
0.000836218
0.000742836
0.00069101
0.000623192
0.000572844
0.000514923
0.000481285
0.000434988
0.000406463
0.000335698
0.000319033
0.0003064
0.000267234
0.000247177
0.000229091
0.000216
0.000188097
0.00016671
0.000157776
0.000143813
0.000137326
0.000127585
0.000115546
0.000106564
9.69133e-05
9.53826e-05
8.02486e-05
7.0047e-05
6.54303e-05
5.78205e-05
6.35341e-05
5.41149e-05
4.92377e-05
4.29317e-05
4.0926e-05
3.23138e-05
3.30948e-05
3.08331e-05
2.81495e-05
2.78935e-05
2.38339e-05
2.13085e-05
1.98058e-05
2.05461e-05
1.73419e-05
1.56025e-05
1.41651e-05
1.51595e-05
1.26507e-05
1.14568e-05
1.13132e-05
9.93103e-06
1.04416e-05
9.47572e-06
8.60791e-06
8.08613e-06
8.40751e-06
6.18849e-06
6.81952e-06
5.10532e-06
5.53304e-06
5.2561e-06
5.3378e-06
3.86575e-06
4.22026e-06
3.42079e-06
3.3179e-06
3.00718e-06
2.7181e-06
2.66101e-06
2.29721e-06
2.37405e-06
2.231e-06
1.75057e-06
1.97342e-06
1.70275e-06
1.5788e-06
1.20888e-06
