60
120
0.0371969
0.0350019
0.0304544
0.0247913
0.019814
0.0150413
0.0113165
0.00874581
0.00657488
0.00514373
0.00386958
0.00298952
0.00227914
0.00180255
0.00139351
0.00113275
0.000885838
0.00068881
0.000540199
0.000466085
0.000367598
0.000284876
0.000225417
0.000187064
0.00015331
0.000127096
9.76727e-05
8.40316e-05
7.1101e-05
5.57299e-05
4.64041e-05
3.78097e-05
3.39667e-05
2.52959e-05
2.24336e-05
1.88126e-05
1.49062e-05
1.1931e-05
1.04023e-05
8.87271e-06
7.6523e-06
6.30586e-06
5.66773e-06
5.22527e-06
4.0157e-06
3.23763e-06
2.83992e-06
2.45298e-06
2.03843e-06
1.74403e-06
1.65526e-06
1.44263e-06
1.01323e-06
9.19617e-07
9.32101e-07
6.6625e-07
6.29363e-07
5.08698e-07
4.77842e-07
3.74192e-07
3.1203e-07
2.58178e-07
2.35891e-07
2.45792e-07
2.09194e-07
2.02646e-07
1.45707e-07
1.30838e-07
1.17176e-07
9.47711e-08
6.17951e-08
7.26059e-08
6.21125e-08
6.40961e-08
4.79431e-08
4.349e-08
4.04889e-08
3.6121e-08
1.99058e-08
2.2046e-08
2.4715e-08
1.5213e-08
1.76502e-08
1.13583e-08
9.46076e-09
8.87411e-09
8.81184e-09
9.96371e-09
6.07112e-09
6.0525e-09
8.04789e-09
5.98361e-09
4.43278e-09
3.58515e-09
3.28872e-09
2.88718e-09
2.65118e-09
4.11707e-09
2.07422e-09
3.37051e-09
1.19805e-09
1.30664e-09
2.04364e-09
1.56304e-09
1.12252e-09
1.33866e-09
6.48367e-10
1.31535e-09
4.72839e-10
6.10183e-10
3.57083e-10
4.28785e-10
3.66021e-10
3.94965e-10
3.66397e-10
2.7836e-10
1.68945e-10
3.40371e-10
1.66133e-10
1.7124e-10
8.19277e-11
