60
120
0.0201989
0.0185963
0.0143883
0.0103176
0.00702169
0.00454189
0.00291893
0.00187344
0.00121727
0.000815624
0.000495556
0.000330613
0.000209413
0.000147852
9.16957e-05
6.582e-05
4.71748e-05
3.35525e-05
2.20488e-05
1.64041e-05
1.04358e-05
7.51913e-06
5.09595e-06
3.63756e-06
2.98372e-06
2.12292e-06
1.1823e-06
7.67318e-07
7.20323e-07
4.42201e-07
3.52987e-07
3.50748e-07
1.99601e-07
1.3438e-07
1.04593e-07
8.86938e-08
6.07608e-08
4.2097e-08
2.73117e-08
2.50498e-08
3.14479e-08
1.1383e-08
1.37416e-08
1.35599e-08
8.87921e-09
3.72155e-09
2.78619e-09
3.89615e-09
2.13766e-09
3.57354e-09
1.00236e-09
9.07043e-10
7.38652e-10
7.0778e-10
3.2186e-10
4.7397e-10
4.53966e-10
2.21862e-10
1.10802e-10
1.57947e-10
1.09678e-10
1.45471e-10
1.22927e-10
1.65231e-10
5.54384e-11
8.22819e-11
3.69198e-11
3.01937e-11
1.03991e-11
6.45784e-12
9.57533e-12
2.10481e-11
1.1187e-11
1.11562e-11
2.64433e-11
2.84979e-12
1.66589e-12
3.17819e-12
2.94047e-13
1.72686e-12
9.11351e-13
2.59772e-12
2.46653e-13
4.5115e-13
3.62013e-12
2.57125e-12
6.85008e-14
2.01648e-12
7.27219e-13
1.96246e-14
3.88244e-14
5.96684e-14
1.86741e-14
3.26758e-14
1.1914e-14
1.21848e-14
3.01894e-14
4.05257e-15
3.5457e-14
3.86195e-14
3.0384e-15
5.55291e-14
1.36745e-15
1.3878e-14
3.9089e-15
2.43969e-15
4.10685e-16
3.48659e-15
1.02626e-15
1.2907e-14
1.2775e-16
3.76052e-16
7.02552e-15
1.10839e-16
3.59466e-17
1.09804e-16
2.58244e-16
1.56311e-16
3.37785e-16
7.96425e-17
6.12529e-17
