60
120
0.0389285
0.0392011
0.0384217
0.0380843
0.0362858
0.0350727
0.0335757
0.0312936
0.0294437
0.0275586
0.0251818
0.0231551
0.021259
0.0194892
0.0180243
0.0166996
0.0149417
0.0137213
0.0122109
0.0110318
0.00997731
0.00909385
0.00827116
0.00744414
0.00686418
0.0061576
0.00551134
0.0051142
0.00454628
0.00408417
0.00374624
0.00340683
0.00302346
0.00280351
0.00254092
0.00229589
0.0020358
0.00185632
0.00166247
0.00155183
0.00138598
0.00128662
0.00118018
0.00106101
0.000936585
0.000897927
0.000802695
0.000732597
0.000669704
0.000593344
0.000551489
0.000487208
0.000443975
0.000422237
0.000376479
0.000337045
0.00031534
0.00028905
0.000264237
0.000244009
0.000222643
0.000211954
0.000190999
0.000173454
0.00015619
0.000159636
0.000134718
0.000122958
0.000107034
9.76692e-05
9.26836e-05
8.42408e-05
8.09153e-05
7.4584e-05
6.69345e-05
5.93539e-05
5.34081e-05
5.44531e-05
4.75731e-05
4.60812e-05
4.17302e-05
3.88102e-05
3.52013e-05
3.08578e-05
3.15295e-05
2.84035e-05
2.58528e-05
2.31537e-05
2.12609e-05
2.00965e-05
1.98141e-05
1.68157e-05
1.60497e-05
1.36414e-05
1.48509e-05
1.17472e-05
1.1582e-05
1.07601e-05
9.61469e-06
9.82579e-06
8.41894e-06
8.30421e-06
7.97485e-06
7.47215e-06
7.34677e-06
6.38554e-06
5.53942e-06
5.35079e-06
4.40036e-06
4.46027e-06
3.99569e-06
3.79723e-06
3.61808e-06
3.8198e-06
3.09803e-06
2.89361e-06
2.6263e-06
2.49544e-06
2.54082e-06
2.31825e-06
1.61557e-06
