60
120
0.0571412
0.0560121
0.0561936
0.0543402
0.0540553
0.0524979
0.0503986
0.0477734
0.046633
0.0442541
0.0416441
0.0394121
0.0376289
0.0353642
0.0328399
0.0308395
0.0285881
0.0275622
0.0251008
0.0233974
0.0219369
0.0205499
0.019175
0.017973
0.0167104
0.0155243
0.0143852
0.0134789
0.0125486
0.0117699
0.0107405
0.0102066
0.00979747
0.00907964
0.00817809
0.00783069
0.00718125
0.00693374
0.00647487
0.00577397
0.00557505
0.0052217
0.00475354
0.00467173
0.00430435
0.00386725
0.0037248
0.0034877
0.0033951
0.00313418
0.00298793
0.00264538
0.0025848
0.0024286
0.00229469
0.00211494
0.00201234
0.00190481
0.00174155
0.00170827
0.00156398
0.00144223
0.00138716
0.00129703
0.00126084
0.00117351
0.00111184
0.00109039
0.000972008
0.000945659
0.000828668
0.000838021
0.000742761
0.000754079
0.000687605
0.000636669
0.000614743
0.000596853
0.000564812
0.000540204
0.000482916
0.000476897
0.000438097
0.000439651
0.000395683
0.000373201
0.000364976
0.000337266
0.000327221
0.000308281
0.0002774
0.000290286
0.000262953
0.000241698
0.000235516
0.00021776
0.000209093
0.00019015
0.000191472
0.000171265
0.000183058
0.00016213
0.000160266
0.000141657
0.000138164
0.000128658
0.000126212
0.000120009
0.000114932
0.000106114
0.000101282
9.83471e-05
9.22842e-05
9.0375e-05
9.60882e-05
8.16212e-05
7.34791e-05
6.92313e-05
6.99091e-05
6.30989e-05
6.12594e-05
