60
120
0.0877858
0.0832245
0.0759051
0.0639516
0.054139
0.0449242
0.0362982
0.0298267
0.0249423
0.0203329
0.0167216
0.013858
0.0117551
0.00977332
0.00809603
0.00678358
0.00575633
0.0050497
0.00416098
0.00356345
0.00301761
0.00261857
0.00219538
0.00194234
0.00166031
0.00142436
0.00124138
0.00108142
0.000930365
0.000813361
0.00070008
0.000614634
0.00055614
0.000501008
0.000407069
0.000373208
0.000326699
0.000301603
0.000264867
0.000223132
0.000196883
0.000171572
0.000150242
0.000142655
0.000123338
0.000106373
9.81498e-05
8.74298e-05
8.01138e-05
6.79051e-05
6.2844e-05
5.22894e-05
5.15119e-05
4.38847e-05
4.05875e-05
3.42423e-05
3.26874e-05
2.79393e-05
2.56751e-05
2.4861e-05
2.15821e-05
1.85431e-05
1.72822e-05
1.52021e-05
1.40405e-05
1.293e-05
1.20715e-05
1.13561e-05
9.10212e-06
8.8955e-06
6.95419e-06
7.44822e-06
5.75463e-06
6.08774e-06
5.13933e-06
4.76724e-06
4.48363e-06
3.90523e-06
4.08498e-06
3.52724e-06
2.83905e-06
2.50308e-06
2.51905e-06
2.58817e-06
2.09332e-06
2.09316e-06
1.68813e-06
1.48538e-06
1.70479e-06
1.27392e-06
1.14389e-06
1.23065e-06
1.09389e-06
9.83715e-07
8.25659e-07
7.04729e-07
7.31425e-07
6.37861e-07
5.51381e-07
4.79139e-07
5.95851e-07
4.77779e-07
4.8883e-07
3.81318e-07
3.46216e-07
3.67117e-07
3.47142e-07
2.6513e-07
2.7264e-07
2.44936e-07
2.53514e-07
2.40681e-07
1.85443e-07
2.24979e-07
2.22845e-07
1.47074e-07
1.23622e-07
1.18668e-07
1.34421e-07
1.06232e-07
1.02278e-07
