60
120
0.0629295
0.0604291
0.0521656
0.0434643
0.0333036
0.0260247
0.0199414
0.0150412
0.0115538
0.00880073
0.00673024
0.00517853
0.00395412
0.00313602
0.00250556
0.00194535
0.00152924
0.00123043
0.000951468
0.000760887
0.000612842
0.00049406
0.000410699
0.000320527
0.000265045
0.000220554
0.000175695
0.000145265
0.000118399
9.7993e-05
8.14686e-05
7.06436e-05
5.50951e-05
4.67067e-05
4.16468e-05
3.18232e-05
2.62047e-05
2.21567e-05
1.87263e-05
1.68667e-05
1.30257e-05
1.19732e-05
1.01289e-05
8.21221e-06
6.55709e-06
6.55766e-06
5.05245e-06
4.3629e-06
3.80959e-06
3.01685e-06
2.7386e-06
2.08318e-06
1.74185e-06
1.69865e-06
1.3826e-06
1.08295e-06
9.7138e-07
8.62533e-07
7.35136e-07
6.26062e-07
5.48079e-07
6.04745e-07
4.44605e-07
3.73055e-07
2.9433e-07
3.36771e-07
2.99334e-07
1.91135e-07
1.73642e-07
1.34186e-07
1.34703e-07
1.21455e-07
9.66161e-08
8.17337e-08
9.91486e-08
6.28998e-08
4.79071e-08
6.13591e-08
3.70071e-08
4.03637e-08
3.33721e-08
2.88686e-08
2.296e-08
2.14682e-08
2.69314e-08
2.5306e-08
1.34975e-08
1.19639e-08
1.55037e-08
9.25242e-09
1.10066e-08
7.36316e-09
7.2169e-09
1.02326e-08
6.22764e-09
6.22057e-09
5.29686e-09
4.56205e-09
3.07334e-09
3.57688e-09
3.34559e-09
3.53559e-09
2.19531e-09
3.27296e-09
2.53597e-09
2.84887e-09
1.68994e-09
1.0988e-09
1.22147e-09
9.93775e-10
7.57583e-10
1.13543e-09
7.77501e-10
1.02658e-09
6.83081e-10
5.33394e-10
3.13434e-10
8.64673e-10
7.34817e-10
3.76737e-10
1.48119e-10
