  0.05
  1.5
 29
 -3.
  3.
 120
  0.05
  0.000449281333
  0.000565455158
  0.00071162981
  0.000895531758
  0.00112686589
  0.00141781573
  0.00178366652
  0.00224357941
  0.00282154999
  0.00354759035
  0.0044591786
  0.00560302446
  0.00703720029
  0.00883368335
  0.0110813419
  0.0138893692
  0.0173911186
  0.0217482077
  0.0271546277
  0.0338404028
  0.0420740877
  0.0521630676
  0.0644502844
  0.0793057168
  0.0971108625
  0.118234805
  0.143001442
  0.171649265
  0.204287584
  0.240855773
  0.281093941
  0.324533336
  0.370511914
  0.418215439
  0.466738531
  0.515155471
  0.562589023
  0.608267104
  0.651561136
  0.692004337
  0.729292149
  0.763269114
  0.793907196
  0.821280241
  0.845538045
  0.866882612
  0.885547622
  0.901781907
  0.915836789
  0.92795679
  0.938333113
  0.947083378
  0.954387944
  0.960449943
  0.96546396
  0.969604102
  0.973020669
  0.975840759
  0.978170445
  0.980097585
  0.981694471
  0.983020401
  0.984123855
  0.985044513
  0.985814724
  0.986460919
  0.987004632
  0.987463534
  0.987852034
  0.988181947
  0.988462968
  0.98870307
  0.988908821
  0.989085646
  0.989238034
  0.989369716
  0.989483795
  0.989582864
  0.989669094
  0.989744309
  0.989810049
  0.989867612
  0.989918103
  0.989962461
  0.990001487
  0.990035868
  0.990066194
  0.990092973
  0.990116643
  0.990137584
  0.990156126
  0.990172557
  0.990187126
  0.990200052
  0.990211526
  0.990221717
  0.990230772
  0.990238821
  0.990245977
  0.990252343
  0.990258006
  0.990263046
  0.990267532
  0.990271526
  0.990275082
  0.990278249
  0.99028107
  0.990283583
  0.990285821
  0.990287816
  0.990289593
  0.990291177
  0.990292588
  0.990293846
  0.990294967
  0.990295966
  0.990296856
  0.99029765
  0.990298358
  0.990298988
  0.990299551
  0.1
  0.000112370815
  0.00014144376
  0.000178034128
  0.000224083576
  0.000282034213
  0.000354957047
  0.000446713122
  0.000562155504
  0.00070738224
  0.000890052796
  0.00111978332
  0.00140863954
  0.00177174994
  0.00222806661
  0.00280130593
  0.00352110644
  0.00442444614
  0.00555736498
  0.00697703871
  0.00875424604
  0.0109762569
  0.0137501413
  0.0172064478
  0.0215031164
  0.0268293657
  0.0334091086
  0.0415032105
  0.051409602
  0.0634599418
  0.0780112697
  0.0954310269
  0.116074164
  0.140252001
  0.168194193
  0.200007484
  0.235637347
  0.274840311
  0.317174647
  0.36201446
  0.408587633
  0.45603257
  0.503464536
  0.550040591
  0.59501373
  0.637770208
  0.677848186
  0.714939488
  0.7488783
  0.77962158
  0.80722529
  0.831673398
  0.852789387
  0.870723638
  0.885802935
  0.898403895
  0.908894555
  0.917610356
  0.924845026
  0.930850023
  0.935837488
  0.939984596
  0.943438623
  0.946320696
  0.948731086
  0.950751619
  0.952450229
  0.953881691
  0.955091822
  0.95611768
  0.956990026
  0.957734
  0.958370367
  0.958916272
  0.959385901
  0.959791018
  0.960141405
  0.960445218
  0.960709276
  0.960939296
  0.961140089
  0.961315715
  0.961469607
  0.961604685
  0.961723433
  0.961827975
  0.961920131
  0.962001465
  0.962073327
  0.962136882
  0.96219314
  0.96224298
  0.962287165
  0.962326363
  0.962361157
  0.962392057
  0.962419514
  0.962443919
  0.962465622
  0.962484927
  0.962502104
  0.962517392
  0.962531002
  0.962543121
  0.962553914
  0.962563527
  0.962572091
  0.962579721
  0.96258652
  0.962592578
  0.962597978
  0.962602791
  0.96260708
  0.962610904
  0.962614313
  0.962617351
  0.96262006
  0.962622476
  0.962624629
  0.962626549
  0.96262826
  0.962629786
  0.15
  4.99467416E-05
  6.28704804E-05
  7.9136715E-05
  9.96092335E-05
  0.00012537473
  0.000157800175
  0.000198604876
  0.000249950959
  0.000314556902
  0.000395839941
  0.000498094521
  0.000626715736
  0.000788478783
  0.000991887985
  0.00124761196
  0.00156902511
  0.00197287949
  0.00248013601
  0.00311698824
  0.00391611716
  0.00491821879
  0.0061738485
  0.00774562358
  0.00971081645
  0.0121643502
  0.0152221703
  0.0190249008
  0.0237415955
  0.0295732441
  0.0367554943
  0.0455597919
  0.0562918499
  0.0692860851
  0.084894506
  0.103468661
  0.125333852
  0.150756048
  0.179903836
  0.212810006
  0.249339375
  0.289170262
  0.331795864
  0.376548273
  0.422643204
  0.469238684
  0.515498097
  0.560647785
  0.604021652
  0.64508893
  0.683464862
  0.718621564
  0.749727941
  0.776618462
  0.799539477
  0.818904507
  0.835165779
  0.848776765
  0.860144265
  0.86962908
  0.877540487
  0.884146218
  0.889665614
  0.894285225
  0.898157522
  0.901412196
  0.904151964
  0.906466317
  0.908426614
  0.910092417
  0.911509321
  0.912719289
  0.913755501
  0.91464542
  0.915411812
  0.916073593
  0.91664652
  0.917143746
  0.917576286
  0.917953388
  0.918282841
  0.918571222
  0.918824108
  0.919046237
  0.919241648
  0.919413799
  0.919565652
  0.919699758
  0.919818318
  0.919923235
  0.920016159
  0.920098527
  0.92017159
  0.920236438
  0.92029403
  0.920345202
  0.920390692
  0.920431146
  0.920467134
  0.920499161
  0.920527669
  0.920553053
  0.920575659
  0.920595795
  0.920613734
  0.920629719
  0.920643963
  0.920656659
  0.920667975
  0.920678062
  0.920687055
  0.920695072
  0.920702221
  0.920708594
  0.920714278
  0.920719345
  0.920723865
  0.920727894
  0.920731488
  0.920734693
  0.920737551
  0.9207401
  0.2
  2.80958607E-05
  3.53659422E-05
  4.45164572E-05
  5.60334496E-05
  7.05284434E-05
  8.87707692E-05
  0.000111728186
  0.000140617916
  0.000176970728
  0.000222711387
  0.000280259588
  0.000352656506
  0.000443723363
  0.000558259918
  0.000702292675
  0.000883384825
  0.00111102268
  0.00139709645
  0.00175649705
  0.00220785442
  0.00277444772
  0.0034853218
  0.00437664853
  0.00549337402
  0.006891192
  0.00863887817
  0.0108210049
  0.0135410271
  0.0169246806
  0.0211235534
  0.0263185738
  0.0327229898
  0.0405841969
  0.0501835109
  0.0618327136
  0.0758659982
  0.0926259251
  0.112442341
  0.135604076
  0.162324719
  0.192705761
  0.226702445
  0.264099045
  0.304500154
  0.347342385
  0.391926983
  0.437469229
  0.483156893
  0.528208341
  0.571922011
  0.613291049
  0.650774173
  0.683764215
  0.712286923
  0.736662375
  0.757332886
  0.774772239
  0.789436967
  0.801744441
  0.81206388
  0.820715548
  0.827972638
  0.834067277
  0.839190919
  0.843508726
  0.847149506
  0.850232254
  0.852853061
  0.855078418
  0.856976259
  0.858599276
  0.859991095
  0.861187917
  0.862219829
  0.863111882
  0.863884978
  0.864556601
  0.865141413
  0.865651741
  0.866097981
  0.866488924
  0.866832031
  0.867133647
  0.867399189
  0.867633297
  0.86783995
  0.86802258
  0.868184146
  0.868327214
  0.868454009
  0.868566468
  0.868666281
  0.868754924
  0.86883369
  0.868903715
  0.868965995
  0.869021409
  0.869070731
  0.869114643
  0.869153749
  0.869188584
  0.869219621
  0.869247278
  0.869271928
  0.8692939
  0.869313488
  0.869330952
  0.869346525
  0.869360411
  0.869372794
  0.869383839
  0.869393689
  0.869402474
  0.86941031
  0.869417299
  0.869423534
  0.869429095
  0.869434055
  0.86943848
  0.869442427
  0.869445948
  0.25
  1.79815934E-05
  2.26345872E-05
  2.84911414E-05
  3.58623723E-05
  4.51397319E-05
  5.68157131E-05
  7.15098741E-05
  9.00015407E-05
  0.000113270887
  0.000142550526
  0.000179390267
  0.000225738372
  0.000284043442
  0.000357382099
  0.00044961885
  0.000565606062
  0.000711433799
  0.000894741521
  0.00112510626
  0.001414525
  0.0017780126
  0.00223434038
  0.00280694489
  0.00352504046
  0.0044249724
  0.00555184989
  0.00696149589
  0.00872274489
  0.0109201027
  0.013656753
  0.0170578435
  0.0212739059
  0.0264841445
  0.0328991673
  0.0407625207
  0.0503501458
  0.0619666295
  0.0759369515
  0.0925924511
  0.112250101
  0.135185038
  0.161597741
  0.191579081
  0.22507839
  0.261880821
  0.301600075
  0.343690398
  0.387478111
  0.432208666
  0.477101941
  0.520878477
  0.56144948
  0.597791654
  0.629668989
  0.657241329
  0.680862694
  0.700965976
  0.717998387
  0.732386149
  0.744518143
  0.75473965
  0.763350585
  0.770608454
  0.776732721
  0.781906864
  0.786287513
  0.790002418
  0.793160951
  0.795852646
  0.798152256
  0.800122062
  0.801813811
  0.80327058
  0.804528268
  0.805616839
  0.806561351
  0.807382804
  0.808098838
  0.808724311
  0.809271771
  0.809751843
  0.810173554
  0.810544594
  0.810871535
  0.811160007
  0.811414853
  0.811640245
  0.81183979
  0.812016616
  0.812173437
  0.812312622
  0.812436236
  0.812546086
  0.812643756
  0.812730638
  0.812807956
  0.812876788
  0.812938085
  0.812992688
  0.81304134
  0.813084699
  0.813123348
  0.813157805
  0.813188528
  0.813215927
  0.813240362
  0.813262158
  0.813281599
  0.813298942
  0.813314415
  0.813328218
  0.813340534
  0.813351522
  0.813361326
  0.813370074
  0.813377879
  0.813384843
  0.813391057
  0.813396602
  0.813401549
  0.813405963
  0.3
  1.24873091E-05
  1.57186083E-05
  1.97857445E-05
  2.49047891E-05
  3.13476125E-05
  3.94562696E-05
  4.96610816E-05
  6.25033617E-05
  7.86639683E-05
  9.89991699E-05
  0.000124585679
  0.000156777176
  0.000197275218
  0.00024821815
  0.000312292511
  0.000392872504
  0.00049419446
  0.000621574801
  0.000781681983
  0.000982875227
  0.00123562559
  0.00155303809
  0.00195149722
  0.00245146193
  0.00307844039
  0.00386417808
  0.00484809555
  0.00607901244
  0.00761719023
  0.00953671596
  0.011928227
  0.0149019399
  0.0185908842
  0.0231541525
  0.028779843
  0.0356872015
  0.0441272507
  0.0543809634
  0.0667538344
  0.0815656129
  0.0991341142
  0.119752567
  0.143660995
  0.171013673
  0.201846478
  0.236049517
  0.273351011
  0.313317462
  0.355372507
  0.39883311
  0.442358079
  0.483541996
  0.521059206
  0.554437756
  0.583661962
  0.608965102
  0.630699356
  0.649262895
  0.665055399
  0.67845485
  0.689806015
  0.699414682
  0.70754793
  0.714436654
  0.720276088
  0.72523469
  0.729450922
  0.733044278
  0.736113164
  0.738740194
  0.740994528
  0.742933869
  0.744606423
  0.746052492
  0.747305812
  0.748394666
  0.749342807
  0.750170231
  0.750893808
  0.751527811
  0.752084343
  0.752573703
  0.753004674
  0.753384773
  0.753720448
  0.75401725
  0.754279969
  0.754512749
  0.754719186
  0.754902409
  0.755065145
  0.755209778
  0.755338396
  0.755452829
  0.755554689
  0.755645392
  0.755726189
  0.755798184
  0.755862352
  0.755919559
  0.755970569
  0.756016062
  0.75605664
  0.75609284
  0.756125137
  0.756153954
  0.756179669
  0.756202617
  0.756223096
  0.756241374
  0.756257687
  0.756272247
  0.756285242
  0.756296841
  0.756307194
  0.756316435
  0.756324683
  0.756332044
  0.756338615
  0.75634448
  0.756349714
  0.35
  9.17439006E-06
  1.15484295E-05
  1.45365671E-05
  1.82975572E-05
  2.30311544E-05
  2.89886843E-05
  3.64863336E-05
  4.59218525E-05
  5.77955441E-05
  7.27366312E-05
  9.15363697E-05
  0.000115189619
  0.000144947009
  0.000182380368
  0.000229464742
  0.000288681138
  0.000363145119
  0.000456767616
  0.000574455777
  0.000722363496
  0.000908203386
  0.00114163449
  0.00143474295
  0.0018026362
  0.00226417479
  0.00284286971
  0.00356797672
  0.00447582149
  0.00561139047
  0.00703021961
  0.00880060449
  0.0110061379
  0.0137485496
  0.0171507705
  0.0213600665
  0.0265509734
  0.0329276105
  0.0407247622
  0.0502068971
  0.0616640958
  0.0754037332
  0.0917368292
  0.110958365
  0.133321688
  0.159008421
  0.188096928
  0.220533958
  0.256115
  0.294478553
  0.335117559
  0.37677112
  0.416925949
  0.454081667
  0.487591458
  0.517285589
  0.543272147
  0.565807131
  0.585218506
  0.601857223
  0.616069418
  0.628180714
  0.638486875
  0.647251288
  0.654705368
  0.661047375
  0.666450408
  0.671058094
  0.674995437
  0.678366133
  0.681257782
  0.683744111
  0.685886931
  0.687738089
  0.689341093
  0.690732477
  0.691942955
  0.692998389
  0.693920599
  0.69472803
  0.695436317
  0.696058743
  0.696606623
  0.697089627
  0.697516038
  0.697892974
  0.698226566
  0.698522115
  0.69878421
  0.699016841
  0.69922348
  0.699407159
  0.69957053
  0.699715917
  0.699845364
  0.699960666
  0.700063409
  0.70015499
  0.700236645
  0.700309468
  0.700374429
  0.700432386
  0.700484103
  0.700530258
  0.700571454
  0.700608227
  0.700641055
  0.700670362
  0.700696527
  0.700719888
  0.700740747
  0.700759371
  0.700776001
  0.700790849
  0.700804107
  0.700815946
  0.700826516
  0.700835954
  0.70084438
  0.700851904
  0.700858622
  0.700864619
  0.4
  7.02416253E-06
  8.84179825E-06
  1.11296097E-05
  1.40091474E-05
  1.76333545E-05
  2.21946625E-05
  2.79351676E-05
  3.51594228E-05
  4.42505126E-05
  5.56902491E-05
  7.00845378E-05
  8.81952269E-05
  0.000110980081
  0.000139642928
  0.000175696541
  0.000221041436
  0.000278064534
  0.000349762625
  0.00043989666
  0.000553184401
  0.00069554057
  0.000874375747
  0.0010989676
  0.00138092085
  0.00173473545
  0.00217850593
  0.00273477833
  0.00343159445
  0.00430375564
  0.00539433918
  0.0067564978
  0.00845556528
  0.0105714747
  0.0132014673
  0.0164630225
  0.0204968678
  0.0254698235
  0.0315770987
  0.0390434761
  0.0481226249
  0.0590935907
  0.0722533814
  0.0879046126
  0.106337489
  0.127806118
  0.152500296
  0.180515411
  0.211824594
  0.246258248
  0.283495958
  0.322428167
  0.36058152
  0.396391041
  0.429101821
  0.458426263
  0.484362137
  0.507070539
  0.526802483
  0.543849439
  0.558513523
  0.571089159
  0.581851055
  0.591049239
  0.598907402
  0.605620067
  0.611358997
  0.616269437
  0.620477283
  0.624088905
  0.627194537
  0.629870588
  0.632181457
  0.634181419
  0.635916204
  0.637424348
  0.638738351
  0.639885659
  0.64088948
  0.641769484
  0.642542371
  0.643222359
  0.643821582
  0.64435042
  0.644817784
  0.645231339
  0.645597698
  0.645922583
  0.646210959
  0.646467142
  0.646694898
  0.646897516
  0.647077876
  0.647238508
  0.647381636
  0.647509218
  0.647622982
  0.647724458
  0.647814994
  0.64789579
  0.647967908
  0.648032289
  0.648089772
  0.648141101
  0.648186941
  0.64822788
  0.648264446
  0.648297106
  0.64832628
  0.648352339
  0.648375617
  0.648396411
  0.648414985
  0.648431577
  0.648446398
  0.648459637
  0.648471462
  0.648482024
  0.648491458
  0.648499884
  0.64850741
  0.648514131
  0.45
  5.54996649E-06
  6.98612948E-06
  8.79379311E-06
  1.10689993E-05
  1.39325958E-05
  1.75366324E-05
  2.20724038E-05
  2.7780558E-05
  3.4963801E-05
  4.40028579E-05
  5.53765233E-05
  6.96868374E-05
  8.76906882E-05
  0.000110339464
  0.000138828784
  0.000174660826
  0.000219722407
  0.000276382702
  0.000347615455
  0.000437151632
  0.000549669884
  0.000691033828
  0.000868587112
  0.00109151958
  0.00137132053
  0.00172233796
  0.00216246612
  0.0027139869
  0.00340459352
  0.00426862756
  0.00534856037
  0.00669674767
  0.00837747789
  0.0104693188
  0.0130677384
  0.0162879306
  0.0202677058
  0.025170208
  0.0311860875
  0.038534589
  0.0474628319
  0.0582423765
  0.0711620624
  0.0865161418
  0.10458704
  0.125622741
  0.149809881
  0.17724501
  0.207907905
  0.241641721
  0.277509407
  0.313166537
  0.347063064
  0.378393449
  0.406790824
  0.432165612
  0.454595459
  0.474256871
  0.491380196
  0.506218145
  0.51902739
  0.530054752
  0.539530636
  0.54766448
  0.554642742
  0.56063163
  0.565773622
  0.570193506
  0.573997697
  0.577277181
  0.580109525
  0.582560498
  0.584685819
  0.586532646
  0.588140878
  0.589544282
  0.590771461
  0.59184667
  0.592790514
  0.593620528
  0.59435167
  0.594996727
  0.595566663
  0.596070896
  0.596517546
  0.596913627
  0.597265217
  0.597577594
  0.597855356
  0.598102516
  0.598322586
  0.598518647
  0.598693403
  0.598849238
  0.598988253
  0.599112303
  0.599223032
  0.599321892
  0.599410175
  0.599489026
  0.599559462
  0.599622389
  0.599678613
  0.599728852
  0.599773745
  0.599813863
  0.599849715
  0.599881755
  0.599910389
  0.599935979
  0.599958848
  0.599979285
  0.599997549
  0.60001387
  0.600028455
  0.600041487
  0.600053132
  0.600063537
  0.600072834
  0.60008114
  0.60008856
  0.5
  4.49547918E-06
  5.6587749E-06
  7.12298829E-06
  8.96591461E-06
  1.12854424E-05
  1.42047353E-05
  1.7878747E-05
  2.25024104E-05
  2.83209296E-05
  3.56427122E-05
  4.48556131E-05
  5.64473348E-05
  7.10310353E-05
  8.93774644E-05
  0.00011245527
  0.000141481529
  0.000177985056
  0.000223885664
  0.000281593314
  0.000354132035
  0.000445294604
  0.000559835387
  0.000703710368
  0.000884375332
  0.0011111555
  0.00139570242
  0.00175255706
  0.00219984069
  0.00276009901
  0.00346132677
  0.00433820301
  0.00543356599
  0.00680015431
  0.00850263135
  0.0106198933
  0.0132476316
  0.0165010733
  0.0205177539
  0.0254600775
  0.0315172907
  0.0389063335
  0.047870857
  0.0586775353
  0.0716087057
  0.0869504417
  0.10497548
  0.125921103
  0.149963109
  0.17718835
  0.207569559
  0.240335503
  0.273315172
  0.305023822
  0.334648335
  0.361776407
  0.386255335
  0.408094743
  0.427405856
  0.444360705
  0.459162648
  0.472028265
  0.483173029
  0.492803605
  0.50111193
  0.508273033
  0.514442787
  0.519759909
  0.524345334
  0.528303688
  0.53172521
  0.534687412
  0.537256449
  0.53948869
  0.541432084
  0.543127372
  0.544609172
  0.545906902
  0.547045585
  0.548046535
  0.548927933
  0.549705322
  0.550392016
  0.550999449
  0.551537464
  0.552014556
  0.552438079
  0.552814409
  0.553149097
  0.55344698
  0.553712289
  0.55394873
  0.554159556
  0.55434763
  0.554515476
  0.554665322
  0.55479914
  0.554918673
  0.55502547
  0.555120906
  0.555206202
  0.555282444
  0.5553506
  0.555411532
  0.55546601
  0.555514718
  0.555558269
  0.55559721
  0.555632028
  0.55566316
  0.555690995
  0.555715882
  0.555738133
  0.555758027
  0.555775811
  0.55579171
  0.555805923
  0.555818627
  0.555829983
  0.555840133
  0.555849205
  0.555857312
  0.55
  3.71527591E-06
  4.67667959E-06
  5.88677688E-06
  7.40986215E-06
  9.32683626E-06
  1.17394893E-05
  1.47758851E-05
  1.85971302E-05
  2.34058804E-05
  2.94570299E-05
  3.70711394E-05
  4.66512992E-05
  5.87042999E-05
  7.38672007E-05
  9.29406581E-05
  0.000116930712
  0.000147101146
  0.00018503906
  0.000232736912
  0.000292695087
  0.000368049989
  0.000462733811
  0.000581673518
  0.000731038273
  0.000918546435
  0.00115384559
  0.0014489816
  0.00181897553
  0.00228253026
  0.00286289145
  0.00358889009
  0.00449619492
  0.00562880241
  0.00704078742
  0.0087983274
  0.0109819941
  0.013689275
  0.017037237
  0.021165173
  0.0262369724
  0.0324428251
  0.0399997146
  0.0491499899
  0.0601571623
  0.0732980154
  0.0888502209
  0.107075016
  0.128195198
  0.152369746
  0.179667604
  0.209464147
  0.239775493
  0.269214613
  0.29698514
  0.322657343
  0.346037081
  0.367082247
  0.385849855
  0.402460234
  0.417070529
  0.429857894
  0.441005534
  0.450694547
  0.459097266
  0.466374094
  0.472670366
  0.478117361
  0.482831002
  0.486912704
  0.490450778
  0.4935217
  0.496191223
  0.498515722
  0.500543413
  0.502315461
  0.503866991
  0.505227959
  0.50642393
  0.507476741
  0.508405069
  0.509224916
  0.509950018
  0.510592196
  0.511161642
  0.511667169
  0.512116416
  0.512516019
  0.512871761
  0.513188691
  0.513471229
  0.513723252
  0.51394817
  0.514148987
  0.514328352
  0.514488609
  0.514631833
  0.514759865
  0.514874337
  0.514976702
  0.515068252
  0.515150139
  0.515223386
  0.51528891
  0.515347528
  0.515399967
  0.51544688
  0.515488849
  0.515526394
  0.515559981
  0.515590026
  0.515616902
  0.515640941
  0.515662443
  0.515681674
  0.515698873
  0.515714254
  0.515728008
  0.515740307
  0.515751304
  0.515761135
  0.515769926
  0.6
  3.12186626E-06
  3.92971385E-06
  4.946534E-06
  6.22635233E-06
  7.83714881E-06
  9.86445662E-06
  1.2415887E-05
  1.56268171E-05
  1.96675392E-05
  2.47522429E-05
  3.11503006E-05
  3.92004395E-05
  4.93285353E-05
  6.20699437E-05
  7.80975154E-05
  9.82567252E-05
  0.000123609696
  0.000155490337
  0.000195573348
  0.000245960507
  0.000309288467
  0.000388863254
  0.000488827875
  0.000614370843
  0.00077198513
  0.000969789032
  0.00121792271
  0.00152903672
  0.00191889161
  0.00240709045
  0.00301796886
  0.00378166907
  0.00473542496
  0.00592508361
  0.00740688258
  0.00924949017
  0.0115362941
  0.0143678892
  0.0178646612
  0.022169288
  0.0274488757
  0.0338963177
  0.0417303109
  0.0511933138
  0.0625466097
  0.0760616211
  0.0920067792
  0.110629673
  0.132134957
  0.156659537
  0.183702532
  0.211466882
  0.238670328
  0.264555896
  0.288693743
  0.310865927
  0.330993442
  0.349090523
  0.365233818
  0.379539287
  0.39214729
  0.403209647
  0.412881612
  0.421314948
  0.428654124
  0.435032531
  0.440572636
  0.445384104
  0.449564044
  0.453197904
  0.45636035
  0.459116084
  0.461520962
  0.463623039
  0.465463557
  0.467077861
  0.468496219
  0.469744551
  0.470845063
  0.471816803
  0.472676128
  0.473437113
  0.474111892
  0.47471095
  0.475243367
  0.475717026
  0.476138788
  0.476514638
  0.476849812
  0.477148899
  0.477415929
  0.477654452
  0.477867598
  0.478058133
  0.478228508
  0.478380893
  0.478517216
  0.478639189
  0.478748339
  0.478846023
  0.478933453
  0.47901171
  0.479081757
  0.479144458
  0.479200583
  0.47925082
  0.479295788
  0.479336036
  0.479372059
  0.479404299
  0.479433152
  0.479458972
  0.479482076
  0.479502749
  0.479521246
  0.479537793
  0.479552597
  0.479565839
  0.479577684
  0.479588277
  0.479597752
  0.65
  2.66005336E-06
  3.34839783E-06
  4.21480231E-06
  5.30530081E-06
  6.67781759E-06
  8.40523383E-06
  1.05792432E-05
  1.33151988E-05
  1.67582049E-05
  2.10907715E-05
  2.6542431E-05
  3.34018162E-05
  4.20318237E-05
  5.28886468E-05
  6.65456535E-05
  8.37233292E-05
  0.000105326806
  0.000132492871
  0.000166648807
  0.000209585984
  0.000263551811
  0.000331364516
  0.000416556216
  0.000523551014
  0.000657886298
  0.000826487163
  0.00103800589
  0.00130324073
  0.00163565063
  0.00205198554
  0.00257305409
  0.00322465324
  0.00403868542
  0.005054489
  0.00632040415
  0.00789558903
  0.00985208591
  0.0122771122
  0.015275512
  0.0189722445
  0.0235147074
  0.0290745815
  0.0358487556
  0.0440587425
  0.053947859
  0.0657753597
  0.0798067404
  0.0962996552
  0.115485384
  0.137546592
  0.162084077
  0.187476486
  0.212548429
  0.236591668
  0.259188877
  0.280111682
  0.299256633
  0.316605742
  0.332200198
  0.346120648
  0.35847443
  0.369384064
  0.378979795
  0.387392806
  0.394751102
  0.401175334
  0.406778264
  0.411662409
  0.415919752
  0.41963215
  0.422871834
  0.425701935
  0.428177353
  0.430345625
  0.432247778
  0.433919141
  0.435390099
  0.436686769
  0.437831601
  0.438843903
  0.439740305
  0.440535146
  0.441240817
  0.441868044
  0.442426132
  0.442923176
  0.443366231
  0.443761462
  0.444114269
  0.444429391
  0.444710997
  0.444962766
  0.445187943
  0.445389402
  0.445569689
  0.445731065
  0.445875541
  0.446004903
  0.446120746
  0.446224491
  0.446317407
  0.446400626
  0.446475161
  0.446541919
  0.44660171
  0.446655258
  0.446703215
  0.446746161
  0.446784618
  0.446819053
  0.446849885
  0.446877488
  0.446902199
  0.446924319
  0.446944118
  0.446961839
  0.446977697
  0.446991889
  0.447004587
  0.447015948
  0.447026113
  0.7
  2.29361856E-06
  2.88714072E-06
  3.6341946E-06
  4.57447301E-06
  5.75792121E-06
  7.24738117E-06
  9.12191621E-06
  1.14809903E-05
  1.44497211E-05
  1.81854805E-05
  2.28861873E-05
  2.88007223E-05
  3.62420053E-05
  4.56034089E-05
  5.73793515E-05
  7.21911236E-05
  9.0819258E-05
  0.000114244082
  0.000143696482
  0.000180721402
  0.000227257205
  0.000285734753
  0.000359200951
  0.000451472599
  0.000567327645
  0.000712742512
  0.000895185908
  0.00112398162
  0.00141075504
  0.00176998078
  0.00221965102
  0.0027820871
  0.00348491808
  0.00436225142
  0.00545605889
  0.00681779669
  0.0085102681
  0.0106097196
  0.0132081312
  0.0164156192
  0.0203628018
  0.0252028963
  0.0311131998
  0.0382954771
  0.0469746398
  0.0573949875
  0.0698132323
  0.0844876211
  0.101662773
  0.121550425
  0.143833614
  0.167051478
  0.190131791
  0.212418732
  0.233515221
  0.253192019
  0.271331097
  0.287891338
  0.302886165
  0.316366902
  0.328412175
  0.339118002
  0.348591207
  0.356943075
  0.364285225
  0.370725257
  0.376365719
  0.381301391
  0.385618532
  0.389394854
  0.392699659
  0.395594076
  0.398131691
  0.400359221
  0.402317231
  0.404040832
  0.405560362
  0.406901997
  0.408088319
  0.409138811
  0.410070296
  0.41089732
  0.411632477
  0.412286692
  0.412869463
  0.413389064
  0.413852719
  0.414266753
  0.41463671
  0.414967469
  0.415263323
  0.415528066
  0.415765053
  0.415977254
  0.416167308
  0.41633756
  0.416490096
  0.416626775
  0.416749257
  0.416859022
  0.416957393
  0.417045554
  0.417124564
  0.417195372
  0.417258825
  0.417315686
  0.417366636
  0.417412287
  0.417453186
  0.417489826
  0.417522646
  0.417552044
  0.417578372
  0.41760195
  0.417623063
  0.417641967
  0.417658891
  0.417674041
  0.417687603
  0.417699741
  0.417710603
  0.75
  1.9979974E-06
  2.51502161E-06
  3.16578927E-06
  3.9848774E-06
  5.01579411E-06
  6.31328213E-06
  7.94621502E-06
  1.0001238E-05
  1.25873439E-05
  1.58416237E-05
  1.99364905E-05
  2.50887534E-05
  3.15710101E-05
  3.97259475E-05
  4.99842836E-05
  6.288727E-05
  7.91148995E-05
  9.95212433E-05
  0.000125178693
  0.00015743331
  0.000197974008
  0.00024891894
  0.000312923254
  0.000393313309
  0.000494253595
  0.000620953965
  0.000779926345
  0.000979301978
  0.00122922229
  0.00154231882
  0.00193430005
  0.00242466534
  0.00303756827
  0.00380285309
  0.00475728737
  0.00594601192
  0.00742422141
  0.0092590769
  0.0115318291
  0.0143400976
  0.0178001991
  0.0220493509
  0.0272474766
  0.0335782329
  0.0412487405
  0.0504873826
  0.0615389432
  0.0746563658
  0.0900885731
  0.108064182
  0.128332162
  0.149575744
  0.170819097
  0.191458895
  0.211122483
  0.229586235
  0.246724996
  0.262481982
  0.276849622
  0.289855593
  0.301554205
  0.312018127
  0.32133281
  0.329590816
  0.336887896
  0.343318678
  0.348975298
  0.353944453
  0.358306272
  0.362133907
  0.365493344
  0.368443364
  0.371035937
  0.37331671
  0.375325571
  0.37709724
  0.37866186
  0.380045553
  0.381270933
  0.382357579
  0.383322445
  0.384180226
  0.384943675
  0.385623882
  0.386230503
  0.386771968
  0.38725565
  0.38768801
  0.388074727
  0.388420801
  0.388730641
  0.389008147
  0.389256772
  0.389479581
  0.389679296
  0.389858341
  0.390018876
  0.390162827
  0.390291915
  0.390407679
  0.390511494
  0.390604593
  0.390688079
  0.390762941
  0.390830067
  0.390890252
  0.390944209
  0.390992578
  0.391035934
  0.391074794
  0.391109619
  0.391140826
  0.391168787
  0.391193838
  0.391216279
  0.391236379
  0.391254381
  0.391270503
  0.391284939
  0.391297864
  0.391309435
  0.8
  1.75605297E-06
  2.21046911E-06
  2.7824334E-06
  3.50233591E-06
  4.40841636E-06
  5.54878878E-06
  6.98398701E-06
  8.79016477E-06
  1.10631177E-05
  1.39233377E-05
  1.75223625E-05
  2.20507515E-05
  2.77480996E-05
  3.49156075E-05
  4.39318538E-05
  5.52725759E-05
  6.95354679E-05
  8.74712482E-05
  0.000110022559
  0.000138372637
  0.000174006154
  0.000218785204
  0.000275044099
  0.000345707477
  0.000434437238
  0.000545815034
  0.000685568451
  0.000860850707
  0.00108058554
  0.00135589116
  0.00170059924
  0.00213188756
  0.00267104664
  0.00334440268
  0.00418441949
  0.0052310008
  0.0065330098
  0.00815001352
  0.0101542431
  0.012632735
  0.015689577
  0.0194481278
  0.0240529986
  0.0296714886
  0.0364940477
  0.0447332164
  0.0546203887
  0.0663996934
  0.0803183581
  0.0966131652
  0.115085708
  0.134547302
  0.154110409
  0.173222133
  0.191535985
  0.208838056
  0.225001475
  0.239959903
  0.253689809
  0.266201005
  0.27752747
  0.287721752
  0.296850228
  0.304988219
  0.31221645
  0.318616946
  0.324271489
  0.329258549
  0.333651873
  0.337519765
  0.340924594
  0.343922518
  0.346563643
  0.348892329
  0.350947604
  0.352763645
  0.354370274
  0.355793452
  0.357055743
  0.358176749
  0.359173496
  0.360060781
  0.360851479
  0.361556808
  0.362186557
  0.362749287
  0.3632525
  0.363702781
  0.364105925
  0.364467044
  0.364790652
  0.365080746
  0.365340874
  0.365574183
  0.365783479
  0.365971258
  0.366139749
  0.366290943
  0.366426621
  0.366548376
  0.366657635
  0.366755677
  0.366843648
  0.366922579
  0.366993393
  0.367056918
  0.3671139
  0.367165007
  0.36721084
  0.367251939
  0.367288787
  0.367321822
  0.367351434
  0.367377974
  0.367401759
  0.367423071
  0.367442166
  0.367459273
  0.367474596
  0.36748832
  0.36750061
  0.85
  1.55553522E-06
  1.95806326E-06
  2.46471714E-06
  3.10241685E-06
  3.9050358E-06
  4.91519421E-06
  6.1865141E-06
  7.78645395E-06
  9.79987164E-06
  1.23335017E-05
  1.55215805E-05
  1.95329112E-05
  2.45797353E-05
  3.09288686E-05
  3.8915674E-05
  4.89615865E-05
  6.15960838E-05
  7.74842137E-05
  9.74610623E-05
  0.000122574884
  0.000154141023
  0.000193809266
  0.000243647882
  0.000306248346
  0.00038485567
  0.000483530309
  0.00060734893
  0.000762652809
  0.00095735434
  0.00120131412
  0.00150680312
  0.00188906683
  0.00236701013
  0.00296402374
  0.00370897403
  0.00463737736
  0.00579277758
  0.00722833854
  0.00900865097
  0.0112117327
  0.0139311696
  0.0172782971
  0.0213842595
  0.0264016972
  0.0325057119
  0.039893638
  0.0487830442
  0.0594073037
  0.0720080793
  0.0868242074
  0.103699205
  0.121557645
  0.139591862
  0.157296168
  0.174350381
  0.190552682
  0.205778246
  0.219955424
  0.233050134
  0.245057991
  0.255996748
  0.26590196
  0.274823303
  0.282820516
  0.289960362
  0.296312846
  0.301949649
  0.306941036
  0.311354261
  0.315252586
  0.318694549
  0.321733465
  0.324417372
  0.326789159
  0.328886839
  0.330743908
  0.332389758
  0.333850094
  0.335147354
  0.336301098
  0.337328372
  0.338244032
  0.339061039
  0.339790707
  0.340442936
  0.341026396
  0.341548699
  0.34201654
  0.342435818
  0.342811745
  0.343148932
  0.343451466
  0.343722979
  0.343966702
  0.344185512
  0.344381978
  0.344558394
  0.344716813
  0.344859073
  0.344986818
  0.345101527
  0.345204523
  0.345296995
  0.345380012
  0.345454532
  0.345521419
  0.345581448
  0.345635314
  0.345683645
  0.345727003
  0.345765896
  0.345800779
  0.34583206
  0.345860108
  0.345885254
  0.345907795
  0.345927998
  0.345946103
  0.345962327
  0.345976862
  0.345989884
  0.9
  1.38749932E-06
  1.74654457E-06
  2.19846761E-06
  2.76728047E-06
  3.48319747E-06
  4.38423498E-06
  5.51822274E-06
  6.94533246E-06
  8.74125587E-06
  1.10011985E-05
  1.38448975E-05
  1.74229235E-05
  2.19245946E-05
  2.758791E-05
  3.47120149E-05
  4.36728342E-05
  5.49426733E-05
  6.91147767E-05
  8.69340814E-05
  0.0001093357
  0.000137493039
  0.000172877906
  0.000217335521
  0.000273178012
  0.000343300783
  0.000431327132
  0.000541787637
  0.000680342193
  0.000854054169
  0.00107172791
  0.00134432282
  0.00168545934
  0.00211203419
  0.00264496429
  0.00331007982
  0.00413918741
  0.00517132264
  0.0064542062
  0.00804590911
  0.010016716
  0.0124511502
  0.0154500864
  0.0191328231
  0.0236389156
  0.0291294776
  0.035787556
  0.0438170703
  0.0534397174
  0.0648892
  0.0784022051
  0.0938556526
  0.110274018
  0.126921363
  0.143335454
  0.159221574
  0.174391142
  0.188723871
  0.202146126
  0.214616978
  0.226121556
  0.236664792
  0.246268169
  0.254966987
  0.262807135
  0.269842605
  0.276132125
  0.281737678
  0.286721485
  0.291144297
  0.295064238
  0.298535867
  0.301609488
  0.304330905
  0.306741384
  0.308877786
  0.310772808
  0.31245531
  0.31395066
  0.315281096
  0.316466082
  0.317522634
  0.318465628
  0.319308074
  0.320061362
  0.320735473
  0.32133917
  0.321880158
  0.322365227
  0.32280037
  0.32319089
  0.323541483
  0.323856323
  0.324139119
  0.324393176
  0.324621444
  0.324826558
  0.325010875
  0.325176506
  0.325325343
  0.325459083
  0.325579251
  0.325687214
  0.325784204
  0.325871326
  0.325949575
  0.326019845
  0.326082943
  0.326139591
  0.326190443
  0.326236083
  0.326277041
  0.326313792
  0.326346762
  0.326376337
  0.326402862
  0.326426647
  0.326447974
  0.326467093
  0.326484231
  0.32649959
  0.326513354
  0.95
  1.24529049E-06
  1.56753622E-06
  1.9731405E-06
  2.48365432E-06
  3.12619534E-06
  3.93488361E-06
  4.95264686E-06
  6.23348989E-06
  7.84534705E-06
  9.87366672E-06
  1.24259149E-05
  1.56372317E-05
  1.96775344E-05
  2.47604337E-05
  3.11544215E-05
  3.91969051E-05
  4.93118E-05
  6.20315766E-05
  7.8024867E-05
  9.81310142E-05
  0.000123403273
  0.000155162783
  0.000195065928
  0.00024518831
  0.000308129285
  0.000387141905
  0.000486294156
  0.000610668596
  0.000766608984
  0.00096202408
  0.00120676066
  0.00151305978
  0.00189611228
  0.00237473153
  0.00297216285
  0.00371704966
  0.00464457579
  0.00579779991
  0.00722919119
  0.00900236265
  0.0111939784
  0.0138957794
  0.0172166294
  0.0212844184
  0.0262475852
  0.032275924
  0.0395602321
  0.0483102614
  0.0587503689
  0.0711122728
  0.0852995345
  0.10042472
  0.115816027
  0.131050801
  0.145858371
  0.160063711
  0.173552618
  0.186251855
  0.198116511
  0.209124273
  0.219270191
  0.228564309
  0.237029758
  0.244700295
  0.2516184
  0.25783237
  0.263395003
  0.268360739
  0.272783919
  0.276717503
  0.280211985
  0.283314535
  0.286068594
  0.288513676
  0.290685372
  0.292615479
  0.294332234
  0.295860589
  0.297222522
  0.298437345
  0.299522001
  0.300491349
  0.301358419
  0.302134647
  0.302830077
  0.303453545
  0.304012836
  0.304514821
  0.304965577
  0.305370486
  0.305734325
  0.306061343
  0.306355324
  0.306619644
  0.306857318
  0.307071044
  0.30726324
  0.307436071
  0.307591483
  0.307731223
  0.30785686
  0.307969806
  0.308071331
  0.308162578
  0.308244577
  0.308318253
  0.308384442
  0.308443896
  0.30849729
  0.308545235
  0.30858828
  0.308626919
  0.308661598
  0.308692718
  0.308720639
  0.308745686
  0.308768152
  0.308788299
  0.308806364
  0.308822561
  0.308837079
  1.
  1.12387485E-06
  1.41470173E-06
  1.78075976E-06
  2.24149875E-06
  2.82139244E-06
  3.55123428E-06
  4.46976667E-06
  5.62572919E-06
  7.08043293E-06
  8.91099566E-06
  1.12144063E-05
  1.41126303E-05
  1.77590203E-05
  2.23463633E-05
  2.81169793E-05
  3.53753871E-05
  4.45041848E-05
  5.59839494E-05
  7.04181568E-05
  8.85643701E-05
  0.000111373241
  0.000140037236
  0.000176051465
  0.000221289503
  0.000278097818
  0.000349413153
  0.000438908219
  0.000551172157
  0.000691933553
  0.000868335302
  0.00108927233
  0.001365805
  0.00171166304
  0.00214385665
  0.00268341301
  0.00335625759
  0.00419425913
  0.00523645537
  0.00653047101
  0.00813412976
  0.0101172459
  0.012563555
  0.015572707
  0.0192621909
  0.0237689948
  0.0292507161
  0.0358857427
  0.0438720227
  0.0534238664
  0.0647661952
  0.0778238571
  0.0917871632
  0.106041542
  0.12020014
  0.134014632
  0.147323318
  0.160018937
  0.172030295
  0.18331067
  0.193832746
  0.203584174
  0.21256588
  0.220790852
  0.22828238
  0.235072697
  0.24120057
  0.246710207
  0.251648616
  0.256063891
  0.260003871
  0.263514948
  0.266641081
  0.269423248
  0.271899108
  0.274102878
  0.276065366
  0.277814104
  0.279373563
  0.2807654
  0.282008725
  0.283120367
  0.284115134
  0.285006048
  0.285804566
  0.286520776
  0.287163569
  0.287740795
  0.288259396
  0.28872552
  0.289144621
  0.28952155
  0.289860624
  0.290165696
  0.290440207
  0.290687236
  0.290909539
  0.291109592
  0.291289613
  0.291451598
  0.291597342
  0.291728458
  0.291846401
  0.291952478
  0.29204787
  0.292133639
  0.292210743
  0.292280046
  0.292342327
  0.292398286
  0.292448557
  0.292493709
  0.292534257
  0.292570664
  0.292603347
  0.292632682
  0.292659007
  0.292682627
  0.292703817
  0.292722823
  0.292739869
  0.292755153
  1.05
  1.01938776E-06
  1.2831764E-06
  1.61520195E-06
  2.03310601E-06
  2.55908701E-06
  3.22107559E-06
  4.05421238E-06
  5.10270577E-06
  6.42216702E-06
  8.08254467E-06
  1.01718112E-05
  1.28005941E-05
  1.61079903E-05
  2.02688664E-05
  2.5503018E-05
  3.20866596E-05
  4.03668302E-05
  5.07794448E-05
  6.38719015E-05
  8.03313763E-05
  0.000101020207
  0.000127020106
  0.000159687353
  0.000200721608
  0.000252251615
  0.000316941757
  0.000398124352
  0.000499963549
  0.000627657956
  0.000787690485
  0.000988135501
  0.0012390351
  0.00155285818
  0.00194505781
  0.00243474406
  0.00304549057
  0.00380629359
  0.0047527004
  0.00592812082
  0.00738532701
  0.00918813416
  0.0114132332
  0.0141521158
  0.0175129867
  0.0216225007
  0.0266270841
  0.0326935123
  0.0400083183
  0.0487755237
  0.0592121317
  0.071260033
  0.0841782727
  0.097403323
  0.110580583
  0.12348226
  0.135959418
  0.147912111
  0.159272274
  0.169992967
  0.180043801
  0.189407073
  0.198076603
  0.206057067
  0.213362838
  0.220017147
  0.226050153
  0.231498122
  0.236401035
  0.240800968
  0.244740735
  0.248262637
  0.251407381
  0.254213407
  0.256716438
  0.258949236
  0.260941535
  0.262720096
  0.264308842
  0.265729056
  0.266999601
  0.268137155
  0.26915644
  0.270070443
  0.270890622
  0.271627087
  0.272288771
  0.272883575
  0.273418497
  0.273899749
  0.274332849
  0.274722712
  0.275073721
  0.27538979
  0.275674421
  0.275930752
  0.276161597
  0.276369483
  0.276556681
  0.276725236
  0.276876987
  0.277013591
  0.277136543
  0.277247189
  0.277346743
  0.277436302
  0.277516855
  0.277589294
  0.277654422
  0.277712968
  0.277765585
  0.277812866
  0.277855342
  0.277893496
  0.27792776
  0.277958525
  0.277986143
  0.278010933
  0.278033179
  0.278053139
  0.278071046
  0.278087107
  1.1
  9.28822428E-07
  1.16917537E-06
  1.47170288E-06
  1.85247927E-06
  2.33173081E-06
  2.93490677E-06
  3.69402586E-06
  4.64936902E-06
  5.85160705E-06
  7.36447441E-06
  9.26812844E-06
  1.16633689E-05
  1.46769366E-05
  1.84681644E-05
  2.32373242E-05
  2.92360964E-05
  3.67806968E-05
  4.62683261E-05
  5.81977721E-05
  7.31951944E-05
  9.20463727E-05
  0.000115737004
  0.000145503006
  0.000182893252
  0.000229847698
  0.00028879455
  0.000362770907
  0.000455572277
  0.000571937473
  0.00071777668
  0.000900451978
  0.00112912121
  0.00141515786
  0.00177266133
  0.00221907378
  0.00277592083
  0.00346969412
  0.00433289293
  0.00540523917
  0.0067350741
  0.00838093424
  0.0104132866
  0.0129163772
  0.0159901084
  0.0197518108
  0.0243377055
  0.029903775
  0.0366256681
  0.0446971774
  0.0543267656
  0.0654699975
  0.0774468257
  0.0897392725
  0.102021723
  0.114085117
  0.125792529
  0.137051362
  0.147797348
  0.157984474
  0.167580761
  0.176564827
  0.184925088
  0.192659527
  0.19977503
  0.20628701
  0.21221794
  0.217596812
  0.222457034
  0.226834938
  0.230768456
  0.234295848
  0.237454559
  0.240280449
  0.242807237
  0.245066163
  0.247085819
  0.24889213
  0.250508415
  0.251955533
  0.253252059
  0.254414482
  0.25545741
  0.256393769
  0.257234994
  0.257991201
  0.258671349
  0.259283376
  0.25983433
  0.260330471
  0.260777378
  0.261180021
  0.261542841
  0.261869811
  0.262164489
  0.262430069
  0.262669417
  0.262885111
  0.263079472
  0.26325459
  0.263412349
  0.263554448
  0.263682419
  0.263797647
  0.263901381
  0.263994749
  0.264078769
  0.264154363
  0.26422236
  0.264283512
  0.264338496
  0.264387923
  0.264432347
  0.264472265
  0.264508127
  0.264540339
  0.264569266
  0.264595239
  0.264618555
  0.264639483
  0.264658262
  0.264675112
  1.15
  8.49811158E-07
  1.06971825E-06
  1.34651099E-06
  1.69489632E-06
  2.13337998E-06
  2.68524641E-06
  3.37979067E-06
  4.25386728E-06
  5.35383685E-06
  6.73801246E-06
  8.47973323E-06
  1.0671225E-05
  1.34284482E-05
  1.68971839E-05
  2.12606702E-05
  2.67491826E-05
  3.36520445E-05
  4.23326793E-05
  5.32474624E-05
  6.6969316E-05
  8.42172202E-05
  0.000105893091
  0.00013312782
  0.000167338696
  0.000210300919
  0.00026423656
  0.000331925034
  0.000416840029
  0.000523318891
  0.000656771632
  0.000823938115
  0.00103320349
  0.0012949836
  0.00162219385
  0.00203081656
  0.00254058328
  0.00317578933
  0.00396625755
  0.00494846608
  0.00616685051
  0.00767528167
  0.00953870619
  0.0118349146
  0.0146563692
  0.0181119801
  0.0223286576
  0.0274523965
  0.0336485647
  0.0411009801
  0.0500092909
  0.0603400565
  0.0714673448
  0.0829138747
  0.0943800585
  0.105673845
  0.116669467
  0.127281495
  0.137449817
  0.147130138
  0.156290013
  0.164905716
  0.172961693
  0.180450638
  0.187373245
  0.193738217
  0.199561232
  0.204864691
  0.209675906
  0.214025775
  0.21794753
  0.221475474
  0.224643808
  0.227485791
  0.230033095
  0.232315379
  0.234360039
  0.236192103
  0.237834238
  0.239306834
  0.240628137
  0.241814413
  0.242880128
  0.243838123
  0.24469979
  0.245475234
  0.246173424
  0.246802325
  0.247369019
  0.247879813
  0.248340331
  0.248755597
  0.249130104
  0.249467876
  0.249772526
  0.250047297
  0.250295107
  0.250518582
  0.250720088
  0.250901761
  0.251065527
  0.251213124
  0.251346124
  0.251465946
  0.251573874
  0.251671066
  0.251758572
  0.251837339
  0.251908224
  0.251972001
  0.252029369
  0.252080962
  0.25212735
  0.25216905
  0.252206526
  0.2522402
  0.252270451
  0.252297622
  0.252322021
  0.252343927
  0.252363591
  0.252381239
  1.2
  7.80469001E-07
  9.82432323E-07
  1.23663962E-06
  1.55659777E-06
  1.95930256E-06
  2.46613848E-06
  3.10401028E-06
  3.90676533E-06
  4.9169815E-06
  6.18821389E-06
  7.78781774E-06
  9.80049406E-06
  1.23327422E-05
  1.55184491E-05
  1.95259037E-05
  2.45665951E-05
  3.09062443E-05
  3.88786294E-05
  4.89029007E-05
  6.1505254E-05
  7.73460376E-05
  9.72536291E-05
  0.000122266731
  0.000153687121
  0.000193145367
  0.000242682567
  0.000304851881
  0.000382844401
  0.000480644885
  0.000603223988
  0.00075677488
  0.000949003604
  0.00118948407
  0.00149009023
  0.00186551956
  0.00233392348
  0.00291766111
  0.00364419304
  0.00454713027
  0.00566744969
  0.00705488063
  0.00876945473
  0.0108831926
  0.0134818733
  0.0166667934
  0.0205563706
  0.0252873815
  0.0310155448
  0.0379150778
  0.0461767815
  0.0557760718
  0.066135234
  0.0768134107
  0.0875343856
  0.0981215021
  0.108459272
  0.118469114
  0.128095207
  0.137295498
  0.146037906
  0.154297416
  0.162055682
  0.169301321
  0.176029982
  0.182244681
  0.187955156
  0.193177883
  0.197934574
  0.202251028
  0.206155986
  0.209679909
  0.2128538
  0.215708313
  0.218273048
  0.22057604
  0.222643438
  0.224499327
  0.226165675
  0.227662361
  0.229007265
  0.230216402
  0.231304065
  0.232282988
  0.233164501
  0.233958683
  0.234674496
  0.235319921
  0.235902065
  0.236427272
  0.236901207
  0.237328936
  0.237715002
  0.238063475
  0.238378018
  0.238661921
  0.238918148
  0.239149372
  0.239358004
  0.23954622
  0.239715987
  0.239869085
  0.240007119
  0.240131546
  0.24024368
  0.240344711
  0.240435718
  0.240517676
  0.240591465
  0.240657885
  0.240717656
  0.240771431
  0.2408198
  0.240863297
  0.240902404
  0.240937555
  0.240969144
  0.240997525
  0.24102302
  0.241045916
  0.241066475
  0.241084932
  1.25
  7.1928029E-07
  9.05409722E-07
  1.13968722E-06
  1.43456074E-06
  1.80569361E-06
  2.27279381E-06
  2.86065681E-06
  3.6004764E-06
  4.53149248E-06
  5.70306161E-06
  7.17725867E-06
  9.03214458E-06
  1.13658698E-05
  1.43018259E-05
  1.79951096E-05
  2.26406322E-05
  2.84832867E-05
  3.58306904E-05
  4.50691437E-05
  5.66836065E-05
  7.12826846E-05
  8.96298558E-05
  0.000112682459
  0.000141640326
  0.000178006364
  0.000223661928
  0.000280960447
  0.000352843519
  0.000442984581
  0.00055596628
  0.000697498898
  0.000874688475
  0.00109636481
  0.00137348102
  0.00171959803
  0.00215146851
  0.0026897363
  0.00335976714
  0.00419262611
  0.00522621391
  0.00650656877
  0.00808933025
  0.0100413456
  0.0124423752
  0.0153868208
  0.0189853514
  0.023366248
  0.0286762113
  0.0350803019
  0.042760604
  0.0516996791
  0.061362902
  0.0713420804
  0.0813820001
  0.0913199145
  0.101049747
  0.110499362
  0.119617217
  0.128363812
  0.136708032
  0.14462439
  0.152092708
  0.159098551
  0.165633533
  0.171695915
  0.177290291
  0.182427867
  0.187125244
  0.191403479
  0.195287054
  0.198802726
  0.201978365
  0.204842042
  0.207421268
  0.209742427
  0.21183038
  0.213708229
  0.215397199
  0.216916622
  0.21828398
  0.219515003
  0.220623789
  0.221622943
  0.222523714
  0.223336136
  0.224069156
  0.224730755
  0.22532806
  0.225867439
  0.226354591
  0.226794623
  0.227192116
  0.227551186
  0.227875539
  0.22816851
  0.228433107
  0.228672045
  0.228887778
  0.229082523
  0.229258286
  0.229416882
  0.229559955
  0.229688993
  0.229805344
  0.229910227
  0.230004749
  0.230089912
  0.230166622
  0.230235701
  0.23029789
  0.230353864
  0.230404231
  0.23044954
  0.230490291
  0.230526934
  0.230559874
  0.230589478
  0.23061608
  0.230639978
  0.230661443
  0.230680719
  1.3
  6.65015109E-07
  8.3710226E-07
  1.05370502E-06
  1.32633224E-06
  1.66946555E-06
  2.10132612E-06
  2.64483878E-06
  3.32884403E-06
  4.18962143E-06
  5.27280407E-06
  6.63578389E-06
  8.35073297E-06
  1.05083976E-05
  1.3222861E-05
  1.66375205E-05
  2.09325848E-05
  2.63344752E-05
  3.31276069E-05
  4.16691457E-05
  5.24074794E-05
  6.59053215E-05
  8.28685872E-05
  0.000104182449
  0.000130956309
  0.000164579837
  0.000206792677
  0.000259771068
  0.000326235246
  0.000409582396
  0.000514050824
  0.000644922182
  0.000808769811
  0.00101376267
  0.00127003583
  0.00159014
  0.00198958397
  0.00248748505
  0.00310734301
  0.00387795255
  0.00483446722
  0.0060196229
  0.00748512054
  0.00929315443
  0.0115180514
  0.0142479573
  0.0175864659
  0.0216540336
  0.0265889568
  0.0325476174
  0.0397036224
  0.0480453047
  0.0570766609
  0.0664188599
  0.0758355822
  0.0851766409
  0.0943445408
  0.103273149
  0.111915083
  0.120233562
  0.128198851
  0.13578561
  0.142972603
  0.149743205
  0.156085905
  0.16199478
  0.167470596
  0.172519405
  0.177153347
  0.181389095
  0.18524712
  0.188750632
  0.191924456
  0.194794113
  0.197385031
  0.199721918
  0.201828321
  0.203726321
  0.205436367
  0.206977207
  0.208365894
  0.209617846
  0.210746943
  0.211765638
  0.212685084
  0.213515253
  0.214265064
  0.21494249
  0.215554663
  0.216107972
  0.21660814
  0.217060309
  0.217469095
  0.217838654
  0.218172731
  0.218474703
  0.218747618
  0.218994233
  0.219217041
  0.219418297
  0.219600046
  0.219764137
  0.21991225
  0.220045904
  0.220166479
  0.220275225
  0.220373275
  0.220461657
  0.220541302
  0.220613054
  0.220677677
  0.220735864
  0.220788243
  0.22083538
  0.220877789
  0.220915936
  0.22095024
  0.22098108
  0.2210088
  0.221033711
  0.221056092
  0.221076195
  1.35
  6.16666999E-07
  7.76243036E-07
  9.77098307E-07
  1.22990495E-06
  1.54809176E-06
  1.94855521E-06
  2.45255347E-06
  3.08683031E-06
  3.88502776E-06
  4.88946142E-06
  6.15335088E-06
  7.74362148E-06
  9.74442252E-06
  1.22615439E-05
  1.54279589E-05
  1.94107765E-05
  2.44199598E-05
  3.07192512E-05
  3.86398577E-05
  4.85975803E-05
  6.11142414E-05
  7.68444649E-05
  9.66091173E-05
  0.000121437022
  0.000152616933
  0.000191762211
  0.000240891171
  0.00030252675
  0.00037981988
  0.000476701882
  0.00059807222
  0.000750029152
  0.000940152132
  0.00117784624
  0.00147476036
  0.00184529232
  0.00230719513
  0.00288229956
  0.00359736757
  0.00448508994
  0.00558523727
  0.00694596672
  0.00862527508
  0.0106925711
  0.013230314
  0.0163356296
  0.0201217681
  0.0247192076
  0.0302761409
  0.0369580061
  0.0447578009
  0.0532142417
  0.0619749516
  0.0708206364
  0.0796124495
  0.0882606968
  0.096704795
  0.104901336
  0.11281631
  0.120421637
  0.127692585
  0.134607471
  0.141148193
  0.147300832
  0.153056298
  0.158411599
  0.163368753
  0.167935749
  0.172125236
  0.175953938
  0.179441687
  0.182610365
  0.185482997
  0.188082936
  0.190433214
  0.192556035
  0.194472433
  0.196202048
  0.197763015
  0.199171929
  0.200443871
  0.201592478
  0.202630034
  0.203567575
  0.204415003
  0.205181191
  0.205874094
  0.206500842
  0.207067835
  0.207580817
  0.208044955
  0.208464897
  0.208844833
  0.209188545
  0.209499447
  0.209780626
  0.210034877
  0.21026473
  0.210472477
  0.210660198
  0.210829778
  0.210982929
  0.211121203
  0.211246009
  0.211358626
  0.211460214
  0.211551827
  0.21163442
  0.211708859
  0.21177593
  0.211836344
  0.211890748
  0.211939726
  0.211983807
  0.21202347
  0.21205915
  0.212091237
  0.212120087
  0.212146021
  0.212169327
  0.212190267
  1.4
  5.73405955E-07
  7.21787263E-07
  9.08551952E-07
  1.14362348E-06
  1.43948859E-06
  1.81185842E-06
  2.28049986E-06
  2.87028054E-06
  3.61248248E-06
  4.54645281E-06
  5.72167777E-06
  7.20038795E-06
  9.06082971E-06
  1.14013722E-05
  1.4345661E-05
  1.80490839E-05
  2.27068767E-05
  2.85642838E-05
  3.59292833E-05
  4.51885167E-05
  5.68272151E-05
  7.14541041E-05
  8.98325038E-05
  0.000112919126
  0.000141912414
  0.000178312703
  0.000223996965
  0.000281311532
  0.000353186899
  0.00044327955
  0.000556146732
  0.000697461235
  0.000874274451
  0.00109533737
  0.00137149055
  0.00171613552
  0.0021458012
  0.00268081977
  0.00334612636
  0.00417219592
  0.00519612733
  0.00646287895
  0.00802664997
  0.00995238637
  0.0123173678
  0.0152127995
  0.0187452927
  0.0230380594
  0.0282315894
  0.034483501
  0.0417905624
  0.049722794
  0.057951711
  0.0662733881
  0.0745592228
  0.0827266013
  0.0907200401
  0.0984998817
  0.10603486
  0.113298715
  0.120267657
  0.126920034
  0.133236847
  0.139202412
  0.144805124
  0.150038846
  0.154902108
  0.159399203
  0.163539119
  0.167335094
  0.170803766
  0.173964192
  0.17683696
  0.179443382
  0.181804806
  0.183942085
  0.18587518
  0.187622899
  0.189202733
  0.190630793
  0.1919218
  0.193089128
  0.194144871
  0.195099935
  0.195964133
  0.196746285
  0.197454316
  0.198095346
  0.198675776
  0.199201366
  0.199677302
  0.200108259
  0.200498458
  0.200851712
  0.201171471
  0.201460857
  0.201722699
  0.201959564
  0.202173778
  0.202367457
  0.202542517
  0.202700703
  0.202843597
  0.202972638
  0.203089133
  0.203194268
  0.203289123
  0.203374675
  0.203451813
  0.203521344
  0.203583998
  0.20364044
  0.203691271
  0.203737036
  0.203778228
  0.203815295
  0.20384864
  0.20387863
  0.203905596
  0.203929837
  0.203951624
  1.45
  5.34542559E-07
  6.72867124E-07
  8.4697359E-07
  1.06611285E-06
  1.34192533E-06
  1.68905736E-06
  2.12593609E-06
  2.67574379E-06
  3.36764232E-06
  4.23831209E-06
  5.33388549E-06
  6.71237553E-06
  8.44672569E-06
  1.06286385E-05
  1.33733803E-05
  1.68258084E-05
  2.11679285E-05
  2.66283666E-05
  3.34942325E-05
  4.21259712E-05
  5.29759399E-05
  6.66116282E-05
  8.37446548E-05
  0.000105266942
  0.00013229579
  0.000166229979
  0.000208819471
  0.0002622519
  0.000329259651
  0.000413252185
  0.000518479132
  0.000650230762
  0.000815083614
  0.00102120034
  0.00127869422
  0.00160007
  0.00200075422
  0.00249972859
  0.0031202807
  0.0038908851
  0.00484622558
  0.00602836431
  0.00748805502
  0.00928618418
  0.0114953039
  0.0142011923
  0.0175043396
  0.0215212083
  0.0263850578
  0.032246057
  0.0391040196
  0.04655727
  0.054298956
  0.0621390521
  0.0699582187
  0.0776802612
  0.0852543637
  0.092644373
  0.0998216887
  0.106761951
  0.113442544
  0.119842213
  0.125941534
  0.131723597
  0.137174847
  0.142286559
  0.147054274
  0.151479025
  0.155566487
  0.159326679
  0.162773238
  0.165922519
  0.168792751
  0.171403237
  0.173773657
  0.175923504
  0.177871649
  0.179636042
  0.18123351
  0.182679657
  0.183988821
  0.185174091
  0.186247356
  0.187219374
  0.188099858
  0.188897563
  0.189620373
  0.190275389
  0.190869009
  0.191406998
  0.191894559
  0.192336388
  0.192736731
  0.193099433
  0.193427971
  0.193725503
  0.193994889
  0.194238731
  0.194459387
  0.194659004
  0.194839533
  0.195002748
  0.195150261
  0.19528354
  0.195403917
  0.195512607
  0.195610712
  0.195699233
  0.195779082
  0.195851084
  0.19591599
  0.195974482
  0.196027178
  0.196074638
  0.196117371
  0.196155835
  0.196190449
  0.196221589
  0.196249597
  0.196274781
  0.196297422
  1.5
  4.99500347E-07
  6.28756983E-07
  7.91449824E-07
  9.9622332E-07
  1.25395482E-06
  1.5783305E-06
  1.98656954E-06
  2.5003345E-06
  3.14687558E-06
  3.96046866E-06
  4.98422198E-06
  6.2723457E-06
  7.89300172E-06
  9.93188143E-06
  1.24966955E-05
  1.57228063E-05
  1.97802898E-05
  2.48827871E-05
  3.12985911E-05
  3.93645247E-05
  4.95033019E-05
  6.22452283E-05
  7.82553002E-05
  9.83670138E-05
  0.000123624496
  0.000155334937
  0.000195133756
  0.000245065448
  0.000307683706
  0.000386175157
  0.0004845119
  0.000607639054
  0.000761704614
  0.000954340158
  0.00119500224
  0.00149538561
  0.00186992056
  0.00233636775
  0.00291652395
  0.00363705202
  0.00453044594
  0.00563613803
  0.00700174768
  0.00868445975
  0.0107525027
  0.0132866718
  0.0163818094
  0.0201481079
  0.0247120497
  0.030216732
  0.0366644248
  0.0436791152
  0.0509735847
  0.0583704056
  0.0657586236
  0.0730678621
  0.0802515646
  0.0872768286
  0.0941176035
  0.100751451
  0.107157081
  0.113313908
  0.119202461
  0.124805055
  0.130106672
  0.135096491
  0.139767525
  0.144117953
  0.148150475
  0.151872156
  0.155293827
  0.158429276
  0.161294458
  0.163906713
  0.16628407
  0.168444662
  0.170406259
  0.172185936
  0.173799836
  0.175263031
  0.176589457
  0.177791902
  0.17888203
  0.179870439
  0.180766729
  0.181579575
  0.182316816
  0.182985523
  0.183592082
  0.184142261
  0.184641271
  0.185093826
  0.185504194
  0.185876243
  0.186213482
  0.186519095
  0.186795977
  0.187046756
  0.187273825
  0.187479361
  0.187665346
  0.187833582
  0.18798571
  0.188123227
  0.188247491
  0.188359741
  0.188461103
  0.188552603
  0.188635171
  0.188709655
  0.188776824
  0.188837377
  0.188891949
  0.188941115
  0.188985398
  0.189025271
  0.189061162
  0.189093462
  0.189122521
  0.189148657
  0.18917216
