  0.05
  1.5
 29
 -3.
  3.
 120
  0.05
  0.00516107441
  0.00648509061
  0.00814495086
  0.0102236752
  0.0128235813
  0.0160700826
  0.0201158449
  0.0251450949
  0.0313777032
  0.0390724233
  0.0485283552
  0.0600833393
  0.074107639
  0.090991057
  0.111121766
  0.134855863
  0.162478217
  0.194157575
  0.229901776
  0.269521395
  0.312610948
  0.358554928
  0.406561304
  0.455718834
  0.505068948
  0.553679862
  0.600711271
  0.645461451
  0.687393318
  0.72614059
  0.761498024
  0.793400964
  0.821899375
  0.847130427
  0.869292759
  0.888623791
  0.905381168
  0.91982836
  0.932221129
  0.942721642
  0.951469089
  0.958678979
  0.964582019
  0.969394207
  0.97330599
  0.976480011
  0.979052564
  0.981136438
  0.982824249
  0.984191535
  0.985299768
  0.986198734
  0.986928687
  0.987522161
  0.988005374
  0.988399475
  0.988721496
  0.988985162
  0.989201532
  0.989379516
  0.989526301
  0.989647683
  0.989748346
  0.989832073
  0.989901926
  0.989960388
  0.990009472
  0.990050816
  0.990085754
  0.990115372
  0.990140562
  0.990162052
  0.990180443
  0.990196227
  0.990209813
  0.99022154
  0.990231687
  0.99024049
  0.990248145
  0.990254815
  0.99026064
  0.990265735
  0.990270201
  0.990274121
  0.990277568
  0.990280602
  0.990283276
  0.990285636
  0.99028772
  0.990289563
  0.990291194
  0.990292639
  0.990293919
  0.990295054
  0.990296062
  0.990296956
  0.99029775
  0.990298455
  0.990299083
  0.99029964
  0.990300136
  0.990300577
  0.99030097
  0.990301319
  0.99030163
  0.990301907
  0.990302154
  0.990302373
  0.990302569
  0.990302743
  0.990302898
  0.990303036
  0.99030316
  0.990303269
  0.990303367
  0.990303454
  0.990303532
  0.990303601
  0.990303663
  0.990303718
  0.990303767
  0.1
  0.00129695508
  0.00163184097
  0.00205293031
  0.00258226266
  0.00324742742
  0.004082913
  0.0051317564
  0.00644754401
  0.00809681335
  0.0101618969
  0.0127442278
  0.015968087
  0.0199846992
  0.0249764744
  0.031161021
  0.0387943215
  0.0481721556
  0.059628502
  0.0735293104
  0.0902598309
  0.110203822
  0.133713671
  0.161071979
  0.192447496
  0.227851109
  0.267099974
  0.30979874
  0.355344983
  0.40296154
  0.451752283
  0.500772431
  0.549101355
  0.595906477
  0.640490119
  0.682315809
  0.721015014
  0.756378057
  0.788334501
  0.816917683
  0.841950231
  0.86328501
  0.881164344
  0.89598928
  0.908195875
  0.918198849
  0.926369436
  0.933028681
  0.938448313
  0.94285574
  0.946438758
  0.949351658
  0.951720933
  0.953649294
  0.955220498
  0.956501967
  0.957548996
  0.958405822
  0.959108337
  0.959685546
  0.960160887
  0.960553304
  0.960878114
  0.961147708
  0.961372121
  0.961559484
  0.961716398
  0.961848224
  0.961959326
  0.962053262
  0.962132937
  0.962200732
  0.962258596
  0.962308134
  0.96235067
  0.962387298
  0.962418923
  0.9624463
  0.962470058
  0.962490723
  0.962508738
  0.962524473
  0.962538243
  0.962550315
  0.962560916
  0.962570237
  0.962578446
  0.962585683
  0.962592071
  0.962597716
  0.962602708
  0.962607126
  0.96261104
  0.96261451
  0.962617588
  0.962620319
  0.962622744
  0.962624899
  0.962626813
  0.962628515
  0.962630029
  0.962631376
  0.962632574
  0.96263364
  0.962634589
  0.962635434
  0.962636186
  0.962636857
  0.962637453
  0.962637985
  0.962638459
  0.962638881
  0.962639257
  0.962639592
  0.962639891
  0.962640157
  0.962640394
  0.962640605
  0.962640794
  0.962640962
  0.962641111
  0.962641245
  0.15
  0.000576978615
  0.000726140047
  0.000913802394
  0.00114987038
  0.00144677858
  0.00182012734
  0.00228947284
  0.0028793052
  0.00362025434
  0.00455056837
  0.00571791351
  0.00718154532
  0.00901489695
  0.0113086156
  0.0141740486
  0.0177471278
  0.02219251
  0.0277076968
  0.034526658
  0.0429222173
  0.0532061318
  0.0657254489
  0.080853439
  0.0989733432
  0.120453556
  0.145613937
  0.174684819
  0.207762892
  0.244770776
  0.285428865
  0.329247685
  0.375545893
  0.423493758
  0.472176008
  0.520663478
  0.568081716
  0.613666567
  0.65680096
  0.697012017
  0.733406733
  0.765150563
  0.792211843
  0.814951745
  0.833875716
  0.849518964
  0.862389461
  0.872943096
  0.881578229
  0.888631805
  0.894388995
  0.899084544
  0.902915195
  0.906041466
  0.908594525
  0.91068312
  0.912391314
  0.91379155
  0.914941349
  0.915887354
  0.916667372
  0.917312042
  0.917846193
  0.91828996
  0.918659674
  0.918968595
  0.9192275
  0.919445158
  0.919628714
  0.919784001
  0.919915787
  0.920027979
  0.920123785
  0.920205844
  0.920276335
  0.920337059
  0.920389512
  0.920434938
  0.920474373
  0.920508688
  0.920538611
  0.920564757
  0.920587646
  0.920607719
  0.920625351
  0.92064086
  0.920654522
  0.92066657
  0.920677208
  0.920686611
  0.920694929
  0.920702293
  0.920708818
  0.920714604
  0.920719738
  0.920724295
  0.920728342
  0.920731938
  0.920735134
  0.920737977
  0.920740505
  0.920742754
  0.920744756
  0.920746538
  0.920748125
  0.920749538
  0.920750796
  0.920751917
  0.920752916
  0.920753805
  0.920754598
  0.920755304
  0.920755934
  0.920756495
  0.920756995
  0.920757441
  0.920757838
  0.920758192
  0.920758508
  0.92075879
  0.920759041
  0.920759264
  0.2
  0.000324659725
  0.00040862683
  0.000514287923
  0.000647236099
  0.000814500094
  0.0010249093
  0.00128954967
  0.00162233199
  0.00204069858
  0.00256649941
  0.00322707407
  0.00405658144
  0.00509762343
  0.00640321187
  0.00803912599
  0.0100866991
  0.0126460513
  0.0158397456
  0.0198167731
  0.0247566644
  0.0308733594
  0.0384182387
  0.047681427
  0.0589901404
  0.072702529
  0.089195282
  0.108843398
  0.131991223
  0.158915313
  0.1897819
  0.224604427
  0.263208875
  0.305215403
  0.350043156
  0.39694084
  0.445039935
  0.49342212
  0.541189497
  0.587498248
  0.630767103
  0.669383717
  0.702887065
  0.73143751
  0.755470862
  0.775528335
  0.792164199
  0.805900205
  0.817204489
  0.826486342
  0.834094977
  0.840326505
  0.84542751
  0.849602889
  0.853021914
  0.855823601
  0.858121635
  0.860009013
  0.861561522
  0.862840865
  0.863897232
  0.864771424
  0.865496599
  0.866099711
  0.866602672
  0.867023308
  0.867376133
  0.867672975
  0.867923488
  0.868135559
  0.868315648
  0.86846905
  0.868600119
  0.86871244
  0.868808976
  0.868892176
  0.868964075
  0.869026369
  0.869080472
  0.869127568
  0.869168654
  0.869204568
  0.869236019
  0.869263612
  0.869287856
  0.86930919
  0.869327989
  0.869344574
  0.869359222
  0.869372172
  0.869383632
  0.869393782
  0.869402778
  0.869410757
  0.869417837
  0.869424125
  0.86942971
  0.869434675
  0.869439089
  0.869443014
  0.869446507
  0.869449616
  0.869452383
  0.869454846
  0.86945704
  0.869458994
  0.869460735
  0.869462286
  0.869463668
  0.869464899
  0.869465997
  0.869466975
  0.869467847
  0.869468624
  0.869469317
  0.869469935
  0.869470486
  0.869470977
  0.869471414
  0.869471805
  0.869472153
  0.869472463
  0.25
  0.000207814607
  0.000261572471
  0.000329225532
  0.000414359811
  0.000521483894
  0.000656264717
  0.000825822782
  0.00103910129
  0.00130732695
  0.0016445842
  0.00206852872
  0.0026012716
  0.00327047023
  0.00411066781
  0.0051649272
  0.00648680752
  0.00814272936
  0.0102147649
  0.0128038668
  0.0160335065
  0.0200536235
  0.0250446704
  0.0312213763
  0.0388356197
  0.0481775093
  0.0595734428
  0.0733796031
  0.0899691939
  0.109711888
  0.132944694
  0.159934934
  0.190838248
  0.225657139
  0.264207737
  0.306103082
  0.350759398
  0.397427602
  0.445246598
  0.493275539
  0.539495378
  0.581666961
  0.618901742
  0.651089795
  0.678514927
  0.701640793
  0.720990558
  0.737090353
  0.750427677
  0.761442302
  0.770517137
  0.777982651
  0.784117882
  0.789157188
  0.793296808
  0.796697723
  0.799494417
  0.801796422
  0.803693755
  0.80526005
  0.806555448
  0.80762902
  0.808520775
  0.809263328
  0.80988326
  0.810402248
  0.810837976
  0.811204882
  0.811514772
  0.811777303
  0.812000397
  0.812190555
  0.812353129
  0.812492531
  0.812612406
  0.812715777
  0.812805154
  0.812882627
  0.812949945
  0.813008572
  0.813059739
  0.813104484
  0.813143687
  0.813178092
  0.813208336
  0.813234959
  0.813258427
  0.813279138
  0.813297438
  0.813313622
  0.813327949
  0.813340642
  0.813351895
  0.81336188
  0.813370743
  0.813378616
  0.813385612
  0.813391831
  0.813397363
  0.813402284
  0.813406663
  0.813410562
  0.813414033
  0.813417125
  0.813419878
  0.813422332
  0.813424518
  0.813426466
  0.813428202
  0.813429749
  0.813431129
  0.813432358
  0.813433455
  0.813434432
  0.813435304
  0.813436081
  0.813436774
  0.813437392
  0.813437943
  0.813438434
  0.813438872
  0.813439263
  0.3
  0.000144327918
  0.000181666907
  0.000228659508
  0.000287798448
  0.000362218537
  0.000455861247
  0.000573681011
  0.000721903634
  0.00090834956
  0.00114283772
  0.00143768916
  0.00180835366
  0.00227418725
  0.00285941358
  0.00359430724
  0.00451664208
  0.00567345111
  0.00712314486
  0.00893803011
  0.0112072564
  0.0140401875
  0.0175701422
  0.0219583614
  0.0273979276
  0.0341171701
  0.0423818412
  0.0524950381
  0.0647935233
  0.0796388429
  0.0974016004
  0.118437628
  0.143055813
  0.17147912
  0.203802741
  0.239955776
  0.279674461
  0.322494609
  0.367768104
  0.414664118
  0.461008178
  0.504171549
  0.542931672
  0.576923008
  0.606246094
  0.631240925
  0.652352899
  0.670065003
  0.684845107
  0.697129638
  0.707308017
  0.715723225
  0.722669517
  0.728397402
  0.733119078
  0.737010267
  0.74021902
  0.742866777
  0.745053961
  0.74686317
  0.748362187
  0.749606551
  0.750641714
  0.751504847
  0.752226338
  0.75283103
  0.753339239
  0.753767589
  0.754129692
  0.75443671
  0.754697807
  0.754920518
  0.755111052
  0.755274532
  0.7554152
  0.75553657
  0.755641568
  0.75573263
  0.755811797
  0.755880777
  0.755941008
  0.755993706
  0.756039896
  0.756080452
  0.756116118
  0.756147527
  0.756175225
  0.75619968
  0.756221295
  0.756240418
  0.756257354
  0.756272363
  0.756285675
  0.75629749
  0.756307981
  0.756317303
  0.75632559
  0.756332959
  0.756339515
  0.75634535
  0.756350543
  0.756355168
  0.756359287
  0.756362956
  0.756366225
  0.756369139
  0.756371735
  0.756374049
  0.756376113
  0.756377952
  0.756379592
  0.756381054
  0.756382358
  0.756383521
  0.756384558
  0.756385483
  0.756386308
  0.756387044
  0.7563877
  0.756388286
  0.756388807
  0.756389273
  0.35
  0.000106042251
  0.000133478142
  0.00016800833
  0.000211465284
  0.000266153841
  0.000334972476
  0.000421565463
  0.000530513628
  0.00066757331
  0.000839975342
  0.00105679866
  0.00132943634
  0.00167217579
  0.00210291899
  0.00264407386
  0.00332365264
  0.00417661828
  0.0052465237
  0.00658749033
  0.00826656933
  0.0103665177
  0.0129889974
  0.0162581613
  0.0203245161
  0.0253688366
  0.0316057411
  0.0392863055
  0.048698813
  0.0601664154
  0.0740402027
  0.0906860541
  0.110463861
  0.133698491
  0.160643351
  0.191439599
  0.226076512
  0.264360478
  0.305900492
  0.350074768
  0.39475644
  0.437156808
  0.475842868
  0.510246748
  0.540296515
  0.566195893
  0.588288899
  0.606987731
  0.622713742
  0.635875607
  0.646848927
  0.655970324
  0.663536712
  0.669803036
  0.674988519
  0.679276711
  0.682823727
  0.685758683
  0.688189113
  0.690204004
  0.691876788
  0.693267913
  0.69442706
  0.695395011
  0.696205215
  0.696885099
  0.69745715
  0.697939811
  0.698348219
  0.698694807
  0.6989898
  0.69924162
  0.699457214
  0.699642324
  0.699801707
  0.699939312
  0.700058425
  0.70016179
  0.7002517
  0.700330084
  0.700398562
  0.700458504
  0.700511071
  0.700557247
  0.700597873
  0.700633667
  0.700665246
  0.700693139
  0.700717802
  0.700739633
  0.700758973
  0.700776119
  0.700791333
  0.70080484
  0.700816839
  0.700827504
  0.700836988
  0.700845425
  0.700852933
  0.700859616
  0.700865568
  0.700870869
  0.700875592
  0.7008798
  0.700883551
  0.700886894
  0.700889874
  0.700892532
  0.700894901
  0.700897014
  0.700898898
  0.700900579
  0.700902078
  0.700903415
  0.700904608
  0.700905672
  0.700906621
  0.700907468
  0.700908223
  0.700908897
  0.700909498
  0.700910034
  0.4
  8.11912891E-05
  0.000102198465
  0.000128638131
  0.000161913807
  0.000203790983
  0.000256490149
  0.000322803578
  0.000406241835
  0.000511217443
  0.000643274934
  0.000809378686
  0.00101827258
  0.00128092862
  0.00161110545
  0.00202604181
  0.00254731472
  0.00320189735
  0.00402345617
  0.00505393115
  0.00634544461
  0.00796258179
  0.00998507685
  0.0125109158
  0.0156598274
  0.0195770648
  0.0244372748
  0.0304480927
  0.0378528903
  0.0469318256
  0.0580000419
  0.071401573
  0.0874973657
  0.106645982
  0.129176217
  0.155352216
  0.185333732
  0.219136552
  0.256600188
  0.297329065
  0.339361183
  0.379917652
  0.417469237
  0.451311556
  0.4812322
  0.507307966
  0.529777076
  0.5489688
  0.565243186
  0.578964547
  0.590480611
  0.600110002
  0.608140062
  0.614821826
  0.62037436
  0.624983412
  0.628808628
  0.631983304
  0.634619336
  0.636809973
  0.638632624
  0.640151361
  0.641419088
  0.642479412
  0.643368232
  0.64411508
  0.64474424
  0.64527568
  0.645725826
  0.646108198
  0.646433937
  0.646712234
  0.646950681
  0.647155564
  0.647332095
  0.647484605
  0.647616703
  0.647731406
  0.647831237
  0.647918319
  0.647994437
  0.648061103
  0.648119595
  0.648171002
  0.648216252
  0.648256139
  0.648291345
  0.648322456
  0.648349977
  0.648374346
  0.648395944
  0.648415101
  0.648432105
  0.648447208
  0.648460629
  0.648472562
  0.648483178
  0.648492624
  0.648501034
  0.648508522
  0.648515193
  0.648521137
  0.648526433
  0.648531154
  0.648535363
  0.648539116
  0.648542462
  0.648545447
  0.648548108
  0.648550483
  0.648552601
  0.64855449
  0.648556176
  0.64855768
  0.648559022
  0.648560219
  0.648561287
  0.648562241
  0.648563091
  0.64856385
  0.648564527
  0.648565132
  0.45
  6.41525995E-05
  8.07517138E-05
  0.000101643663
  0.000127937694
  0.000161029219
  0.000202673429
  0.000255077718
  0.000321017692
  0.000403982677
  0.000508358107
  0.000639653928
  0.000804790302
  0.00101245452
  0.00127354611
  0.00160173073
  0.00201412775
  0.00253216087
  0.00318260612
  0.00399887655
  0.00502258632
  0.00630543927
  0.00791148397
  0.0099197681
  0.0124274028
  0.0155530081
  0.0194404423
  0.0242626151
  0.0302250284
  0.037568479
  0.0465700926
  0.057541554
  0.0708231237
  0.0867718848
  0.105742812
  0.128061912
  0.153991994
  0.183693624
  0.217186169
  0.254275312
  0.293213568
  0.331340684
  0.367117335
  0.399763872
  0.428966092
  0.454694765
  0.477090317
  0.496398284
  0.512911308
  0.526941977
  0.538800171
  0.548778177
  0.557145956
  0.56414398
  0.569985595
  0.574854264
  0.578909531
  0.582286023
  0.585097754
  0.587440477
  0.589394221
  0.591025616
  0.592389965
  0.593533062
  0.594492758
  0.595300303
  0.595981474
  0.596557527
  0.597045994
  0.597461335
  0.59781549
  0.598118328
  0.598378014
  0.598601318
  0.59879386
  0.598960318
  0.599104594
  0.599229949
  0.599339118
  0.599434401
  0.599517735
  0.59959076
  0.599654866
  0.599711236
  0.59976088
  0.599804662
  0.599843323
  0.599877503
  0.599907753
  0.599934551
  0.599958311
  0.599979395
  0.599998116
  0.600014751
  0.600029539
  0.600042694
  0.600054399
  0.600064819
  0.600074099
  0.600082365
  0.600089731
  0.600096296
  0.600102148
  0.600107366
  0.60011202
  0.60011617
  0.600119872
  0.600123174
  0.60012612
  0.600128749
  0.600131094
  0.600133187
  0.600135055
  0.600136722
  0.600138209
  0.600139537
  0.600140721
  0.600141779
  0.600142722
  0.600143564
  0.600144316
  0.600144987
  0.5
  5.19644501E-05
  6.54102263E-05
  8.23334873E-05
  0.00010363289
  0.000130438988
  0.000164173906
  0.000206626303
  0.000260045477
  0.000327259457
  0.000411823095
  0.000518203638
  0.000652013045
  0.000820298495
  0.00103190514
  0.0012979283
  0.00163227584
  0.00205236585
  0.00257998911
  0.00324237074
  0.00407347014
  0.00511556183
  0.00642114098
  0.00805519468
  0.0100978687
  0.0126475367
  0.0158242372
  0.0197733726
  0.0246694584
  0.030719552
  0.0381657818
  0.0472861255
  0.058392298
  0.0718233418
  0.0879333943
  0.107072298
  0.129558412
  0.15564435
  0.185478347
  0.219027537
  0.254767162
  0.29021431
  0.323877181
  0.354949812
  0.383052622
  0.408075114
  0.430074472
  0.449218941
  0.465734628
  0.479879714
  0.491921661
  0.50212116
  0.510725532
  0.517959901
  0.5240277
  0.52910663
  0.533353246
  0.536901206
  0.539864815
  0.54234089
  0.544410955
  0.546143326
  0.547595026
  0.54881351
  0.549838174
  0.550701668
  0.55143102
  0.552048584
  0.552572845
  0.55301909
  0.553399967
  0.553725948
  0.554005718
  0.554246483
  0.554454237
  0.554633975
  0.554789867
  0.554925403
  0.555043512
  0.55514666
  0.555236926
  0.55531607
  0.555385585
  0.555446744
  0.555500633
  0.555548182
  0.555590191
  0.555627348
  0.555660248
  0.555689407
  0.555715271
  0.555738232
  0.555758629
  0.555776759
  0.555792884
  0.555807232
  0.555820004
  0.555831379
  0.555841512
  0.555850541
  0.55585859
  0.555865766
  0.555872165
  0.555877872
  0.555882963
  0.555887504
  0.555891557
  0.555895173
  0.5558984
  0.55590128
  0.55590385
  0.555906145
  0.555908192
  0.55591002
  0.555911652
  0.555913108
  0.555914409
  0.555915569
  0.555916605
  0.55591753
  0.555918356
  0.555919093
  0.55
  4.2946343E-05
  5.40588565E-05
  6.80455008E-05
  8.56490708E-05
  0.00010780407
  0.000135686069
  0.000170773705
  0.000214926549
  0.000270482842
  0.000340382099
  0.000428318823
  0.000538935054
  0.000678061319
  0.000853017795
  0.00107299016
  0.00134949777
  0.00169697557
  0.00213349516
  0.00268165531
  0.00336967666
  0.00423273986
  0.00531460964
  0.00666958758
  0.00836483238
  0.0104830732
  0.013125716
  0.016416297
  0.0205041613
  0.0255681305
  0.0318197608
  0.0395055703
  0.0489073503
  0.0603393846
  0.0741411608
  0.0906640888
  0.110251004
  0.133208029
  0.15976982
  0.190024718
  0.222657018
  0.255385335
  0.286800209
  0.316103527
  0.342880832
  0.366964213
  0.388344474
  0.407122913
  0.423464249
  0.437573559
  0.449674712
  0.459994243
  0.46875366
  0.476159499
  0.482402246
  0.487651189
  0.492057632
  0.495752418
  0.498848646
  0.501443017
  0.503617612
  0.505441705
  0.506973472
  0.50826159
  0.509346663
  0.510262482
  0.511037118
  0.511693869
  0.512252052
  0.512727687
  0.513134056
  0.51348218
  0.513781212
  0.514038765
  0.514261177
  0.514453737
  0.514620866
  0.514766269
  0.514893057
  0.515003853
  0.515100868
  0.515185979
  0.515260777
  0.515326619
  0.515384665
  0.515435908
  0.515481202
  0.515521284
  0.515556791
  0.515588274
  0.515616213
  0.515641025
  0.515663077
  0.515682685
  0.515700132
  0.515715662
  0.515729493
  0.515741813
  0.515752794
  0.515762581
  0.515771309
  0.515779092
  0.515786035
  0.51579223
  0.515797757
  0.515802689
  0.515807092
  0.515811021
  0.515814529
  0.51581766
  0.515820455
  0.515822951
  0.515825179
  0.515827168
  0.515828945
  0.515830531
  0.515831947
  0.515833211
  0.51583434
  0.515835348
  0.515836247
  0.515837051
  0.6
  3.60871877E-05
  4.54249787E-05
  5.71779508E-05
  7.19703236E-05
  9.05874443E-05
  0.000114017283
  0.000143502568
  0.000180606269
  0.000227293813
  0.000286036246
  0.000359939617
  0.000452907122
  0.000569842127
  0.000716902096
  0.000901815789
  0.00113427884
  0.0014264461
  0.00179354295
  0.00225462191
  0.00283349569
  0.00355988205
  0.0044708003
  0.00561226156
  0.00704129418
  0.00882833985
  0.01106004
  0.0138424019
  0.0173042815
  0.0216010376
  0.0269180851
  0.0334739037
  0.0415218255
  0.0513496568
  0.0632759111
  0.0776412261
  0.094793538
  0.115065964
  0.138747285
  0.166012328
  0.195731442
  0.225827886
  0.254991641
  0.282454977
  0.307791821
  0.330796745
  0.351411286
  0.369681408
  0.385717939
  0.399676764
  0.411739406
  0.422097751
  0.430945969
  0.438470035
  0.444845405
  0.450230992
  0.454771108
  0.458592298
  0.461805241
  0.464505529
  0.466775022
  0.468683331
  0.470289308
  0.471642481
  0.472784369
  0.473749683
  0.474567371
  0.475261538
  0.475852237
  0.476356139
  0.4767871
  0.477156643
  0.477474357
  0.477748227
  0.477984916
  0.478189989
  0.478368104
  0.47852317
  0.478658471
  0.47877678
  0.478880436
  0.478971424
  0.479051433
  0.4791219
  0.479184056
  0.479238955
  0.479287505
  0.479330489
  0.479368585
  0.479402378
  0.479432381
  0.479459038
  0.479482738
  0.479503822
  0.479522589
  0.479539301
  0.479554188
  0.479567456
  0.479579285
  0.479589832
  0.47959924
  0.479607633
  0.479615123
  0.479621807
  0.479627773
  0.479633098
  0.479637852
  0.479642097
  0.479645888
  0.479649272
  0.479652294
  0.479654993
  0.479657403
  0.479659556
  0.479661478
  0.479663194
  0.479664728
  0.479666097
  0.479667319
  0.479668411
  0.479669386
  0.479670257
  0.65
  3.07490652E-05
  3.87056541E-05
  4.87202235E-05
  6.13246965E-05
  7.71883139E-05
  9.71530056E-05
  0.000122277838
  0.000153894847
  0.00019367915
  0.000243736942
  0.000306715884
  0.000385943499
  0.000485600524
  0.000610937859
  0.000768547753
  0.00096670231
  0.00121577527
  0.00152876646
  0.00192195206
  0.00241568842
  0.00303540125
  0.00381279689
  0.00478733561
  0.00600800864
  0.00753545839
  0.00944447252
  0.011826863
  0.0147947049
  0.0184838498
  0.0230575332
  0.02870976
  0.0356679601
  0.044194169
  0.0545837144
  0.067160132
  0.0822648829
  0.100240546
  0.121406689
  0.145996971
  0.173042452
  0.200662229
  0.227651357
  0.253285656
  0.277143486
  0.298999031
  0.318758468
  0.336424367
  0.352062124
  0.365783832
  0.377731549
  0.38806351
  0.396946312
  0.404544402
  0.411016906
  0.416510978
  0.421162617
  0.425092904
  0.428409096
  0.431204856
  0.433561157
  0.435547421
  0.43722276
  0.438637227
  0.439833012
  0.44084555
  0.441704517
  0.442434716
  0.443056845
  0.44358816
  0.444043042
  0.444433475
  0.444769451
  0.445059308
  0.445310013
  0.445527392
  0.445716331
  0.44588093
  0.446024645
  0.446150387
  0.446260624
  0.446357445
  0.44644263
  0.446517696
  0.446583944
  0.446642488
  0.446694287
  0.446740169
  0.446780852
  0.446816958
  0.446849027
  0.446877533
  0.446902887
  0.446925452
  0.446945544
  0.446963444
  0.446979396
  0.446993617
  0.4470063
  0.447017613
  0.447027707
  0.447036716
  0.447044757
  0.447051936
  0.447058345
  0.447064068
  0.447069178
  0.447073743
  0.447077819
  0.44708146
  0.447084712
  0.447087617
  0.447090212
  0.44709253
  0.4470946
  0.44709645
  0.447098102
  0.447099578
  0.447100895
  0.447102073
  0.447103124
  0.447104064
  0.7
  2.65133743E-05
  3.337399E-05
  4.200914E-05
  5.28775023E-05
  6.65561734E-05
  8.37711782E-05
  0.00010543581
  0.000132698798
  0.0001670048
  0.000210170343
  0.000264479104
  0.000332801402
  0.000418743917
  0.000526837158
  0.000662769914
  0.000833682117
  0.00104853008
  0.00131854114
  0.00165777823
  0.00208383892
  0.00261871787
  0.00328986589
  0.0041314832
  0.00518608714
  0.00650639496
  0.00815755808
  0.0102197718
  0.0127912598
  0.0159915886
  0.0199651963
  0.0248849136
  0.0309550978
  0.0384138012
  0.0475331396
  0.0586167619
  0.0719930958
  0.0880029685
  0.10698044
  0.129196971
  0.153820156
  0.179150204
  0.204085816
  0.227952846
  0.250344812
  0.271027892
  0.289885064
  0.306886007
  0.32205965
  0.335479857
  0.347253244
  0.357506437
  0.366379175
  0.374014216
  0.380553686
  0.386132074
  0.390876109
  0.394900495
  0.398308255
  0.401190437
  0.403626557
  0.405685391
  0.407425947
  0.40889852
  0.410145748
  0.411203621
  0.412102412
  0.41286752
  0.413520212
  0.414078271
  0.414556555
  0.414967478
  0.415321408
  0.415627015
  0.415891553
  0.416121101
  0.416320758
  0.416494815
  0.416646885
  0.416780023
  0.416896812
  0.416999448
  0.417089799
  0.417169462
  0.417239803
  0.417301996
  0.417357051
  0.41740584
  0.417449121
  0.41748755
  0.417521698
  0.417552064
  0.417579085
  0.417603142
  0.417624572
  0.41764367
  0.417660696
  0.417675881
  0.417689428
  0.417701516
  0.417712305
  0.417721937
  0.417730537
  0.417738217
  0.417745076
  0.417751202
  0.417756675
  0.417761563
  0.417765931
  0.417769833
  0.417773319
  0.417776433
  0.417779216
  0.417781702
  0.417783924
  0.417785908
  0.417787682
  0.417789266
  0.417790681
  0.417791946
  0.417793076
  0.417794085
  0.75
  2.30962002E-05
  2.90726203E-05
  3.65948928E-05
  4.60625983E-05
  5.79784853E-05
  7.29750547E-05
  9.18479696E-05
  0.000115598033
  0.000145483912
  0.000183088333
  0.000230401158
  0.000289923579
  0.000364798727
  0.00045897525
  0.000577411989
  0.00072633379
  0.000913550765
  0.00114885606
  0.00144452036
  0.00181590512
  0.00228222048
  0.00286745826
  0.00360153476
  0.00452168158
  0.00567412465
  0.00711609038
  0.00891817032
  0.0111670593
  0.0139686498
  0.0174514132
  0.0217699116
  0.0271081651
  0.0336824217
  0.0417426607
  0.0515719019
  0.0634821371
  0.0778055294
  0.0948795595
  0.114997983
  0.137443378
  0.160680069
  0.183704993
  0.205896035
  0.226868351
  0.246388984
  0.264327349
  0.280629609
  0.295295566
  0.308367547
  0.319920884
  0.330053296
  0.338879066
  0.346519711
  0.353100208
  0.358741869
  0.363561499
  0.367666727
  0.371155698
  0.374116265
  0.376626001
  0.378752638
  0.380554757
  0.382082641
  0.383379177
  0.384480754
  0.385418126
  0.386217195
  0.386899727
  0.387483981
  0.387985252
  0.38841635
  0.388787998
  0.38910918
  0.389387422
  0.389629044
  0.389839354
  0.390022823
  0.390183222
  0.390323738
  0.390447073
  0.390555525
  0.39065105
  0.39073532
  0.390809768
  0.390875624
  0.390933951
  0.390985666
  0.391031562
  0.391072332
  0.391108576
  0.391140819
  0.391169522
  0.391195087
  0.391217869
  0.39123818
  0.391256294
  0.391272455
  0.391286877
  0.391299751
  0.391311246
  0.39132151
  0.391330678
  0.391338867
  0.391346183
  0.39135272
  0.39135856
  0.391363779
  0.391368443
  0.39137261
  0.391376334
  0.391379663
  0.391382637
  0.391385295
  0.391387671
  0.391389793
  0.391391691
  0.391393386
  0.391394901
  0.391396255
  0.391397464
  0.391398545
  0.8
  2.02994704E-05
  2.55522276E-05
  3.21636701E-05
  4.04850067E-05
  5.09581301E-05
  6.41389873E-05
  8.07269517E-05
  0.00010160173
  0.000127869723
  0.000160922237
  0.00020250855
  0.000254827573
  0.000320642765
  0.000403426108
  0.000507538315
  0.000638454164
  0.000803043893
  0.00100992403
  0.00126989401
  0.00159647817
  0.00200659672
  0.00252139329
  0.00316725111
  0.00397703363
  0.00499158856
  0.0062615547
  0.00784950707
  0.00983246508
  0.0123047655
  0.015381262
  0.0192007474
  0.0239293957
  0.0297638772
  0.0369336115
  0.0457013839
  0.0563612975
  0.0692328079
  0.0846494909
  0.102916215
  0.123412033
  0.144748196
  0.166012476
  0.186633963
  0.206252865
  0.224643113
  0.241667893
  0.257257446
  0.271389434
  0.284080501
  0.29537915
  0.305357264
  0.31410553
  0.321725139
  0.328324163
  0.334010564
  0.338890818
  0.343064982
  0.346625805
  0.349657469
  0.35223519
  0.3544253
  0.35628567
  0.357866338
  0.35921026
  0.360354085
  0.361328933
  0.36216113
  0.362872876
  0.363482855
  0.364006762
  0.364457776
  0.364846952
  0.36518357
  0.36547542
  0.365729051
  0.365949972
  0.366142829
  0.366311545
  0.366459439
  0.366589328
  0.366703608
  0.366804323
  0.366893218
  0.366971793
  0.367041336
  0.367102957
  0.367157618
  0.367206152
  0.367249284
  0.367287644
  0.367321785
  0.367352189
  0.36737928
  0.367403431
  0.36742497
  0.367444187
  0.367461338
  0.367476649
  0.36749032
  0.367502531
  0.367513438
  0.367523183
  0.367531891
  0.367539672
  0.367546626
  0.367552841
  0.367558396
  0.367563362
  0.3675678
  0.367571767
  0.367575314
  0.367578483
  0.367581317
  0.36758385
  0.367586114
  0.367588137
  0.367589946
  0.367591563
  0.367593008
  0.367594299
  0.367595453
  0.85
  1.79815934E-05
  2.26345872E-05
  2.84911414E-05
  3.58623723E-05
  4.51397319E-05
  5.68157131E-05
  7.15098741E-05
  9.00015407E-05
  0.000113270887
  0.000142550526
  0.000179390267
  0.000225738372
  0.000284043442
  0.000357382099
  0.00044961885
  0.000565606062
  0.000711433799
  0.000894741521
  0.00112510626
  0.001414525
  0.0017780126
  0.00223434038
  0.00280694489
  0.00352504046
  0.0044249724
  0.00555184989
  0.00696149589
  0.00872274489
  0.0109201027
  0.013656753
  0.0170578435
  0.0212739059
  0.0264841445
  0.0328991673
  0.0407625207
  0.0503501458
  0.0619666295
  0.0759369515
  0.0925691852
  0.111323289
  0.130941139
  0.150593212
  0.169757311
  0.188099998
  0.205405924
  0.221537422
  0.236414868
  0.249999757
  0.262483239
  0.273306717
  0.283104045
  0.291749592
  0.299325458
  0.30592338
  0.311638058
  0.316565459
  0.320797725
  0.324421818
  0.327517862
  0.330158355
  0.332407924
  0.33432347
  0.335954581
  0.337344112
  0.338528839
  0.339540152
  0.340404716
  0.341145109
  0.34178039
  0.342326623
  0.342797326
  0.343203868
  0.343555809
  0.34386119
  0.34412678
  0.344358284
  0.344560516
  0.344737548
  0.344892828
  0.345029285
  0.345149412
  0.345255338
  0.345348882
  0.345431609
  0.345504863
  0.345569804
  0.345627437
  0.345678633
  0.34572415
  0.345764649
  0.345800708
  0.345832833
  0.34586147
  0.345887008
  0.345909792
  0.345930127
  0.345948282
  0.345964495
  0.345978977
  0.345991916
  0.346003477
  0.346013809
  0.346023044
  0.346031298
  0.346038678
  0.346045274
  0.346051172
  0.346056445
  0.34606116
  0.346065375
  0.346069144
  0.346072513
  0.346075526
  0.346078219
  0.346080627
  0.34608278
  0.346084705
  0.346086425
  0.346087964
  0.346089338
  0.346090567
  0.9
  1.60391788E-05
  2.01895588E-05
  2.54134989E-05
  3.19885158E-05
  4.02637881E-05
  5.0678628E-05
  6.3785699E-05
  8.02801927E-05
  0.000101036483
  0.00012715416
  0.000160015823
  0.000201359601
  0.000253370102
  0.000318792416
  0.000401074883
  0.000504547738
  0.000634646401
  0.00079819018
  0.0010037296
  0.00126197838
  0.00158634937
  0.00199361759
  0.0025047373
  0.00314584452
  0.00394947983
  0.0049560693
  0.00621570137
  0.00779023393
  0.00975575441
  0.0122053931
  0.0152524508
  0.0190337366
  0.0237129167
  0.0294835338
  0.036571175
  0.0452340376
  0.0557608978
  0.0684652729
  0.0836529577
  0.100851868
  0.118919599
  0.137101204
  0.154919832
  0.172068306
  0.188344216
  0.203612821
  0.217789323
  0.230823998
  0.242697454
  0.253417248
  0.263013167
  0.271535279
  0.279048052
  0.285627689
  0.29135594
  0.296318257
  0.300598675
  0.304278083
  0.307432232
  0.310130603
  0.312435848
  0.314403666
  0.316083003
  0.31751646
  0.318740819
  0.31978764
  0.320683856
  0.321452362
  0.322112553
  0.322680823
  0.323171008
  0.323594768
  0.32396193
  0.324280775
  0.324558284
  0.324800349
  0.325011951
  0.325197302
  0.32535998
  0.325503023
  0.325629019
  0.32574018
  0.3258384
  0.325925305
  0.326002297
  0.326070584
  0.326131215
  0.326185098
  0.326233024
  0.326275686
  0.326313685
  0.326347553
  0.326377753
  0.326404697
  0.326428744
  0.326450213
  0.326469388
  0.326486516
  0.326501822
  0.326515499
  0.326527725
  0.326538654
  0.326548425
  0.326557162
  0.326564974
  0.32657196
  0.326578207
  0.326583794
  0.32658879
  0.326593258
  0.326597254
  0.326600827
  0.326604022
  0.32660688
  0.326609435
  0.32661172
  0.326613763
  0.32661559
  0.326617223
  0.326618683
  0.326619989
  0.95
  1.43953056E-05
  1.81203188E-05
  2.28088705E-05
  2.871004E-05
  3.61372275E-05
  4.54847346E-05
  5.72486056E-05
  7.20528193E-05
  9.0682195E-05
  0.000114123722
  0.00014361845
  0.000180726609
  0.000227409295
  0.000286130865
  0.000359987213
  0.000452866309
  0.000569648935
  0.000716459346
  0.000900977814
  0.00113282962
  0.00142406811
  0.0017897729
  0.00224878821
  0.00282463037
  0.00354659734
  0.00445111654
  0.00558336849
  0.00699922219
  0.00876751053
  0.0109726574
  0.0137176373
  0.017127197
  0.021351188
  0.0265677438
  0.0329858726
  0.0408468326
  0.0504234216
  0.0620160791
  0.0759246086
  0.0917341762
  0.108404755
  0.125248251
  0.14182943
  0.157866411
  0.173170789
  0.187613279
  0.201107439
  0.213596328
  0.225048893
  0.235457897
  0.244836696
  0.2532185
  0.260651729
  0.267198026
  0.27292667
  0.27791275
  0.282232123
  0.285959411
  0.289165751
  0.291917357
  0.294274668
  0.296291976
  0.298017411
  0.299493174
  0.30075594
  0.301837346
  0.302764524
  0.303560629
  0.30424535
  0.304835382
  0.305344848
  0.305785686
  0.306167974
  0.30650022
  0.30678961
  0.307042218
  0.307263184
  0.307456862
  0.307626951
  0.307776597
  0.307908484
  0.308024905
  0.308127826
  0.308218937
  0.308299694
  0.308371355
  0.308435009
  0.308491604
  0.308541965
  0.308586811
  0.308626773
  0.308662404
  0.308694189
  0.308722556
  0.308747882
  0.308770502
  0.30879071
  0.308808769
  0.30882491
  0.308839339
  0.30885224
  0.308863776
  0.308874093
  0.30888332
  0.308891573
  0.308898954
  0.308905557
  0.308911463
  0.308916746
  0.308921472
  0.308925699
  0.308929481
  0.308932862
  0.308935887
  0.308938593
  0.308941013
  0.308943177
  0.308945112
  0.308946843
  0.30894839
  0.308949774
  1.
  1.29917876E-05
  1.63536262E-05
  2.05850666E-05
  2.59109078E-05
  3.2614001E-05
  4.10502157E-05
  5.16672511E-05
  6.50282786E-05
  8.18416458E-05
  0.000102998187
  0.000129618071
  0.000163109596
  0.000205242956
  0.000258242711
  0.000324903663
  0.000408735904
  0.000514146232
  0.000646664776
  0.000813227701
  0.00102252927
  0.00128545934
  0.00161564574
  0.00203012444
  0.00255016451
  0.00320227891
  0.0040194553
  0.00504264385
  0.00632253837
  0.00792168259
  0.00991692102
  0.0124021902
  0.0154916044
  0.019322725
  0.0240598022
  0.0298966421
  0.0370585647
  0.0458027024
  0.0564156481
  0.0691886885
  0.0837556792
  0.0991669102
  0.114794116
  0.130239894
  0.145246197
  0.159638887
  0.173295728
  0.186131206
  0.198084317
  0.209115713
  0.21920659
  0.228356689
  0.236584616
  0.243924385
  0.250424163
  0.256141375
  0.261141019
  0.265490806
  0.26925899
  0.272511913
  0.275312315
  0.27771822
  0.27978233
  0.281551794
  0.283068285
  0.284368258
  0.285483346
  0.286440807
  0.287264006
  0.287972884
  0.288584403
  0.289112955
  0.289570731
  0.289968048
  0.290313632
  0.290614865
  0.290877997
  0.291108322
  0.291310331
  0.291487844
  0.291644112
  0.291781911
  0.291903616
  0.292011264
  0.292106607
  0.292191155
  0.292266215
  0.292332918
  0.292392251
  0.292445069
  0.292492123
  0.292534069
  0.292571483
  0.292604871
  0.29263468
  0.292661303
  0.292685089
  0.292706346
  0.292725348
  0.292742337
  0.292757529
  0.292771116
  0.292783269
  0.29279414
  0.292803866
  0.292812567
  0.292820352
  0.292827317
  0.292833548
  0.292839124
  0.292844112
  0.292848575
  0.292852569
  0.29285614
  0.292859336
  0.292862195
  0.292864752
  0.29286704
  0.292869086
  0.292870916
  0.292872552
  0.292874017
  1.05
  1.17839533E-05
  1.48332512E-05
  1.86713099E-05
  2.35020327E-05
  2.95819799E-05
  3.72339452E-05
  4.686402E-05
  5.8983041E-05
  7.42335384E-05
  9.34235848E-05
  0.0001175693
  0.000147948203
  0.000186166147
  0.000234241249
  0.000294709068
  0.000370754296
  0.000466375508
  0.000586591027
  0.000737695845
  0.000927581724
  0.00116613526
  0.00146573172
  0.00184184593
  0.00231380524
  0.00290571366
  0.00364757959
  0.00457668297
  0.00573921792
  0.00719224484
  0.00900597667
  0.0112664061
  0.0140782469
  0.0175681088
  0.021887742
  0.0272170675
  0.0337665477
  0.0417782482
  0.0515247118
  0.0632872903
  0.0767409408
  0.0910162305
  0.105538189
  0.119943594
  0.133996518
  0.147536823
  0.160450217
  0.17265392
  0.1840853
  0.194699478
  0.204468871
  0.213382159
  0.221445489
  0.228680113
  0.235121871
  0.240817042
  0.245820911
  0.250193169
  0.253995668
  0.257289833
  0.260134766
  0.262585907
  0.264694199
  0.26650567
  0.268061337
  0.269397337
  0.27054521
  0.27153228
  0.272382068
  0.273114729
  0.27374746
  0.274294897
  0.274769469
  0.275181717
  0.275540574
  0.27585361
  0.276127244
  0.276366919
  0.276577262
  0.276762209
  0.276925115
  0.277068846
  0.277195858
  0.277308257
  0.277407856
  0.27749622
  0.277574704
  0.277644482
  0.277706575
  0.277761874
  0.277811158
  0.277855109
  0.277894326
  0.277929336
  0.277960604
  0.27798854
  0.278013507
  0.278035827
  0.278055785
  0.278073635
  0.278089601
  0.278103884
  0.278116664
  0.278128099
  0.278138332
  0.278147489
  0.278155683
  0.278163016
  0.278169579
  0.278175452
  0.278180708
  0.278185411
  0.27818962
  0.278193386
  0.278196756
  0.278199771
  0.278202469
  0.278204882
  0.278207042
  0.278208973
  0.2782107
  0.278212246
  1.1
  1.07370469E-05
  1.35154447E-05
  1.70125328E-05
  2.14141018E-05
  2.69539233E-05
  3.39261203E-05
  4.2700718E-05
  5.37431877E-05
  6.76390048E-05
  8.51244975E-05
  0.000107125586
  0.000134806407
  0.000169630333
  0.000213436482
  0.000268535612
  0.000337830217
  0.000424964794
  0.000534513669
  0.00067221548
  0.000845265454
  0.00106267908
  0.00133574357
  0.00167857688
  0.00210881749
  0.0026484722
  0.00332495279
  0.00417233561
  0.00523287996
  0.00655883986
  0.00821459788
  0.0102791354
  0.0128488274
  0.016040505
  0.019994659
  0.024878555
  0.0308888867
  0.0382534107
  0.0472307869
  0.0580915664
  0.0705457781
  0.0837952412
  0.0973125302
  0.110765192
  0.123937607
  0.136683043
  0.148895536
  0.160496263
  0.171422787
  0.181626926
  0.19107469
  0.199745969
  0.207636448
  0.214756213
  0.221129958
  0.226793591
  0.231793136
  0.236180467
  0.240011067
  0.243341376
  0.246226734
  0.248719849
  0.250869765
  0.252721255
  0.254314565
  0.255685416
  0.256865182
  0.257881185
  0.258757056
  0.25951312
  0.260166783
  0.260732901
  0.261224122
  0.261651198
  0.262023257
  0.262348052
  0.262632161
  0.262881177
  0.263099853
  0.263292241
  0.263461798
  0.263611479
  0.263743817
  0.263860988
  0.263964866
  0.264057071
  0.264139002
  0.264211877
  0.264276753
  0.264334555
  0.26438609
  0.264432066
  0.264473105
  0.264509755
  0.264542499
  0.264571764
  0.264597927
  0.264621323
  0.264642251
  0.264660973
  0.264677724
  0.264692714
  0.26470613
  0.264718137
  0.264728885
  0.264738505
  0.264747116
  0.264754823
  0.264761723
  0.264767899
  0.264773427
  0.264778374
  0.264782803
  0.264786766
  0.264790313
  0.264793488
  0.264796328
  0.26479887
  0.264801145
  0.264803179
  0.264804999
  0.264806629
  1.15
  9.82369945E-06
  1.23657567E-05
  1.5565372E-05
  1.95925339E-05
  2.46611318E-05
  3.10402749E-05
  3.9068521E-05
  4.91717607E-05
  6.18856889E-05
  7.78840351E-05
  9.8014014E-05
  0.000123340829
  0.000155203518
  0.000195284986
  0.000245699801
  0.00030910414
  0.000388833409
  0.000489074288
  0.000615079575
  0.000773436096
  0.00097239821
  0.00122230209
  0.00153607908
  0.00192988977
  0.00242390436
  0.0030432583
  0.00381921606
  0.00479057762
  0.00600536288
  0.00752280474
  0.0094156712
  0.0117729155
  0.0147026165
  0.0183351127
  0.0228261445
  0.0283596934
  0.0351500412
  0.0434423677
  0.0534960167
  0.0650510876
  0.077372787
  0.0899761341
  0.102556314
  0.11491622
  0.126921735
  0.13847526
  0.149502684
  0.159943113
  0.169746813
  0.178875373
  0.187301881
  0.195013383
  0.202010324
  0.208307425
  0.213931042
  0.218918449
  0.223313967
  0.2271668
  0.230528382
  0.233450202
  0.23598212
  0.238171154
  0.240060702
  0.241690136
  0.243094669
  0.244305433
  0.245349689
  0.246251129
  0.247030211
  0.247704519
  0.248289107
  0.248796823
  0.249238617
  0.249623804
  0.249960307
  0.250254862
  0.250513202
  0.250740207
  0.250940041
  0.251116258
  0.251271903
  0.251409585
  0.251531548
  0.251639727
  0.251735793
  0.251821194
  0.251897187
  0.251964868
  0.252025193
  0.252078999
  0.252127019
  0.252169898
  0.252208205
  0.252242442
  0.25227305
  0.252300424
  0.25232491
  0.252346819
  0.252366425
  0.252383972
  0.252399679
  0.25241374
  0.252426328
  0.252437597
  0.252447688
  0.252456722
  0.25246481
  0.252472051
  0.252478535
  0.25248434
  0.252489536
  0.252494188
  0.252498352
  0.25250208
  0.252505416
  0.252508402
  0.252511075
  0.252513467
  0.252515607
  0.252517522
  0.252519236
  1.2
  9.0221225E-06
  1.13567606E-05
  1.42953051E-05
  1.79938759E-05
  2.26489128E-05
  2.8507571E-05
  3.58807907E-05
  4.51597232E-05
  5.68363713E-05
  7.15295203E-05
  9.00173026E-05
  0.00011327808
  0.000142541749
  0.000179354084
  0.000225657411
  0.000283891647
  0.000357120789
  0.000449191082
  0.000564928587
  0.000710385622
  0.000893147678
  0.00112271488
  0.00141097498
  0.00177278813
  0.00222670726
  0.0027958617
  0.00350903497
  0.00440197067
  0.00551894107
  0.00691461081
  0.00865621997
  0.0108260941
  0.0135244586
  0.0168724839
  0.0210154146
  0.026125521
  0.0324044676
  0.0400845001
  0.049413669
  0.0601579801
  0.0716391758
  0.0834102175
  0.0951910932
  0.106801492
  0.118119019
  0.129054239
  0.139538174
  0.149512416
  0.158927045
  0.167740859
  0.17592186
  0.183450095
  0.190317798
  0.196530863
  0.202106926
  0.207075067
  0.211472367
  0.215341897
  0.218730097
  0.221684554
  0.224252187
  0.22647788
  0.228403551
  0.2300676
  0.231504648
  0.232745513
  0.233817337
  0.234743824
  0.235545531
  0.23624019
  0.236843027
  0.237367079
  0.237823475
  0.238221708
  0.238569864
  0.23887483
  0.239142475
  0.2393778
  0.239585079
  0.239767964
  0.239929584
  0.240072625
  0.240199398
  0.240311896
  0.240411843
  0.240500733
  0.240579865
  0.240650371
  0.240713239
  0.240769334
  0.240819416
  0.240864152
  0.240904133
  0.240939877
  0.240971844
  0.241000441
  0.241026031
  0.241048933
  0.241069434
  0.241087787
  0.24110422
  0.241118935
  0.241132111
  0.241143911
  0.241154478
  0.241163941
  0.241172416
  0.241180005
  0.241186801
  0.241192887
  0.241198336
  0.241203215
  0.241207584
  0.241211495
  0.241214996
  0.24121813
  0.241220936
  0.241223447
  0.241225695
  0.241227706
  0.241229506
  1.25
  8.31479594E-06
  1.0466403E-05
  1.31745728E-05
  1.65831872E-05
  2.08732874E-05
  2.62726557E-05
  3.30678608E-05
  4.16193973E-05
  5.2380711E-05
  6.59220988E-05
  8.29607267E-05
  0.000104398315
  0.000131368433
  0.000165295823
  0.000207970775
  0.000261642305
  0.000329134804
  0.000413993938
  0.000520668928
  0.000654739998
  0.000823201736
  0.00103481544
  0.00130054628
  0.0016341042
  0.00205261086
  0.00257741877
  0.00323511201
  0.00405872124
  0.00508918707
  0.00637710483
  0.00798477802
  0.0099885943
  0.012481713
  0.015577011
  0.0194101685
  0.0241426795
  0.0299644388
  0.0370953843
  0.0457724052
  0.0557839344
  0.0665022762
  0.0775143686
  0.0885624587
  0.099481422
  0.110159661
  0.120515548
  0.130485412
  0.140013963
  0.149052133
  0.157557244
  0.165493676
  0.172835933
  0.179569359
  0.185692116
  0.191213957
  0.196156348
  0.200549488
  0.204430491
  0.207840865
  0.21082427
  0.213424611
  0.215684552
  0.217644437
  0.219341602
  0.220809999
  0.222080063
  0.223178762
  0.224129767
  0.224953697
  0.225668404
  0.226289265
  0.226829484
  0.22730036
  0.227711551
  0.228071299
  0.228386636
  0.22866356
  0.228907194
  0.229121914
  0.22931147
  0.229479074
  0.229627486
  0.229759083
  0.229875916
  0.229979762
  0.23007216
  0.23015445
  0.230227798
  0.230293227
  0.230351629
  0.230403789
  0.2304504
  0.230492069
  0.230529336
  0.230562675
  0.230592509
  0.230619214
  0.230643121
  0.230664527
  0.230683697
  0.230700865
  0.230716242
  0.230730015
  0.230742352
  0.230753403
  0.230763302
  0.230772168
  0.23078011
  0.230787223
  0.230793594
  0.2307993
  0.23080441
  0.230808986
  0.230813084
  0.230816752
  0.230820037
  0.230822978
  0.230825611
  0.230827968
  0.230830077
  0.230831965
  1.3
  7.68750268E-06
  9.67678807E-06
  1.21806493E-05
  1.53321144E-05
  1.92985681E-05
  2.42906113E-05
  3.05731978E-05
  3.84796335E-05
  4.8429167E-05
  6.09490902E-05
  7.67024954E-05
  9.65231243E-05
  0.000121459106
  0.000152827821
  0.000192284695
  0.000241909385
  0.000304313703
  0.000382776606
  0.000481412902
  0.000605383797
  0.000761159293
  0.000956844613
  0.00120258541
  0.00151106945
  0.00189814579
  0.00238358602
  0.0029920156
  0.00375404669
  0.0047076457
  0.005899769
  0.00738829571
  0.00924427648
  0.0115544964
  0.0144243148
  0.0179806879
  0.0223751972
  0.0277867854
  0.0344237465
  0.0425120875
  0.0518597475
  0.0618843765
  0.0722034006
  0.0825790548
  0.092859919
  0.102944278
  0.112757863
  0.1222423
  0.131345818
  0.140020959
  0.148224625
  0.155918797
  0.163073719
  0.16966904
  0.175696236
  0.181157993
  0.186068758
  0.190452235
  0.194339796
  0.197768104
  0.200776897
  0.203407023
  0.205698848
  0.20769106
  0.209419854
  0.210918434
  0.212216792
  0.213341667
  0.214316654
  0.215162397
  0.21589684
  0.21653549
  0.2170917
  0.217576927
  0.218000983
  0.218372257
  0.218697918
  0.218984092
  0.219236017
  0.219458173
  0.2196544
  0.219827992
  0.219981784
  0.220118217
  0.220239401
  0.220347161
  0.220443083
  0.220528547
  0.220604756
  0.220672762
  0.220733487
  0.220787743
  0.220836242
  0.220879615
  0.220918418
  0.220953143
  0.220984227
  0.221012057
  0.221036981
  0.221059303
  0.221079298
  0.221097211
  0.221113257
  0.221127635
  0.221140516
  0.221152057
  0.221162397
  0.221171661
  0.22117996
  0.221187395
  0.221194056
  0.221200023
  0.221205367
  0.221210154
  0.22121444
  0.221218279
  0.221221717
  0.221224796
  0.221227552
  0.22123002
  0.221232228
  0.221234206
  1.35
  7.12860862E-06
  8.97327143E-06
  1.1295101E-05
  1.4217455E-05
  1.78955507E-05
  2.25246802E-05
  2.83505391E-05
  3.56822075E-05
  4.49084644E-05
  5.65182831E-05
  7.11265739E-05
  8.95065056E-05
  0.000112630072
  0.000141718982
  0.000178308472
  0.000224327269
  0.000282197711
  0.000354961023
  0.000446433892
  0.000561403922
  0.000705873307
  0.00088736206
  0.00111528461
  0.00140141635
  0.0017604699
  0.0022108042
  0.00277529328
  0.00348238451
  0.00436737899
  0.00547396688
  0.00685604839
  0.00857986245
  0.0107264287
  0.0133942782
  0.0167023998
  0.0207932558
  0.0258356127
  0.0320267936
  0.039582297
  0.0483271051
  0.0577196515
  0.0674047796
  0.0771626933
  0.0868543265
  0.0963869657
  0.105693204
  0.114719834
  0.123418815
  0.131744843
  0.139655225
  0.14711056
  0.154077938
  0.160532399
  0.166459702
  0.171856257
  0.176730095
  0.181098826
  0.184988325
  0.18843053
  0.191461285
  0.194118352
  0.196439745
  0.198462425
  0.200221369
  0.201748971
  0.203074715
  0.204225061
  0.205223485
  0.206090623
  0.206844483
  0.20750068
  0.2080727
  0.208572142
  0.209008961
  0.209391688
  0.209727624
  0.210023015
  0.21028321
  0.210512789
  0.210715683
  0.210895267
  0.211054446
  0.211195726
  0.211321271
  0.211432959
  0.21153242
  0.211621074
  0.211700158
  0.211770757
  0.211833821
  0.211890186
  0.211940589
  0.21198568
  0.212026032
  0.212062155
  0.2120945
  0.212123468
  0.212149418
  0.212172666
  0.212193495
  0.212212161
  0.212228886
  0.212243874
  0.212257307
  0.212269344
  0.212280131
  0.212289798
  0.212298459
  0.212306221
  0.212313175
  0.212319406
  0.212324988
  0.212329989
  0.212334468
  0.21233848
  0.212342073
  0.212345291
  0.212348173
  0.212350753
  0.212353063
  0.212355132
  1.4
  6.62851932E-06
  8.34377597E-06
  1.05027262E-05
  1.32200746E-05
  1.66401509E-05
  2.09445491E-05
  2.63617319E-05
  3.31791022E-05
  4.17581736E-05
  5.25536304E-05
  6.6137267E-05
  8.3228047E-05
  0.000104729831
  0.000131778708
  0.000165802352
  0.000208594401
  0.000262407603
  0.000330070379
  0.00041513252
  0.000522047128
  0.000656397463
  0.000825179367
  0.00103715214
  0.00130327347
  0.00163723701
  0.00205613442
  0.00258126746
  0.00323913854
  0.00406265139
  0.00509255442
  0.00637915785
  0.00798434955
  0.0099839207
  0.0124701872
  0.0155548511
  0.0193719803
  0.0240808944
  0.0298686085
  0.0369405437
  0.0451366398
  0.0539521127
  0.0630565205
  0.0722462432
  0.0813933479
  0.0904132937
  0.0992450207
  0.107840272
  0.116154815
  0.124145868
  0.131771775
  0.138992586
  0.145773187
  0.152084973
  0.157908881
  0.163235807
  0.168067954
  0.17241726
  0.176304367
  0.179756631
  0.182806052
  0.185487301
  0.187835997
  0.189887311
  0.191674941
  0.193230405
  0.194582624
  0.195757731
  0.196779041
  0.19766715
  0.198440099
  0.199113594
  0.199701233
  0.200214747
  0.200664225
  0.201058328
  0.201404482
  0.201709052
  0.201977492
  0.202214481
  0.202424036
  0.20260961
  0.20277418
  0.202920313
  0.20305023
  0.203165859
  0.203268872
  0.203360728
  0.203442701
  0.203515908
  0.203581325
  0.203639814
  0.203692134
  0.203738955
  0.203780869
  0.203818402
  0.203852019
  0.203882136
  0.203909122
  0.203933305
  0.203954978
  0.203974404
  0.203991815
  0.204007422
  0.204021412
  0.204033952
  0.204045191
  0.204055266
  0.204064295
  0.204072387
  0.204079639
  0.204086137
  0.204091961
  0.204097178
  0.204101852
  0.204106039
  0.20410979
  0.20411315
  0.204116159
  0.204118854
  0.204121266
  0.204123428
  1.45
  6.17926547E-06
  7.77827027E-06
  9.79089794E-06
  1.23240795E-05
  1.55123637E-05
  1.95250387E-05
  2.45750856E-05
  3.09304329E-05
  3.89280994E-05
  4.89919642E-05
  6.16550859E-05
  7.75877284E-05
  9.76325377E-05
  0.000122848677
  0.000154567172
  0.000194460277
  0.000244628346
  0.000307708555
  0.000387010826
  0.00048668758
  0.000611945461
  0.000769308987
  0.000966948242
  0.00121508526
  0.00152649662
  0.00191713291
  0.00240687929
  0.00302048446
  0.00378868849
  0.00474958147
  0.00595022452
  0.00744855974
  0.00931562484
  0.0116380667
  0.0145209118
  0.0180904961
  0.0224973704
  0.0279188838
  0.0345508425
  0.0422463695
  0.0505339462
  0.0591054619
  0.0677718834
  0.0764153132
  0.0849586128
  0.0933465559
  0.101535571
  0.10948521
  0.117155442
  0.124506122
  0.131497422
  0.138092828
  0.144260945
  0.149978708
  0.155232212
  0.160018413
  0.164344001
  0.168224668
  0.171683347
  0.174748271
  0.177451028
  0.179824811
  0.181902955
  0.18371782
  0.185299991
  0.186677775
  0.187876929
  0.188920568
  0.189829214
  0.19062092
  0.191311455
  0.191914518
  0.192441956
  0.192903981
  0.193309377
  0.19366569
  0.193979396
  0.194256053
  0.194500433
  0.194716639
  0.194908201
  0.195078163
  0.195229155
  0.195363452
  0.19548303
  0.195589606
  0.195684678
  0.195769554
  0.19584538
  0.195913163
  0.195973789
  0.196028039
  0.196076602
  0.19612009
  0.196159044
  0.196193945
  0.196225221
  0.196253252
  0.196278379
  0.196300904
  0.196321098
  0.196339203
  0.196355435
  0.196369988
  0.196383036
  0.196394734
  0.196405221
  0.196414622
  0.196423049
  0.196430602
  0.196437372
  0.19644344
  0.196448877
  0.196453749
  0.196458114
  0.196462025
  0.196465528
  0.196468667
  0.196471478
  0.196473994
  0.196476249
  1.5
  5.77418341E-06
  7.26836638E-06
  9.14905802E-06
  1.151618E-05
  1.44954617E-05
  1.82450951E-05
  2.29641016E-05
  2.89028493E-05
  3.637627E-05
  4.57804648E-05
  5.7613563E-05
  7.25019134E-05
  9.1232961E-05
  0.000114796496
  0.000144436387
  0.000181715414
  0.000228596487
  0.000287544283
  0.000361652349
  0.000454801849
  0.000571859618
  0.00071892484
  0.000903635764
  0.00113555023
  0.00142661655
  0.00179175427
  0.0022495679
  0.0028232196
  0.00354149033
  0.0044400606
  0.00556304223
  0.00696478932
  0.00871200725
  0.0108861609
  0.0135861521
  0.0169311865
  0.0210636758
  0.0261519158
  0.0323825734
  0.0396204383
  0.0474241579
  0.0555058479
  0.0636896533
  0.0718667275
  0.0799666269
  0.0879394619
  0.0957460508
  0.103349635
  0.110713058
  0.117798027
  0.124565366
  0.130977843
  0.137002011
  0.142611549
  0.147788423
  0.1525249
  0.156822846
  0.160693296
  0.164154942
  0.167232337
  0.169954013
  0.172350721
  0.174453922
  0.176294588
  0.177902319
  0.179304756
  0.180527238
  0.181592645
  0.18252139
  0.183331512
  0.184038826
  0.184657111
  0.185198318
  0.185672773
  0.186089375
  0.186455783
  0.186778579
  0.18706342
  0.187315169
  0.187538013
  0.187735557
  0.18791091
  0.188066764
  0.188205447
  0.188328983
  0.188439132
  0.18853743
  0.18862522
  0.188703678
  0.18877384
  0.188836614
  0.188892805
  0.188943123
  0.188988196
  0.189028582
  0.189064776
  0.18909722
  0.189126306
  0.189152385
  0.18917577
  0.189196741
  0.189215546
  0.18923241
  0.189247533
  0.189261094
  0.189273255
  0.18928416
  0.189293937
  0.189302703
  0.189310561
  0.189317606
  0.189323921
  0.189329581
  0.189334653
  0.189339198
  0.189343271
  0.18934692
  0.18935019
  0.189353119
  0.189355741
  0.189358091
