60
120
0.146386
0.145398
0.143462
0.141193
0.1372
0.131476
0.126802
0.12215
0.116571
0.111248
0.106406
0.100755
0.0957478
0.0910814
0.0869442
0.0828684
0.0787332
0.0753451
0.0716025
0.0687178
0.0660299
0.0624624
0.0597251
0.0583571
0.055231
0.0533797
0.0515509
0.0490161
0.0468217
0.044645
0.0428725
0.0424401
0.0407847
0.0386744
0.0374082
0.0362276
0.0351285
0.0335646
0.0324361
0.0311853
0.030582
0.0298573
0.0284756
0.0283671
0.0268328
0.0264386
0.0253344
0.0247113
0.0237231
0.0229111
0.02273
0.0218716
0.0218304
0.0209061
0.0199096
0.0196548
0.0192597
0.0181126
0.0174497
0.017317
0.017316
0.0165374
0.0165105
0.015817
0.0157175
0.0150068
0.0145437
0.0142157
0.0139827
0.0134863
0.0134303
0.0126999
0.0126917
0.0122608
0.0123504
0.0115366
0.0113759
0.0114367
0.010589
0.0105365
0.0104629
0.00985978
0.0096217
0.00981549
0.00980867
0.0091049
0.00899495
0.00895234
0.008839
0.00832017
0.0084492
0.0081948
0.00815941
0.00807082
0.00764436
0.00739121
0.00739196
0.007521
0.00709426
0.00693253
0.00704697
0.0068014
0.00672443
0.00635683
0.006347
0.00630335
0.00609372
0.00594811
0.00574489
0.00534247
0.00559987
0.00565218
0.00523247
0.00524767
0.00530501
0.00482976
0.00483637
0.00482284
0.00460146
0.00474717
0.00459343