60
120
0.0256823
0.0255359
0.0246274
0.0239713
0.0225084
0.0209401
0.0193056
0.0179864
0.0164457
0.0146568
0.0132949
0.0119583
0.0109277
0.00964123
0.00863759
0.00781422
0.00707694
0.0062856
0.00549765
0.00487923
0.00452453
0.00398638
0.00360223
0.0032315
0.00293504
0.0026612
0.00238601
0.00214535
0.00193838
0.00176724
0.00155751
0.00148321
0.00128202
0.00116321
0.00105215
0.0010268
0.000860489
0.000805897
0.00069161
0.000670839
0.000556182
0.000559599
0.000456196
0.000484811
0.000401896
0.000372686
0.000348648
0.000306286
0.000278845
0.000247655
0.000235446
0.000225131
0.000191959
0.000186193
0.000161196
0.000161986
0.00013734
0.000122146
0.000133416
0.000100745
0.000103551
8.41801e-05
7.53413e-05
7.52486e-05
7.29145e-05
7.20365e-05
6.17191e-05
5.92119e-05
5.71755e-05
5.18022e-05
3.22477e-05
3.64984e-05
3.70869e-05
4.66031e-05
3.70415e-05
4.00813e-05
2.91816e-05
2.91832e-05
3.01339e-05
2.54135e-05
1.94808e-05
1.73946e-05
2.33619e-05
1.49375e-05
1.98604e-05
1.24225e-05
1.34152e-05
1.21043e-05
1.07499e-05
1.47664e-05
1.31617e-05
1.04393e-05
7.43864e-06
8.90867e-06
8.73899e-06
8.0986e-06
8.9634e-06
8.3951e-06
4.18441e-06
7.33362e-06
5.91106e-06
5.54363e-06
3.87081e-06
3.28704e-06
4.74512e-06
4.11903e-06
4.31003e-06
2.80544e-06
2.31155e-06
3.14414e-06
2.32822e-06
1.86975e-06
1.71744e-06
3.5462e-06
1.94374e-06
2.5156e-06
1.50095e-06
1.44396e-06
1.62597e-06
1.09466e-06
2.02547e-06