60
120
1.
0.9506211603496333
0.8383116121855594
0.7084018424909638
0.5940695669079152
0.49377322125382167
0.41554930419924
0.35453158060689155
0.3020035378233407
0.2658038337513665
0.2313544602982693
0.20289169137385704
0.17813647463135884
0.1598582390462801
0.14466079643171537
0.1297548545138442
0.11779942977539137
0.10762622707619983
0.09711724348596752
0.08952573261704108
0.08319372187427673
0.07587890078604045
0.06961997855521139
0.06542626494827097
0.060180898843557325
0.0558756492665232
0.05323925614172533
0.04854605599219734
0.04519544253581195
0.04144046165828875
0.03980679095925009
0.03837807262479961
0.035744191112647525
0.03300021013787658
0.031048911013971333
0.029911173170524767
0.028021563431841204
0.02578296177303
0.024805022620847043
0.02301896138880341
0.022236922211422122
0.021479952692946315
0.019438519504189088
0.01945415226096094
0.01836584850877154
0.01745786285804118
0.016268728059876482
0.016073066869461444
0.014656980092816617
0.01396715252476227
0.013541051241116396
0.012461469920615248
0.012666176314067582
0.012209555255364296
0.010908338005331666
0.010854539205370224
0.010360559973205308
0.009551804900697911
0.009416408356787661
0.008881689215466344
0.00910440431686352
0.008113669208247446
0.008222834672159124
0.007747700546519735
0.007650242209727331
0.007019566523287403
0.006766906724511301
0.0065095939039313275
0.006406441785959744
0.005555793441294349
0.006118753883829886
0.005530890184801634
0.005214333618520793
0.004952185972225015
0.005112175113770534
0.004645494239963607
0.004571273280713113
0.004687724480106374
0.004113778078164539
0.004043654121205565
0.004059184989891566
0.003581685670026841
0.0034563812623215834
0.003492414213493321
0.00348501469171245
0.0030524361391954416
0.0032422587784343964
0.0030566465311104786
0.0028079274764881844
0.0028119266936275015
0.0028726485576344263
0.0026482221238310357
0.002660264149761041
0.0025325388045843843
0.0024910882342721583
0.002316339347803189
0.002274046379556574
0.0023461527257945033
0.0022377801336632367
0.001922643879674677
0.002054355303668512
0.0019563312939673044
0.0018664544372115673
0.0017891574952101678
0.0016697120140719355
0.0017282210689231223
0.001804527595596939
0.0016506709840802348
0.0015217954746458912
0.0014584828930397174
0.001458270788613074
0.001418519735241111
0.0013665018001673334
0.0013645909953237134
0.0013181186447797956
0.001183146636090051
0.0011995689515902712
0.0011542869554657766
0.0011385248865480946
0.0011990262767746106
0.0010514665562965761