60
120
0.1322
0.12692
0.114133
0.10065
0.0868379
0.074398
0.0647248
0.0572241
0.0498979
0.04498
0.0401504
0.0356876
0.0320621
0.0288845
0.0266189
0.0243509
0.0221674
0.0205226
0.018805
0.017469
0.0163735
0.0150392
0.0139128
0.013186
0.0121926
0.0113621
0.0109538
0.0100109
0.00936015
0.00859488
0.00831286
0.00809994
0.00755106
0.00699932
0.0066026
0.00638234
0.00600747
0.00554888
0.00533839
0.00495611
0.00482021
0.00466902
0.0042394
0.00425785
0.00403748
0.00384271
0.0035787
0.00355568
0.00323646
0.00309518
0.0030065
0.00276434
0.00283303
0.00273107
0.00243155
0.00243196
0.00232509
0.00214475
0.00211741
0.00199762
0.0020569
0.00183089
0.00185965
0.00175061
0.0017373
0.00159312
0.00153327
0.00148241
0.00145872
0.00126334
0.00139762
0.00126234
0.00119189
0.00113173
0.00117116
0.00106417
0.00104865
0.00107562
0.000945028
0.000927729
0.000930973
0.000823158
0.000792935
0.000802902
0.000803114
0.000700403
0.000746252
0.000703513
0.000647787
0.000648703
0.000663123
0.000611812
0.000615689
0.00058607
0.000576958
0.000536702
0.000526415
0.000543579
0.000519155
0.000445535
0.000476268
0.000453827
0.000433118
0.00041514
0.000387634
0.000400988
0.000419651
0.00038367
0.000353894
0.000338948
0.000339143
0.0003297
0.000317686
0.000317352
0.000306464
0.000275478
0.000279072
0.000268985
0.000265238
0.000279254
0.000244932