60
120
0.0323791
0.0302502
0.0248442
0.019446
0.0145765
0.0109094
0.00807158
0.00583226
0.00451232
0.00346335
0.00247944
0.00207949
0.00155605
0.00118588
0.000966393
0.000724863
0.00058844
0.000511777
0.000378523
0.000294645
0.000247589
0.000206205
0.000184342
0.000150952
0.00010288
0.000101913
5.93849e-05
6.5083e-05
5.68148e-05
5.06353e-05
4.01193e-05
2.88825e-05
2.748e-05
2.43162e-05
1.77979e-05
1.9989e-05
1.34658e-05
1.1859e-05
9.72468e-06
9.04058e-06
6.84577e-06
5.93546e-06
5.17093e-06
4.55266e-06
5.3641e-06
3.37448e-06
2.58577e-06
1.92914e-06
1.99522e-06
1.55527e-06
1.27659e-06
1.63969e-06
1.01853e-06
7.5089e-07
1.27214e-06
1.15511e-06
5.04751e-07
4.7227e-07
6.26188e-07
6.07125e-07
4.56738e-07
7.10316e-07
4.21434e-07
3.64366e-07
2.64346e-07
2.92089e-07
1.22169e-07
2.10113e-07
8.55291e-08
9.37184e-08
4.34448e-08
2.15967e-07
7.50075e-08
4.70621e-08
8.00962e-08
6.94002e-08
8.44309e-08
8.45278e-08
3.22413e-08
2.06527e-08
1.44129e-08
4.73832e-08
2.62732e-08
1.12637e-08
9.61954e-09
7.17737e-08
5.93484e-09
8.26313e-09
1.18595e-08
9.70476e-09
1.8765e-08
9.97102e-09
9.9375e-09
2.03974e-09
1.04578e-08
3.50004e-09
2.49465e-09
8.28173e-09
2.37253e-08
2.447e-09
1.06438e-09
2.30995e-09
8.78126e-10
1.79835e-09
1.01045e-08
6.13604e-10
1.23707e-09
1.41887e-09
4.59094e-10
4.72189e-10
1.11602e-09
1.22469e-09
1.13491e-09
5.95159e-10
1.0725e-09
1.60404e-10
7.74316e-11
5.73138e-11
1.84563e-09
1.27383e-11
1.83847e-10