60
120
0.0420871
0.039812
0.0363104
0.0304612
0.0266028
0.0225513
0.0191469
0.0160891
0.0136416
0.0119266
0.0101669
0.00877553
0.00736548
0.00684023
0.00591949
0.00502858
0.00462911
0.0040311
0.00345473
0.00312424
0.00280821
0.00249051
0.00218754
0.0019739
0.00179339
0.00162143
0.00145754
0.00129917
0.00117538
0.00106877
0.00097871
0.000869912
0.00080393
0.000715863
0.000661975
0.00061392
0.000552216
0.00048733
0.000470972
0.000435031
0.000389985
0.000364468
0.000316034
0.000301996
0.000266417
0.000250132
0.000235962
0.000213789
0.000200709
0.000180548
0.000169555
0.000158101
0.000138036
0.000133184
0.000126849
0.000113933
0.000105533
9.61328e-05
9.15499e-05
8.59037e-05
7.90386e-05
7.23176e-05
6.94648e-05
6.707e-05
5.76146e-05
5.37771e-05
5.45087e-05
4.49047e-05
4.45135e-05
4.02752e-05
3.81487e-05
3.53086e-05
3.16162e-05
3.02901e-05
2.83732e-05
2.58629e-05
2.39515e-05
2.43068e-05
2.0271e-05
2.11266e-05
2.1533e-05
1.72664e-05
1.81061e-05
1.66106e-05
1.46636e-05
1.58047e-05
1.45649e-05
1.37461e-05
1.11046e-05
1.11292e-05
1.09488e-05
9.60521e-06
8.55432e-06
8.20927e-06
7.58591e-06
6.84296e-06
7.20645e-06
6.95709e-06
5.93496e-06
5.62703e-06
5.80266e-06
5.24023e-06
4.86032e-06
4.699e-06
4.16765e-06
4.55293e-06
3.79529e-06
3.67238e-06
3.20763e-06
3.29679e-06
3.05138e-06
3.16635e-06
2.97398e-06
2.86015e-06
2.84255e-06
2.15714e-06
2.41686e-06
1.87808e-06
1.92457e-06
2.10758e-06
1.80328e-06