60
120
0.030626
0.0299984
0.0300172
0.0285803
0.0286657
0.0281085
0.0270083
0.0258544
0.0246041
0.0237963
0.0224257
0.0213446
0.0197584
0.019389
0.0184067
0.0169012
0.0165042
0.0154465
0.0143843
0.0136521
0.0132345
0.012259
0.0115583
0.0108501
0.0104432
0.00984971
0.00939348
0.00872074
0.00827548
0.0078657
0.00759583
0.0071221
0.00681103
0.00636518
0.00616477
0.00581072
0.00539865
0.00513909
0.00506077
0.0049154
0.00451056
0.00431951
0.00405461
0.00391833
0.0036533
0.00361399
0.0033655
0.00322511
0.00313459
0.00290054
0.00286294
0.00272003
0.0025106
0.00248932
0.00239059
0.0022507
0.00214768
0.00204607
0.00196029
0.0019434
0.00184185
0.00173919
0.00171861
0.00163434
0.00151049
0.00145781
0.00142768
0.00129915
0.0013284
0.001259
0.00119365
0.00114159
0.00107459
0.00106091
0.00103573
0.000995013
0.000913828
0.000912678
0.000841257
0.000843305
0.000819641
0.000774337
0.000763556
0.000717954
0.00068251
0.00068326
0.000674074
0.000651621
0.000581809
0.000591279
0.000567876
0.000520606
0.000490992
0.000487514
0.000450558
0.000442416
0.000434292
0.00042617
0.000404633
0.000388926
0.000386454
0.000366952
0.00035399
0.000351813
0.000324942
0.000336179
0.000298204
0.000296441
0.000287311
0.000281805
0.00025823
0.000270578
0.000256296
0.00024697
0.000232873
0.000222914
0.00022545
0.000210986
0.000194964
0.000204631
0.000191009