60
120
0.00554761
0.00506205
0.00373397
0.00236585
0.00145236
0.000899289
0.000503399
0.000290487
0.00018031
0.000102245
6.31798e-05
3.53517e-05
2.46129e-05
1.40232e-05
8.99648e-06
6.92485e-06
4.53889e-06
2.71632e-06
1.59894e-06
9.6707e-07
6.91697e-07
4.55211e-07
3.48872e-07
1.80705e-07
1.84835e-07
6.06146e-08
6.28958e-08
4.02109e-08
2.57847e-08
1.90424e-08
1.93237e-08
1.1011e-08
8.30323e-09
7.36062e-09
4.53077e-09
1.72743e-09
1.76063e-09
1.94475e-09
6.78222e-10
4.99348e-10
6.69426e-10
1.85802e-10
3.09607e-10
3.05455e-10
9.03692e-11
1.15266e-10
1.00253e-10
9.94115e-11
1.7982e-11
2.96882e-11
1.19689e-11
1.98344e-11
7.63876e-12
8.83093e-12
4.57737e-11
5.81484e-12
3.822e-12
1.02798e-12
6.14505e-13
2.21548e-12
5.19233e-12
4.73305e-13
1.61731e-13
3.02452e-13
1.49502e-13
5.4385e-13
3.9213e-13
6.72218e-13
2.08739e-14
1.25603e-14
4.08459e-14
1.01577e-14
1.16359e-14
3.66264e-14
1.89625e-14
4.01865e-15
7.62289e-15
9.83837e-15
4.94646e-15
2.0453e-15
3.82102e-15
2.83146e-16
1.75723e-16
3.74311e-15
8.83729e-16
1.40849e-16
9.57801e-16
4.00485e-16
2.96363e-17
1.8665e-16
2.8777e-16
1.39208e-17
4.4278e-15
7.23221e-17
1.2201e-17
8.33393e-16
2.15752e-18
4.06168e-18
2.5199e-18
9.09907e-17
2.02801e-17
1.01941e-17
1.11962e-17
6.16565e-19
1.79791e-17
2.94679e-19
7.08442e-19
3.20028e-18
1.28546e-19
1.33972e-19
6.85537e-20
6.42233e-20
4.18734e-18
8.12457e-21
1.6179e-18
6.10607e-21
1.85601e-20
1.30644e-21
6.29468e-18
6.45974e-22
1.75553e-20