60
120
0.00452099
0.00442923
0.00430885
0.00395531
0.00363932
0.00321367
0.0028591
0.00251853
0.00219533
0.00179044
0.00145997
0.00122323
0.00100956
0.000838758
0.000679839
0.000567307
0.000453894
0.000376796
0.000293813
0.000246673
0.000199877
0.000163359
0.000133603
0.000105784
8.39346e-05
7.03781e-05
5.44566e-05
4.63826e-05
3.62404e-05
2.89598e-05
2.50922e-05
1.8216e-05
1.63686e-05
1.37306e-05
9.8004e-06
8.53327e-06
6.90706e-06
5.44852e-06
5.49739e-06
3.79167e-06
3.28567e-06
2.34638e-06
2.16702e-06
1.8461e-06
1.58746e-06
1.20202e-06
1.03003e-06
8.27724e-07
6.8496e-07
6.2342e-07
5.79992e-07
4.61634e-07
2.78768e-07
2.86611e-07
1.94156e-07
1.64383e-07
1.30056e-07
1.08229e-07
1.11911e-07
9.03318e-08
6.29343e-08
6.36074e-08
5.56011e-08
9.6241e-08
3.84524e-08
3.72363e-08
3.01817e-08
2.25849e-08
1.96376e-08
1.7383e-08
9.19519e-09
6.91283e-09
1.09168e-08
8.30987e-09
4.13486e-09
3.02094e-09
4.21984e-09
4.79214e-09
3.74259e-09
4.06353e-09
4.05881e-09
1.10258e-09
1.11159e-09
7.09666e-10
1.68176e-09
6.05964e-10
1.07155e-09
1.18131e-09
1.00139e-09
1.62689e-09
3.28741e-10
4.68035e-10
3.07917e-10
2.88544e-10
2.63985e-10
1.44449e-10
2.73568e-10
5.64152e-11
9.65144e-11
6.13035e-10
3.42218e-11
4.94096e-11
1.53645e-09
5.47952e-11
4.41693e-11
3.08027e-11
4.88793e-11
1.27275e-11
1.13271e-10
2.52094e-11
1.90162e-11
1.90306e-11
3.05144e-11
2.88123e-12
3.76877e-12
1.07135e-12
7.86084e-12
6.63327e-12
3.86608e-12
7.5085e-13
1.57777e-12