60
120
0.0147266
0.0146776
0.0146587
0.0139245
0.0131554
0.0122795
0.0113052
0.0105206
0.00954164
0.00859797
0.00791198
0.00693476
0.00631611
0.00563216
0.00496994
0.00443265
0.00401099
0.00347618
0.00311382
0.00276263
0.00242546
0.00213746
0.00185991
0.00168085
0.00145548
0.00129296
0.00117833
0.00104334
0.000923684
0.000807998
0.000707146
0.000632145
0.00054976
0.000493535
0.00044701
0.000388904
0.00034494
0.000324658
0.000279908
0.000248326
0.000223126
0.0002058
0.000176584
0.000164211
0.000137376
0.000123736
0.000114422
0.000103172
9.15804e-05
8.16295e-05
7.45636e-05
6.32375e-05
5.8074e-05
4.85099e-05
4.42673e-05
4.23614e-05
3.97405e-05
3.55511e-05
3.37831e-05
2.68215e-05
2.58262e-05
2.40545e-05
2.04965e-05
1.97098e-05
1.77137e-05
1.4069e-05
1.41682e-05
1.18334e-05
1.05215e-05
1.0124e-05
9.07549e-06
8.64819e-06
8.1185e-06
6.84898e-06
5.79968e-06
5.62971e-06
4.85006e-06
5.25289e-06
4.12811e-06
4.05976e-06
3.4917e-06
3.08889e-06
2.96315e-06
2.66955e-06
2.66404e-06
2.02635e-06
1.97394e-06
1.79351e-06
1.71833e-06
1.46576e-06
1.64486e-06
1.51134e-06
1.10632e-06
1.19265e-06
1.0057e-06
6.70844e-07
8.84762e-07
7.81611e-07
9.06414e-07
5.53795e-07
4.70512e-07
5.44739e-07
4.13897e-07
3.90256e-07
4.92785e-07
4.16458e-07
3.65364e-07
3.24248e-07
2.23577e-07
2.43693e-07
2.33908e-07
2.28065e-07
2.38005e-07
1.60538e-07
1.46417e-07
1.52779e-07
1.55725e-07
1.13391e-07
1.67732e-07
1.35401e-07
1.21968e-07