60
120
0.0224446
0.021027
0.0176953
0.0133094
0.00993386
0.00711005
0.00506546
0.00375787
0.00263554
0.00190091
0.00142935
0.00103227
0.000792979
0.000587447
0.000432093
0.0003368
0.000253138
0.000187206
0.000149526
0.000119114
9.21158e-05
6.9252e-05
5.18826e-05
4.17906e-05
3.28992e-05
2.61874e-05
2.22514e-05
1.65471e-05
1.31201e-05
1.00485e-05
9.28965e-06
6.99199e-06
5.19675e-06
4.27028e-06
3.51066e-06
2.65761e-06
2.34196e-06
2.11787e-06
1.61981e-06
1.4108e-06
1.03937e-06
1.0279e-06
8.0684e-07
6.81472e-07
4.39619e-07
4.17745e-07
3.45989e-07
2.82076e-07
2.19406e-07
2.26504e-07
1.89952e-07
1.08008e-07
1.40257e-07
6.99242e-08
6.20663e-08
6.07954e-08
6.47752e-08
5.62796e-08
5.33243e-08
3.22422e-08
2.96978e-08
2.27992e-08
2.10757e-08
1.87251e-08
1.47269e-08
1.11297e-08
1.07032e-08
6.14157e-09
6.41413e-09
4.73681e-09
4.91272e-09
5.32964e-09
6.02862e-09
4.92413e-09
1.58762e-09
1.99181e-09
1.78882e-09
2.64521e-09
1.38161e-09
1.19397e-09
1.48272e-09
8.81248e-10
1.55817e-09
5.02696e-10
7.86843e-10
3.3735e-10
4.54915e-10
4.51792e-10
3.37528e-10
3.42203e-10
5.78023e-10
4.11885e-10
9.80585e-11
2.19407e-10
4.36424e-10
4.83351e-11
1.63043e-10
9.65221e-11
2.42795e-10
7.88006e-11
2.47539e-11
5.09256e-11
3.24475e-11
5.47156e-11
2.1188e-10
6.4558e-11
4.93139e-11
2.96874e-11
1.73316e-11
1.45039e-11
8.58539e-12
1.09353e-11
2.47794e-11
8.10398e-12
2.87538e-12
8.01774e-12
5.43394e-12
4.33954e-12
2.39928e-11
6.91785e-12
6.42173e-12