1  12  55
-1  10  55
1
0.17854344907006367
0.36560096264048825
0.7011591445895976
1.2633503170868026
2.1426756689449746
3.427842170356823
5.190900863346607
7.482136685985916
10.340088420610169
13.811517222205433
17.971078523489844
22.934449543849727
28.865227708415
35.97915408030212
44.548989920041144
54.91199293718273
67.4808827730558
82.75873473790531
101.35819621594376
124.02556890173891
151.67053281090017
185.40256912246892
226.57546166204904
276.84162304732047
338.21841082265036
413.16909098919825
504.701697513363
616.4897552860149
753.0197115806086
919.7709929325581
1123.435913765449
1372.188262471282
1676.011344221285
2047.0986460997726
2500.343204495259
3053.935314986084
3730.092572761625
4555.951542725556
5564.656845129757
6796.691365564404
8301.500975301231
10139.478967723851
12384.3898532466
15126.329788122312
18475.342449541557
22565.83547478814
27561.974711661212
33664.27277036904
41117.63629863126
50221.19494537088
61340.30648384389
74921.21990193789
91508.9849409425
111769.32685546613
136515.3643054245
166740.24266291474
1.2
0.0810999958990483
0.1735840392219145
0.3444920536665737
0.6370204513296914
1.1013675673477341
1.7865322810912012
2.731671369525644
3.9630578716515363
5.499748652319951
7.364958364844157
9.597207150805215
12.257624255221911
15.433590369611451
19.2407783272412
23.825521119338514
29.368631561927128
36.09117426810276
44.262412999446916
54.21011479861531
66.33346997218044
81.11902183545969
99.16016504119682
121.18095385659753
148.06515984582038
180.89174059165782
220.97814204152368
269.93317223835095
329.7215684367387
402.74284890745275
491.92761403096057
600.855161579946
733.8971365096529
896.3929804147217
1094.8642220730505
1337.2762092921357
1633.3577862854102
1994.9917463505603
2436.6917300878154
2976.1847087584315
3635.122429884848
4439.950377903108
5422.969124309787
6623.630663011084
8090.121757363753
9881.29784418351
12069.045109080267
14741.165531496294
18004.900686433968
21991.235725412418
26860.156270517597
32807.06919916405
40070.64500820595
48942.396499004775
59778.37820971842
73013.47613411037
89178.86122346704
1.4
0.03969247508002067
0.08883485855374801
0.18250711735935596
0.34647695612117074
0.6108341768974722
1.0048475166632347
1.55151200509464
2.265585316704931
3.157066567286422
4.238224912936315
5.530442726297055
7.068598922509645
8.903114528319382
11.100965953790462
13.746886493381067
16.945461342148075
20.824415303108815
25.539204159266497
31.278987171910853
38.27410832535621
46.805304124171805
57.214961143860975
69.92085545061639
85.4329191954047
104.37370596278191
127.50337603149418
155.7502042750069
190.24783509213555
232.38077953697888
283.8399806088965
346.6906767318893
423.45528702673175
517.2146448418099
631.731642418146
771.6022489649765
942.4399630420734
1151.1011019671762
1405.9599699043001
1717.244948093981
2097.4489957066576
2561.8310361599756
3129.0283512932733
3821.804560934584
4667.963206858143
5701.463606610235
6963.783760092205
8505.58500737081
10388.745246127874
12688.84230897193
15498.187167194255
18929.528694318342
23120.578674001354
28239.53865773001
34491.85048353885
42128.44137835352
51455.79454867753
1.6
0.02050844852494225
0.04800254183012719
0.1021094280081181
0.19904578071236462
0.3578702797469552
0.5970731373831657
0.9309314577837694
1.368167094014876
1.91421181994251
2.5758120441077805
3.3654749322133424
4.304240338592207
5.422871152524088
6.762346979324023
8.374483655471002
10.323145355289954
12.686231767078993
15.558488595759098
19.055166989660922
23.316596752906758
28.51380346728618
34.8553692365172
42.59580335880147
52.04575663388642
63.58448886767976
77.67508990013361
94.8830650259569
115.89903070831556
141.56643144209895
172.9153901430978
211.20405059765991
257.96907119043885
315.0872964009181
384.8510811624928
470.06029111494496
574.1346710434694
701.2510912445056
856.5111799967722
1046.1460698170463
1277.766474687072
1560.6681347286844
1906.2048868944628
2328.2443343106115
2843.7244018830525
3473.3331146965634
4242.338881102671
5181.604602669537
6328.826310789304
7730.046040777434
9441.499660414553
11531.873812777909
14085.062554466893
17203.534308265727
21012.444301624808
25664.65746450423
31346.88344615912
1.8
0.011041596245785483
0.02702945380548187
0.059534623083815574
0.1191713425904393
0.21851337012569588
0.3697394170420642
0.5820916480174629
0.8609195712756897
1.2092217634343674
1.6307964875889558
2.133253325735818
2.7298322202495506
3.440107556763384
4.2902088106261935
5.313137710269526
6.549501032206824
8.048769039264357
9.871072305430175
12.089537817608955
14.793199081927755
18.090563378005367
22.113965503138708
27.024878711317324
33.020395192967726
40.3411360761185
49.28090839746989
60.19849660975434
73.53206186224854
89.81672694585231
109.70605264970851
133.9982674504842
163.66830322387474
199.906922684017
244.1685088722915
298.2294346554084
364.2593548058021
444.9082818658915
543.4129404561967
663.7266683992583
810.6780780475832
990.1648454517531
1209.3904048094896
1477.1530475678926
1804.199028762372
2203.653851953532
2691.5490417770648
3287.4655453167916
4015.3195842646032
4904.322496872113
5990.153091523446
7316.38956259167
8936.258436488917
10914.770738578078
13331.331114861843
16282.924618264258
19888.009059822107
2
0.006140054716969994
0.015719507492815945
0.03585052296004383
0.07368928628190986
0.13779269134986588
0.23644362413526657
0.37582148234051355
0.5592997994214347
0.7885320132348975
1.0656797259516984
1.3955175915869094
1.7866591760983515
2.2519732953489773
2.808659626350771
3.4784057897529124
4.287847851082556
5.269397671540549
6.462430579076269
7.914823969103337
9.684867073723131
11.843597901868412
14.477653899576303
17.692748982762144
21.617916206081915
26.41068631240326
32.26340999464942
39.41097760450019
48.14024612694569
58.80155175833254
71.82277012803527
87.72648844983118
107.15097878170462
130.87581411391645
159.8531554246616
195.2459651343224
238.4746809798965
291.2742231145939
355.76362255604624
434.53106534147713
530.7377655211163
648.2448357778084
791.7682474362706
967.0680989511939
1181.1797888835226
1442.6963711471806
1762.1134244355553
2152.2502766464117
2628.7644895223752
3210.7802515810345
3921.6558989497635
4789.92136792889
5850.423198901392
7145.723055592699
8727.805868840345
10660.166177010324
13020.356384244247
2.2
0.0035046068215679412
0.00938289236093869
0.022156003718312434
0.04676048574050715
0.0891622424296662
0.1551384254034556
0.24892811593387765
0.3727041982286877
0.5273588208386135
0.7141203770518082
0.936060348844677
1.1989353573309198
1.5114289061074537
1.8851513165868177
2.3347119686895974
2.8780191135973623
3.536840530232278
4.337609151892594
5.312461402482888
6.500521392215638
7.9494701306886695
9.717459018007338
11.875443656027828
14.510031545474734
17.726957949017716
21.655329418626042
26.452805294824714
32.31192512959988
39.46783597469161
48.20772965842205
58.88236880216401
71.92016415595089
87.84436822614366
107.2940752357548
131.04987021962177
160.06515664270395
195.50441982874443
238.78996184509063
291.6589834787044
356.23330420346866
435.10451824588625
531.4380043611039
649.0999635967146
792.8125835160236
968.3435561656133
1182.7375558089846
1444.598966440199
1764.4372059256475
2155.088505844133
2632.2310745311293
3215.014318670376
3926.8273760148504
4796.237804026055
5858.138095846141
7155.146038770195
8739.315115651996
2.4
0.0020438087948321188
0.005721733510812407
0.013987577076706342
0.0303088012549176
0.05892562636927756
0.10394981933866103
0.1683505957059925
0.2535503481649593
0.3600051686918124
0.48840227073266956
0.6407589563883411
0.8210089496790518
1.0351368125101394
1.291140669049786
1.5990602513288894
1.9711785791036756
2.4224112967891855
2.970864411194191
3.638548791971919
4.452260914132855
5.444657899806697
6.65556812449192
8.133589667298477
9.938040722422514
12.141340246565964
14.831914385941772
18.11774532800965
22.130705005806508
27.031847581663236
33.01787311622932
40.329021832562596
49.25871579983435
60.16533499124053
73.48660033066571
89.75714097031097
109.62995083579305
133.90259556518225
163.54922161850453
199.7596521956439
243.98713901910634
298.00668642835586
363.9862885364315
444.5739384460012
543.0039015103896
663.2265177584059
810.0667429103195
989.4177907924762
1208.4776487006318
1476.0379579039673
1802.836853421858
2201.989921359785
2689.516576890677
3284.9829761880096
4012.2872766774844
4900.618753675849
5985.629268498919
2.6
0.0012135815031274009
0.0035522199369455876
0.008989383708900324
0.01999619658265005
0.039633533405573254
0.07087647457752051
0.11584080194752663
0.175469198935015
0.2499677973588148
0.3397073547567842
0.4460365233738012
0.5716939840280457
0.7208767399382385
0.8991870733569568
1.1136385058705927
1.372795571526972
1.687049557387406
2.0690109691477754
2.5340090709559204
3.100705854968333
3.7918448522736257
4.6351638975716405
5.664508345243877
6.921189402246793
8.455642091907944
10.329449388490696
12.617813758190033
15.412575298152808
18.825897602054816
22.994769278937984
28.08650178709317
34.30544423036134
41.90118460518218
51.178566643245205
62.50992426083558
76.350024626245
93.25431956302536
113.90123778199457
139.11941260752678
169.92093794238804
207.54198714975675
253.49242503079867
309.61640400055677
378.16637639989597
461.89349331624885
564.1580179374857
689.0641847117098
841.6249166868703
1027.96301171419
1255.5568718692766
1533.540637760413
1873.0707741159965
2287.773817434422
2794.2932569653744
3412.9574963270834
4168.595703723139
2.8
0.0007317438697920186
0.002239156583747655
0.005865174182280505
0.013391764889743231
0.027056747978654094
0.0490422353107793
0.08087769102218134
0.12319367439928297
0.17605478632710408
0.23964677807548984
0.31488537615360584
0.4037077430940149
0.5091003999232818
0.6350421995979451
0.7865001453878587
0.9695288631193283
1.1914689949862456
1.4612270408530568
1.789629263565159
2.1898555926210514
2.677968515716526
3.27355771833345
4.000526286427876
4.888050021195483
5.9717483664237925
7.295113941826991
8.911258054597537
10.88504224264739
13.295681395872192
16.23992292781658
19.835929589089215
24.228021753446377
29.592469501125418
36.1445669560904
44.14727279518543
53.92176370314033
65.86032432065629
80.4420910044436
98.2522812515782
120.00568053249681
146.57532914170747
179.02756037027382
218.66479620488045
267.07781809537227
326.2096105998559
398.4333401773436
486.6475986904894
594.3927340747016
725.992937348484
886.7297854872631
1083.054213843113
1322.8454106670035
1615.7270386462546
1973.4534658893524
2410.381509982512
2944.04662749537
3
0.0004470839160954584
0.001430075606873241
0.0038767802409107872
0.009084760187250832
0.018707422904309177
0.034363554890049684
0.05717230894937224
0.08755826321374023
0.1255083174644369
0.171101147693514
0.22496718674422067
0.288495440552125
0.3638373188523433
0.4538518410739174
0.5620976182773276
0.692905280681316
0.8515220361365724
1.044313392323563
1.2790167134413566
1.5650514662515
1.9138972296712762
2.3395544090671363
2.8591061216314215
3.4934038018577174
4.267904042828031
5.213690258663557
6.368720171086993
7.779349186068979
9.50219079903698
11.606388693224075
14.17639171846411
17.315343125506796
21.149220039348222
25.83188941876681
31.551283222476403
38.53694080597362
47.06922113639141
57.490554582257595
70.21918584653845
85.76595959501377
104.75482244697221
127.94786414274833
156.2759028819936
190.87584232580545
233.13629953269182
284.75333503690075
347.79852171290156
424.8020842686862
518.8544461303602
633.730258568179
774.0398915420046
945.4144632023466
1154.731836846352
1410.392653641441
1722.6574798516776
2104.0585993922214
3.2
0.00027632341293158175
0.0009238099856964057
0.0025915491528033206
0.006232068388074866
0.013077807744982413
0.024341218614826556
0.040849779530633394
0.06289059870114133
0.09041054375634155
0.12342775348655471
0.162381729204311
0.2082802358733977
0.26268937275287724
0.32768400646315204
0.4058390952396476
0.5002834387219302
0.6148060833543992
0.7540030674243048
0.9234608426355505
1.1299803439663836
1.3818499241307176
1.6891779937548588
2.064298707374428
2.5222669763650107
3.0814626753977405
3.7643282913432787
4.598269619073373
5.616755652236443
6.860661811491342
8.379910418657724
10.235474254786018
12.501823611947907
15.269915047536823
18.65084179029091
22.780292301636955
27.823995930079217
33.98437421187163
41.50866475801773
50.698843767710486
61.92374539351561
75.63386435098025
92.37943585335967
112.83251848273399
137.8139662606639
168.32637240229067
205.59430690240197
251.11346282908067
306.7106837382619
374.61728133548644
457.5585857718707
558.8633228677368
682.5972074125444
833.7261146521965
1018.315378283739
1243.7732135936376
1519.1480351493442
3.4
0.00017252022842792995
0.0006027698079596149
0.001749613727560007
0.004317084707383371
0.009230711050556853
0.017406040529377442
0.029460409947825693
0.0455883713499586
0.06571884976172417
0.0898372652869857
0.11825356877945427
0.15170646322788084
0.19134624619442236
0.23869162187826193
0.29562183228343936
0.36441716417945347
0.447837915004899
0.5492319788872939
0.6726686507576338
0.8231018774865394
1.0065690726656447
1.2304334190346997
1.5036793788542533
1.8372732719234754
2.244603392499431
2.7420173285531186
3.3494780478776427
4.091365082078441
4.99745296278062
6.104106178125768
7.455738607370017
9.10659600580279
11.122933077375
13.585672508608988
16.593652680145308
20.26759439800227
24.754945843401764
30.235800186007243
36.930123355172476
45.1065820450386
55.09332625232403
67.29115908790429
82.18962241296717
100.38664387280028
122.61253383266279
149.75929529703672
182.9164231222318
223.4146292704458
272.8792489559219
333.2954710405746
407.08801066054593
497.2184215312704
607.3039535103582
741.7627255325834
905.9910402360352
1106.5799565345553
3.6
0.0001086815196874199
0.0003967954055545239
0.0011915751785284568
0.0030164165453179835
0.006570796787754234
0.012550918170369034
0.021420951444394584
0.03331271470739896
0.04814991366881223
0.06590177722956578
0.08678925160161502
0.11135869692150135
0.14046157955479624
0.17521779070491844
0.21700913346212872
0.2675102204049502
0.32874746831976137
0.4031785085004194
0.49379051794847106
0.6042200746990243
0.7388991046077573
0.9032327500351913
1.1038162971867698
1.348699868106269
1.6477115003395884
2.012851580588671
2.458774462368006
3.003376596665409
3.668514779357219
4.480883341173081
5.473085484919385
6.684941766482458
8.165088233556398
9.972928361012269
12.181017120922242
14.877972868346879
18.172033907084238
22.195402472851622
27.1095504731985
33.111699922122725
40.44273815198393
49.3968854679732
60.33350324201921
73.69151634646579
90.00702875036023
109.93483925411891
134.27472086454756
164.00351854642227
200.31435317603984
244.6645062017556
298.83390493712955
364.9965575546385
445.80780361679473
544.510882175173
665.0670943427665
812.3147842153136
3.8
0.00006901541128332313
0.0002632759461965968
0.0008178651075723152
0.0021238309984831674
0.004712704218504929
0.00911710003129207
0.01568841882196418
0.024515754170786185
0.035524663348998495
0.048677854934008453
0.0641344221953786
0.08230166398838862
0.10381411262310523
0.12950294971623258
0.16039093203404123
0.19771617802433794
0.24297648555977128
0.2979882934460173
0.36495941787873276
0.44657764521073395
0.5461186014854215
0.6675772147902066
0.8158280457469965
0.9968209207463631
1.217819719370966
1.4876938993886941
1.817274459236577
2.2197886240174136
2.7113907004861963
3.3118104061036453
4.045144691873714
4.940824837595067
6.034797632461355
7.370968045930082
9.00296128830627
10.996274978723347
13.430907794576829
16.404570099342518
20.036605402547234
24.472780033849496
29.891133257669072
36.509122614006394
44.59235125306801
54.46522752228019
66.52398461234792
81.2525827864587
99.2421324049602
121.21461727313925
148.0518703183932
180.83096477826848
220.8674407953447
269.7681027297236
329.495505840931
402.4467205504943
491.54953523649425
600.3799587185462
4
0.00004414253794280085
0.00017592725985700002
0.0005652914519045132
0.0015056616671480407
0.003402858134703048
0.006666492675383238
0.011564200124060045
0.0181558889563102
0.02637263612489919
0.036176128674144666
0.0476820151815595
0.061196045720578726
0.07719388839800052
0.09629598420577777
0.11926377806081395
0.1470181578802312
0.18067290063272098
0.22157868161675776
0.27137719311744657
0.33206702424806767
0.406083871028068
0.4963982894096045
0.6066349141177079
0.7412179279691804
0.9055486198626813
1.1062221574679185
1.3512922744619709
1.6505944951393847
2.01614086853672
2.4626020541390825
3.0078961069568466
3.6739075919861865
4.487365888646205
5.48091793462799
6.694438462134588
8.176630310894383
9.986979044126668
12.198140313061582
14.89885578333654
18.19751464962515
22.226503674612143
27.147520334609
33.158062307042826
40.49935374571167
49.46602645307389
60.41794448899329
73.79464677904963
90.13298735822303
110.08868119175801
134.4626203523628
164.23301659800381
200.5946604609578
245.0068723838321
299.2520703729484
365.5073046915013
446.43163053034993
4.2
0.000028417607556432873
0.00011831302824946641
0.0003931835938809998
0.0010740311431163476
0.0024719732889083817
0.004903474848284657
0.008573463569659611
0.013521885933370765
0.01968697901375416
0.027032376833051437
0.03564290567946157
0.04574950022073088
0.05771059673074505
0.07199168629651734
0.08916263570464653
0.10991205387274296
0.13507263249316742
0.16565415026953267
0.20288395075011204
0.248256196548302
0.3035918352004819
0.37111168018248647
0.4535255399516943
0.5541409720754779
0.6769960271294884
0.8270213098463448
1.0102378615963166
1.2339988059179534
1.507284455184429
1.8410627220722038
2.248729300406764
2.746645281390529
3.3547937816421043
4.097581935830957
5.004820440690743
6.112919962951924
7.466352427244162
9.119435830583203
11.138514214314553
13.604620283442408
16.616727533606593
20.295722404982076
24.789255879584317
30.277669233615256
36.98123176609854
45.16898097926726
55.1695199981832
67.38420556871796
82.30325590915186
100.52542489631973
122.78203215328425
149.96631347751736
183.16926952904134
223.72345151769457
273.2564411620995
333.7561712582237
4.4
0.000018402512653411185
0.00008002981091663129
0.00027503921319429575
0.000770431505031208
0.0018055820006255849
0.0036259792420915023
0.006389283633546929
0.01012179481187106
0.014769367238319758
0.020299030831013514
0.026773536032385987
0.03436826182601938
0.0433545512297346
0.054083232367160214
0.06698280142203053
0.08257065689323392
0.10147236455793232
0.12444651456481358
0.15241514016347915
0.18650072050287012
0.2280712296043703
0.27879503796229216
0.3407078701094319
0.4162945053906309
0.5085885008822064
0.6212939386894583
0.7589340837674919
0.9270329184254168
1.132336839132843
1.3830854130991284
1.6893420610355605
2.0633979375634315
2.520265218407264
3.0782795917172088
3.7598361336155146
4.592288101235891
5.609044714976047
6.850911987819989
8.36773041391869
10.220375242622223
12.483199615983665
15.247018621421278
18.622754020050007
22.74588592642773
27.781890101255485
33.93287907467905
41.44571363178907
50.62191020288361
61.82974177565587
75.51901798500316
92.23913755134573
112.66113758120422
137.6046246422778
168.07066845285524
205.28197832459858
250.73197478011352
4.6
0.000011981224896749347
0.0000544211547970574
0.00019339657747374266
0.0005554681994757919
0.0013253975293142251
0.0026942954565287334
0.004783974074134552
0.007611426109745988
0.011129916219281574
0.015310423462093267
0.02019974313773049
0.02593170970297927
0.032712578052286695
0.04080783984127681
0.050541060908663074
0.06230268896114828
0.07656474354375534
0.09389961014634551
0.115002997808333
0.1407218595753228
0.1720883836750242
0.21036141885485468
0.2570769964024016
0.3141099764741944
0.38374929281673353
0.46878981571514045
0.5726445199510432
0.6994814594638055
0.8543910459906514
1.043590345163721
1.274672589182535
1.5569119198841053
1.9016355926191717
2.322678578781512
2.8369388117879986
3.4650553604793264
4.23223674742127
5.169272655428367
6.313769625645161
7.711660340087886
9.419047061454343
11.504453213914358
14.05157346872379
17.162632705253962
20.962488654336713
25.603642877407914
31.27236119634821
38.19614916115253
46.6528827142034
56.981960259994665
69.5979239482525
85.00709669950204
103.8279027213363
126.81568704393341
154.8930301676855
189.1867744582746
4.8
7.839053282843375e-6
0.00003718656689373938
0.00013663602663808002
0.0004023475538104963
0.0009773300503098283
0.002010833314713486
0.0035973321626333607
0.005747501662676477
0.008421461934544346
0.011594183427521358
0.015300829730017106
0.019643973137000784
0.02478096885109014
0.030913472795305517
0.038286758651563745
0.04719663553388256
0.05800067953218863
0.07113249446458389
0.08711910616308888
0.10660211348787989
0.1303634379323307
0.15935670487804535
0.1947455159299056
0.23795014833394434
0.2907045556901786
0.3551259575991957
0.4337998111186019
0.5298835742325574
0.6472334257277689
0.7905590271883125
0.9656125382509497
1.1794194709690702
1.4405606482798485
1.759516582557617
2.1490880953751783
2.624910059420258
3.206078880834217
3.9159189050425405
4.782918504634072
5.8418734177825025
7.135283223395365
8.715056998441765
10.644596611476254
13.001341262243397
15.879875388669056
19.395724672466702
23.689992492516918
28.93502288814597
35.34131735214942
43.16598297328638
52.7230510571878
64.39608030178634
78.65355036175897
96.06766356772445
117.33730942901767
143.31611351699863
5
5.152193271417239e-6
0.000025523272588994264
0.00009695610826819095
0.0002926802406920055
0.0007236641141459044
0.001506794864635962
0.0027155977135757173
0.004356490729049997
0.006395738469458606
0.008812069759291323
0.011632097767654283
0.014934738042381105
0.018840435424912406
0.023502873895102642
0.0291086332683368
0.03588262912017253
0.044096721069945416
0.05408056927465469
0.06623486061415902
0.08104738947650274
0.0991126346552044
0.12115561787066002
0.14806100143753817
0.18090859286954802
0.22101668134649677
0.2699949452881145
0.3298090544007821
0.40285955890459374
0.492078232043037
0.6010457324373832
0.7341353084891129
0.8966883121943484
1.095228566354179
1.337724188490135
1.6339073793784091
1.9956650104390663
2.437515685623765
2.9771924239706187
3.6363543479230303
4.441455939963719
5.424808753884695
6.62587819089453
8.092867384741245
9.884651762722807
12.07314192330789
14.746169660952303
18.011012965066296
21.998701459078323
26.869275085975385
32.81820706650126
40.08424892914654
48.95901244597019
59.7986730404154
73.03826435068099
89.20913766404244
108.9602869064881
5.2
3.400438070454484e-6
0.00001759009929583696
0.00006907644361430852
0.00021374120499298652
0.000537883321258566
0.001133275907783237
0.0020573185561723983
0.003313591945896707
0.004873750585054581
0.006719916084923795
0.008872366143152064
0.011392024839785513
0.014371359195604292
0.0179278527885841
0.022203894208001177
0.027371058462560598
0.033636719495562795
0.04125234019026905
0.050523562143622455
0.06182247204607458
0.07560253482513778
0.09241679278522597
0.11294006113719307
0.1379960107020409
0.16859022471316568
0.20595055640249998
0.2515764070617709
0.30729890228102036
0.37535438144841526
0.45847414990208013
0.5599940958031874
0.6839885710414768
0.8354339092824462
1.0204081437103367
1.2463349398413295
1.5222815332869457
1.8593226297563632
2.2709848718824586
2.7737897108859193
3.3879164704234905
4.138012213700722
5.054180916660122
6.17319164623795
7.539954232125759
9.209321655922865
11.248291493894136
13.738694765145425
16.780480096744405
20.495725015085753
25.033535343655004
30.576029344269582
37.34564676193443
45.61407611413733
55.71315850243653
68.0482055635915
83.11426604756974
5.4
2.252978299332693e-6
0.000012168825949562777
0.00004939670283156223
0.00015665917201934123
0.00040120457583485533
0.0008552514039433695
0.0015637371134903345
0.0025283807599950133
0.0037254928561322263
0.005140174190856218
0.006787972415753776
0.008716067144010832
0.010995638227835629
0.013716748661711605
0.016988384133410406
0.020941824515235765
0.02573573389311991
0.031562508637190234
0.038655997676368445
0.04730088763272324
0.05784412829444174
0.07070885692912204
0.08641138026810444
0.10558189570802727
0.1289897833459234
0.15757448390338402
0.1924832017814561
0.23511694640130143
0.2871867596318304
0.3507823859075774
0.4284561410102349
0.5233253454631688
0.6391974335494714
0.7807227590185302
0.953581230110541
1.164710264217684
1.4225832108029972
1.7375494166641094
2.1222495815701787
2.59212307390619
3.166027566759489
3.8669958625436256
4.723160280235045
5.768881704113208
7.046128606694265
8.6061613908979
10.511589650056777
12.838884910452148
15.681449702742864
19.153366132909124
23.393974398019015
28.57346499753653
34.89970907564581
42.62660102015359
52.06424813561925
63.59141633907617
5.6
1.498091843251243e-6
8.448097039069115e-6
0.00003544557368272487
0.00011520743102016549
0.0003002315642118502
0.000647464646167513
0.0011921782922141655
0.0019348978410569108
0.002855910231275077
0.0039428821522193005
0.005207804197980718
0.006687313594114522
0.008436338440885762
0.010524100007625235
0.013034244750305802
0.01606750026293568
0.019745601000551574
0.024216162038149185
0.029658602687059714
0.03629134720022472
0.04438059090408132
0.054250983551744125
0.06629865865755115
0.08100713172551494
0.09896670542499424
0.12089816050889246
0.14768168327625764
0.18039219053899472
0.22034246980802819
0.2691358660653988
0.32873062962804506
0.4015185076091916
0.4904207331278058
0.5990052646508275
0.731629980694426
0.8936175767903932
1.0914691839470874
1.333125281863818
1.628284378262093
1.9887922440542574
2.4291173257235243
2.9669314148835038
3.623818879325534
4.426142919486246
5.406103616247328
6.603030233245928
8.064959638316353
9.850564191666425
12.031506473704814
14.695315356017582
17.948898842319366
21.922834662021543
26.776610813004275
32.70502637497142
39.94600948042894
48.79016620649324
5.8
9.99474300501057e-7
5.884273020940615e-6
0.000025516283641608018
0.00008498827386617931
0.00022535009363239746
0.0004915890952499256
0.000911455216387049
0.0014847343270301102
0.00219507999117004
0.003032337844351835
0.004005805117850622
0.005144003399601157
0.0064894150247033775
0.008095369976567806
0.010026228930243658
0.012359476069664446
0.015188752391848788
0.01862760667897996
0.022814052228110733
0.027916105798728132
0.034138530715130705
0.04173105473764795
0.05099839251453461
0.062312474850393304
0.07612737559598017
0.09299753522560278
0.11360001248034991
0.13876165711256622
0.16949229426996823
0.20702525232426416
0.25286686066925806
0.30885690400868127
0.377242459376123
0.460768079226444
0.5627859399625816
0.6873903765448811
0.8395822025292426
1.0254694102741633
1.2525123061207022
1.5298229186808592
1.8685306965402786
2.2822291721081274
2.787521517802815
3.40468688965883
4.1584943010633575
5.0791966902334
6.203745076851702
7.577271536230474
9.254900507963068
11.30396113323999
13.806689409693506
16.863528610732423
20.597160426785187
25.157428612300777
30.727352741720498
37.530473427815146
6
6.68898059716183e-7
4.111072420948061e-6
0.00001842341935258751
0.00006287801345663886
0.00016962073278540857
0.0003742507686473697
0.0006986473510509007
0.001142162945717063
0.0016912821595659946
0.002337681315637516
0.003088605011860603
0.0039663069401925264
0.00500371157103014
0.00624199702296097
0.007730800728355508
0.009529868837566895
0.011711404050257562
0.014362959029070284
0.017590949985496804
0.021524927530855845
0.026322775997164146
0.0321770498897808
0.03932270177577101
0.04804651175537723
0.0586985969544635
0.07170646295410427
0.08759216109057875
0.10699324020850484
0.13068833373478203
0.15962840897171165
0.19497493275400743
0.2381464851911493
0.29087569226803983
0.3552787622094747
0.4339404163467199
0.530017623060105
0.6473662980049908
0.7906960555460616
0.9657592221183513
1.1795816972848763
1.4407449277557025
1.759730310975923
2.1493398504078103
2.625209944880646
3.2064389321788576
3.9163535723961185
4.783445232723709
5.8425133460559096
7.136062034421088
8.71600594864087
10.64575378519531
13.002753101654589
15.881598555489168
19.397828323430463
23.692561052384125
28.93815944661479
6.2
4.4896879465252104e-7
2.880447018176044e-6
0.000013339385156259719
0.00004664623472299751
0.00012800826148241708
0.0002856386314873077
0.0005368219069156253
0.0008806806526227178
0.001306067305206284
0.001806183579725688
0.0023867002007019735
0.003065015773247087
0.00386669588358056
0.004823601385884762
0.005974097933693218
0.007364356131556837
0.009050171801608822
0.011099202643401281
0.013593683459223316
0.01663372652292252
0.02034133943695355
0.02486532172588403
0.030387236683747737
0.03712869814654027
0.04536026463365224
0.0554122978112286
0.0676882210657329
0.08268071030104095
0.10099146675242932
0.12335536536968435
0.15066994792927096
0.184031444537334
0.2247787691929113
0.2745472551079898
0.33533428637134866
0.40957945998532985
0.5002624954595485
0.6110228214173189
0.7463056386452074
0.91154032160876
1.113358318313626
1.3598592935986222
1.6609361971255632
2.0286723021856936
2.4778261498841236
3.0264238612151138
3.6964825885915875
4.514894141478943
5.514504249132399
6.7354307750412605
8.226673787466801
10.048082105176194
12.272755238788342
14.989977132699575
18.30879944232555
22.36241816013281
6.4
3.0217695981286306e-7
2.023621789062301e-6
9.68361722455221e-6
0.00003469261999795025
0.00009684138938731287
0.00021852061652144028
0.00041340986334630075
0.0006805345723232037
0.0010107189531677863
0.0013984274042569825
0.0018481169928453412
0.00237341560116671
0.002994209685170127
0.003735198505987232
0.004626095745492351
0.005702654518255922
0.007008080841494148
0.00859476605596124
0.01052638941052934
0.012880473732799954
0.015751496692372587
0.019254682521473457
0.023530626367941017
0.028750936872174337
0.03512512342447565
0.042909004512492924
0.05241497461531782
0.06402454169089483
0.07820363842997187
0.09552132177083646
0.11667261115246227
0.1425063820849643
0.17405943450438274
0.21259810319458877
0.2596690802485647
0.317161489252897
0.3873827024504697
0.4731509436903037
0.5779083936460739
0.7058593366128614
0.8621388931981557
1.0530191107424662
1.2861606826017475
1.5709203986702935
1.9187266662131175
2.343538171977346
2.8624040933036636
3.4961483414767205
4.270205298402671
5.215640587661313
6.370397846960321
7.780821540043075
9.503516921746575
11.607621806631002
14.177581311740019
17.31653693575259
6.6
2.0390308601039936e-7
1.42525607701355e-6
7.047031579259929e-6
0.00002586378767157141
0.00007343127053482899
0.00016754192793239835
0.0003190403137860916
0.0005269390274716129
0.0007836983766957553
0.0010848224519989858
0.0014338274833479818
0.0018414057670804414
0.0023230514937288313
0.002897946579578395
0.0035891475095761356
0.004424393568638949
0.005437206077348683
0.0066682327572725
0.008166879031502568
0.009993290837121657
0.0122207684928543
0.014938708498240253
0.01825619132902572
0.022306359219669798
0.027251759628742392
0.03329086883914777
0.040666057508224364
0.04967331785330679
0.060674142858716765
0.0741100342584031
0.0905202215508522
0.11056330317219583
0.13504367836392858
0.16494383053892103
0.2014637577905113
0.2460691330294674
0.30055012658422386
0.3670932520218763
0.44836911861499795
0.5476396122688949
0.6688888064562427
0.8169828570745763
0.9978652983687781
1.218795577829043
1.4886404033092093
1.8182295951451526
2.2207907248713914
2.7124799841118437
3.313030589277904
4.0465447448311265
4.942460949338901
6.036735465978131
7.373285373245203
9.005751111901553
10.999649264015352
13.435001963478348
6.8
1.3792346920625122e-7
1.00620453363259e-6
5.140181399494573e-6
0.000019325007213580785
0.000055800398807953005
0.00012872138120206274
0.0002466983149798109
0.0004087822432216683
0.0006087870236017513
0.0008430691202569545
0.0011144118542019536
0.0014312171289878007
0.0018055753676632222
0.0022524087620437007
0.00278963987358484
0.0034388290487889763
0.004226030508583382
0.00518283741128844
0.00634764977748804
0.007767215617365862
0.009498507092509602
0.011611007008801945
0.014189497405368706
0.017337462155508843
0.021181240137913056
0.025875095659439462
0.031607409623390245
0.03860823991666413
0.047158554440538646
0.05760150733901765
0.07035621097961828
0.08593455640424567
0.1049617573140688
0.12820144209063206
0.15658630088408698
0.19125551774381422
0.23360049007427128
0.28532067029836183
0.3484917708503485
0.425649069804161
0.5198891604844676
0.6349942286296714
0.7755838447858187
0.9473003638926556
1.157035372799758
1.4132062738440587
1.7260941047615048
2.108256152830508
2.5750299229020337
3.145148685322955
3.8414933078462457
4.6920105452227965
5.730834640539943
6.99965725230722
8.549400687073126
10.442261590388602
7
9.350713802243861e-8
7.119520430079271e-7
3.757479663109994e-6
0.000014469821320155199
0.0000424887950809992
0.00009908771126578276
0.00019111279271432645
0.000317682619466086
0.0004737280725635859
0.0006563019097698007
0.0008676139566271816
0.001114275579156903
0.001405734598857842
0.0017536178514161564
0.0021718803340865164
0.0026773080118272555
0.0032901854609039176
0.004035109605152086
0.0049419768660881455
0.00604718301111571
0.007395083843477425
0.009039775356383097
0.01104726479514405
0.013498119759704852
0.01649070166534108
0.020145113331594477
0.024608019130124358
0.03005853114095981
0.03671539754915804
0.04484578177749938
0.05477598469279051
0.06690454020533224
0.08171820983408824
0.0998115181555821
0.12191061316267007
0.1489024091331721
0.1818701816140082
0.2221370430725348
0.27131904404562257
0.33139003092203984
0.40476086332867833
0.4943761703924826
0.6038325290466638
0.7375228072911857
0.9008124654105787
1.1002548907339942
1.3438544080795127
1.641387521414132
2.0047952792855854
2.4486625110284663
2.990803167184817
3.6529752558447153
4.461754067996471
5.449598737178027
6.656154938521543
8.129846008889022
7.2
6.353146525141375e-8
5.048153428506907e-7
2.752377676153911e-6
0.000010856027371986153
0.00003241468395062824
0.00007641548905640698
0.00014830918271503717
0.00024729627806940543
0.00036922755776509997
0.0005117228605819269
0.0006765414170182081
0.000868892302392125
0.0010961681716551187
0.0013674417641566395
0.0016935958303957211
0.0020877198501558438
0.00256563139806052
0.003146510742513504
0.0038536706112134106
0.004715491812694464
0.005766562257832924
0.007049065094155341
0.008614471663651495
0.01052560722846626
0.012859172369278324
0.01570882124889009
0.01918892028262267
0.023439138064166875
0.028630050756632164
0.034969987912879696
0.04271339347202677
0.05217103748810418
0.06372248842351656
0.07783134656419696
0.09506384992689218
0.11611159937897031
0.14181931500944076
0.17321873771296287
0.21157003657298312
0.2584123838734614
0.3156257274862029
0.3855062397800617
0.4708584710805508
0.575107906121649
0.70243844077627
0.8579602964878955
1.0479151114005048
1.2799264392131375
1.5633057091579368
1.909425926349912
2.3321781104286554
2.848528790884696
3.4792009335951346
4.249505626073797
5.1903579003530895
6.339517461756222
7.4
4.3253399183001324e-8
3.5865948302479333e-7
2.020059629483425e-6
8.16010114624273e-6
0.000024773826708129164
0.00005903237610725179
0.00011528078748916579
0.00019280638483595272
0.0002882161699294107
0.0003995906512022069
0.0005283337081639133
0.0006785543843878711
0.0008560444683861295
0.001067893638342787
0.0013226012712610636
0.0016303895406108676
0.002003611066948777
0.0024572445405602415
0.0030094958655556515
0.0036825288266909614
0.004503354599876603
0.0055049158055087925
0.006727408611485175
0.008219895946570311
0.010042276568008393
0.012267689008947615
0.01498544688458529
0.018304623361177025
0.02235842864515133
0.02730955617641691
0.03335671208739815
0.04074258997780754
0.049763611060962755
0.06078182058788395
0.07423941799444449
0.09067650391739883
0.11075275632922513
0.13527390573211873
0.16522407195080738
0.2018052603179471
0.24648560236797537
0.30105827711068134
0.3677134776011732
0.44912631107733847
0.548564160406502
0.6700178156321874
0.8183616383913082
0.9995491871616801
1.2208521544680897
1.4911522054359798
1.8212974301985032
2.224537715843925
2.7170565109078653
3.318620323987016
4.053372023134061
4.9507997739239675
7.6
2.9504795504391093e-8
2.553022365896305e-7
1.4853219128717986e-6
6.144597409292759e-6
0.000018966438187592474
0.00004567777232271512
0.00008974619271031657
0.00015054474652831235
0.00022530115063564596
0.00031246932564043997
0.0004131719678974197
0.0005306539020166209
0.0006694580659595258
0.000835131893204346
0.0010343225814065254
0.0012750242684651826
0.0015668971563495139
0.001921655128868324
0.0023535358690976705
0.0028798722675775993
0.003521788052072518
0.004305045556936076
0.0052610796560383045
0.006428259354638168
0.00785342767229336
0.009593781617693788
0.011719167705457329
0.014314885142033468
0.017485109182334146
0.021357072048499508
0.02608616920573811
0.03186219592795598
0.03891696444852069
0.047533607399134786
0.05805794091649201
0.07091234345808525
0.08661270733266807
0.10578914327057591
0.12921126897869864
0.15781909660247384
0.19276075871333942
0.23543858690030145
0.28756539226053635
0.35123320652273204
0.42899724262613526
0.5239784443876102
0.6399887409354644
0.7816840328099435
0.9547510495998833
1.1661355783685863
1.424321222476938
1.73966987837431
2.1248375948860945
2.5952825048914856
3.1698852144731227
3.8717065479334583
7.8
2.0163376782474062e-8
1.8205706337447662e-7
1.0940474546105363e-6
4.634730259126569e-6
0.00001454389348420346
0.00003539869149921498
0.0000699694130709882
0.0001177101901459127
0.00017635756288152365
0.00024466756829643856
0.0003235397324286367
0.0004155389888967655
0.0005242326744539625
0.0006539669342578766
0.0008099472353497285
0.00099843356397558
0.001226990537270696
0.0015047909490833952
0.0018429839053662367
0.002255142276917815
0.002757807426387513
0.0033711530711986624
0.004119794925676855
0.005033778616101822
0.006149785517189942
0.007512604904444929
0.00917693150505451
0.011209560589358191
0.013692068699551519
0.016724087602768344
0.020427302863739463
0.02495033751375788
0.030474716814780405
0.03722215350556834
0.04546344591238026
0.0555293460366418
0.06782383379411215
0.08284033014737303
0.10118149982157561
0.12358343835596042
0.15094521420245371
0.18436495149948642
0.2251839016494525
0.27504027244690216
0.33593497510955167
0.41031192787104875
0.5011561390009054
0.6121135056674252
0.7476371365926714
0.9131660709034801
1.1153435660605953
1.3622837147226627
1.6638970921591045
2.03228850224284
2.4822427857705076
3.0318181880367128
8
1.38036111990913e-8
1.3004758943285927e-7
8.071847774451961e-7
3.501479353301555e-6
0.000011169704606344429
0.00002747274131174511
0.000054625995937828416
0.00009215811557279009
0.0001382222679909899
0.00019181852758347608
0.0002536688121518076
0.0003258025015372277
0.0004110237929942089
0.0005127417444965656
0.0006350378541282801
0.000782820263205946
0.0009620199981187344
0.0011798289734381083
0.0014449886281255992
0.0017681407501509998
0.0021622545688467203
0.0026431472555824348
0.0032301187224026283
0.003946726195268194
0.004821729648248111
0.0058902460422533415
0.007195158691986219
0.00878883832394842
0.01073524489755566
0.013112494542900834
0.01601599463534438
0.019562272828475873
0.023893653718012824
0.02918397082756208
0.03564554315829323
0.04353769629595779
0.0531771700571994
0.06495083037054473
0.0793311955644935
0.09689540018716593
0.11834835744217524
0.14455104983060693
0.17655508340190182
0.21564489239705956
0.263389288104685
0.3217044207664685
0.39293068141444587
0.47992662998078517
0.586183719344946
0.7159664195753049
0.8744833661962104
1.068096400800173
1.3045758943090804
1.5934125991332606
1.946198546411771
2.3770922749243697
8.2
9.465517516519482e-9
9.304714201889103e-8
5.964799723093479e-7
2.6493568700146884e-6
8.59083535166393e-6
0.00002135093125029713
0.00004270295559963284
0.00007224263652728163
0.00010846394171009906
0.00015056379094821587
0.00019912241067968132
0.00025574683145433247
0.00032264356591504346
0.00040248966265973054
0.0004984891019975911
0.0006144946596416107
0.0007551620456161956
0.0009261367360357518
0.0011342805455590275
0.0013879470161041237
0.0016973166738181889
0.002074805609336398
0.0025355637790927706
0.0030980830262719076
0.00378493922340485
0.004623698321395753
0.005648022667926608
0.006899021995677929
0.008426903300224768
0.01029298582307238
0.012572162008124945
0.015355903198418569
0.018755930702297908
0.02290869956179987
0.027980874972616733
0.034176021143600556
0.041742771043226344
0.05098480491362704
0.06227303802500369
0.0760605068077907
0.09290055079532775
0.11346902008223951
0.13859139956180389
0.16927593853319295
0.2067541152860529
0.25253006064827965
0.30844092403750495
0.376730604717896
0.46013980735649107
0.5620160361135332
0.6864479417948312
0.8384294136513484
1.02406000180304
1.250789713545634
1.5277180083133786
1.865958990936492
8.4
6.501060582686421e-9
6.667705402503826e-8
4.414406035822544e-7
2.007517542535633e-6
6.616539019469181e-6
0.000016615049939472733
0.00003342372155237301
0.00005669774896979078
0.00008520963194279161
0.00011831487346493855
0.00015648041786275047
0.00020097986427447987
0.00025355107746268576
0.00031629854062100463
0.00039174018650117357
0.00048290374174223965
0.0005934479197305141
0.0007278092464749918
0.0008913801137920445
0.0010907251949229882
0.0013338449079223114
0.0016304965005242281
0.001992585642752779
0.002434644243267396
0.002974413665881871
0.003633556752782467
0.004438527230452575
0.0054216313906103345
0.006622324655111517
0.00808879506058029
0.009879897213516389
0.012067514332302994
0.014739443173161653
0.01800291762225446
0.02198891236805955
0.026857399375502904
0.032803768122610544
0.04006666726632069
0.048937582451038956
0.05977253465102398
0.07300636854215868
0.08917020434563688
0.10891275354732882
0.1330263539674905
0.16247876905957684
0.19845202765567696
0.24238986293392967
0.2960556545002563
0.3616031990035905
0.44166314955581315
0.5394485930884301
0.6588840027921004
0.8047627410264665
0.9829394337718633
1.2005649373289675
1.4663733272904924
8.6
4.471782259840988e-9
4.7851043303497596e-8
3.2716881499484705e-7
1.5232763606316398e-6
5.1026928890957895e-6
0.000012945792403905974
0.00002619165862733684
0.00004454758208057045
0.00006701353097375629
0.00009307262750601764
0.00012310107346052103
0.0001581089728683141
0.000199466315461447
0.0002488291739306797
0.00030817842797415366
0.00037989596452258506
0.0004668600600330081
0.00057256088900976
0.0007012405968600433
0.0008580635520844834
0.001049323610520243
0.0012826967098714143
0.0015675489320425978
0.0019153123968940586
0.0023399440733522705
0.002858485921574451
0.0034917488466522186
0.00426514791331082
0.005209722341679689
0.0063633812201954135
0.007772424930424816
0.009493403343947148
0.011595385367262094
0.014162730919524736
0.017298476592309046
0.02112847086981371
0.025806424870417018
0.0315200813135737
0.03849874929435613
0.04702250726259838
0.05743344355451024
0.07014938559876277
0.08568066879829266
0.10465061808193116
0.12782056412244044
0.15612039820962448
0.19068589205285916
0.23290428028775453
0.28446993507299606
0.3474523671932361
0.42437928279932213
0.5183380291197117
0.6330995005569404
0.7732694779146466
0.9444734745543408
1.1535825079992066
8.8
3.0803793589893996e-9
3.4388971801215074e-8
2.42809978104172e-7
1.157366867139087e-6
3.9401646140182414e-6
0.000010098850010154897
0.000020547429388074445
0.000035038404262696044
0.00005275738499023673
0.00007329009588692553
0.00009693992793421199
0.00012450856546986178
0.00015707692486554694
0.00019594948494712193
0.0002426861902352637
0.0002991627445238692
0.0003676457501820896
0.00045088367068718007
0.000552217136056813
0.0006757130140618436
0.0008263276279110827
0.0010101056709015488
0.0012344228011862246
0.001508281652834882
0.0018426731431489905
0.0022510175767613025
0.00274970324958642
0.0033587441686827595
0.004102583284618024
0.005011073472911629
0.0061206756347457645
0.007475922000952073
0.00913120336679914
0.011152951985585476
0.01362230772822388
0.016638374511162526
0.020322197684529506
0.02482162200705247
0.030317225175344614
0.037029565040921
0.04522803137119952
0.055241657406817246
0.0674723251207739
0.0824108941532294
0.10065690173232968
0.12294262420830192
0.1501624658745858
0.18340885455259623
0.22401608455597338
0.273613866607066
0.33419273384825726
0.40818392892753963
0.4985569783067411
0.6089388697776806
0.743759616222175
0.908430047582813
9
2.1248455913854495e-9
2.4747583663496327e-8
1.8043876768356172e-7
8.804623021301843e-7
3.0461468086392667e-6
7.886920044598582e-6
0.000016136711151234603
0.000027586961298478156
0.0000415746979953858
0.000057768064010629953
0.00007641194051057191
0.00009814301441555596
0.00012381482480280982
0.00015445585864239282
0.00019129575107971195
0.0002358130137248736
0.00028979428060657
0.00035540600950596454
0.00043528142948187946
0.0005326262215993435
0.0006513471741675915
0.0007962089758702503
0.0009730254394534238
0.0011888928304458583
0.0014524746652108385
0.0017743494082745736
0.0021674350232547554
0.0026475074161005792
0.0032338335775826147
0.0039499448352927355
0.004824581248440317
0.005892845047341571
0.007197609409174995
0.008791239109119357
0.010737692102646844
0.013115086382847736
0.016018835129783977
0.019565475976423493
0.023897348073042574
0.029188304657113133
0.035650690394154055
0.043543863514801134
0.053184604771148905
0.06495983099411827
0.07934212325631088
0.09690869354720442
0.1183645499796491
0.14457079140890114
0.1765791663198737
0.2156742831881907
0.263425166322375
0.32174822632964156
0.3929841723948306
0.47999195315924126
0.5862634963699923
0.7160638522008252
9.2
1.4676565868087184e-9
1.7832287612352205e-8
1.342571079863299e-7
6.706160634470451e-7
2.3576842147094037e-6
6.166131179477556e-6
0.000012685685111497515
0.000021741116797082172
0.00003279289085645531
0.000045575304695482024
0.000060286160054720215
0.00007743141766143647
0.00009768559870862343
0.00012186031134541392
0.00015092570778433035
0.00018604828283071178
0.0002286376287269664
0.0002804030054653752
0.00034342193937473604
0.00042022360154720436
0.0005138903123552979
0.0006281812457894728
0.0007676832983107448
0.0009379951771121011
0.001145952095896112
0.0013999000959985545
0.0017100310023354676
0.0020887914571236393
0.0025513824473295996
0.0031163693736582566
0.003806427145266968
0.004649250203487466
0.005678663996998611
0.006935982515850976
0.008471666366950877
0.010347347935394678
0.012638304908488704
0.015436481433658753
0.018854178159924045
0.02302855925725677
0.02812715729633322
0.03435459691887661
0.041960807142929095
0.051251051909243006
0.06259818130818559
0.07645759553737154
0.09338552153629852
0.1140613364132834
0.13931483321705174
0.17015952344696916
0.20783331282057774
0.25384818279069726
0.3100508716557177
0.37869699066746876
0.46254154960770516
0.5649495250272939
9.4
1.0150123847427755e-9
1.2865254909888069e-8
1.000151604477758e-7
5.113735284246325e-7
1.8268257242067658e-6
4.825773699094802e-6
9.982377818497415e-6
0.000017149788658635483
0.00002588905134719219
0.000035987527071809665
0.00004760509195375714
0.00006114405594750348
0.0000771378695673713
0.00009622753980105864
0.0001191791600817342
0.0001469138585329775
0.00018054472597671712
0.0002214214872095709
0.00027118467018758284
0.0003318314461741045
0.0004057957832351052
0.0004960461299229476
0.0006062045495403864
0.0007406920862594354
0.0009049061971469284
0.0011054373710665227
0.001350333628140589
0.0016494235150559596
0.002014710559148595
0.002460855012108472
0.0030057622173523405
0.0036713012143255366
0.0044841824198425095
0.005477029610900145
0.006689689231398534
0.008170829569845009
0.00997989398865788
0.01218948659502011
0.014888286098630864
0.01818460479969784
0.022210735541854855
0.027128261088492357
0.033134539006388526
0.040470622326693836
0.04943093380496561
0.06037508222943276
0.07374229469505907
0.09006904437303144
0.11001058105663204
0.13436722863232742
0.16411650488562438
0.20045235273308082
0.24483305733042146
0.2990397721886452
0.3652480031028512
0.44611491885499
9.6
7.028222095038753e-10
9.29275974772538e-9
7.459229059052909e-8
3.9037562917110834e-7
1.4169841922100402e-6
3.78051045476389e-6
7.862422704364242e-6
0.000013539930732441337
0.0000204560018026136
0.000028440534207973358
0.0000376228217549374
0.0000483229337433199
0.00006096305780762686
0.00007604987176511732
0.00009418883471722983
0.00011610792633162023
0.0001426868367123086
0.00017499227085780104
0.00021432075927225606
0.0002622506922874782
0.0003207056664090559
0.0003920316849975772
0.00047909131162127426
0.0005853785547844274
0.0007151590947540083
0.0008736414802909443
0.001067186165994455
0.0013035607796848712
0.0015922518645758125
0.0019448456075677309
0.00237549283360749
0.0029014769279809864
0.003543907479250849
0.004328567481166187
0.005286948094732012
0.0064575124990732926
0.007887239553866632
0.009633509225933078
0.011766405448781332
0.014371528836940905
0.017553432139187274
0.021439816307462466
0.026186655584451768
0.03198445730210933
0.0390659075872217
0.047715209917973525
0.05827949116220804
0.0711827330199527
0.08694278789332167
0.10619216212290991
0.1297034006821011
0.15842009213111902
0.19349473812732268
0.23633500737243207
0.28866023029081417
0.35257040180606924
9.8
4.8722061137834e-10
6.7199378254764e-9
5.569309912792435e-8
2.983236443573928e-7
1.100196599470331e-6
2.964455321455311e-6
6.19816936013315e-6
0.000010698868712764514
0.00001617622086766536
0.00002249420378885675
0.000029757428839989598
0.00003822066936901546
0.000048218287523700756
0.00006015109351690067
0.00007449797447319119
0.00009183472072838348
0.00011285711678000413
0.00013840886519627538
0.00016951544735927825
0.00020742527963387713
0.0002536598166999149
0.00031007461287012246
0.00037893379200030667
0.0004630009147306095
0.0005656498898755892
0.0006910003812323382
0.0008440831441548828
0.0010310419274298303
0.0012593800434858404
0.0015382615026702576
0.001878878797159341
0.002294902094969345
0.0028030278717982612
0.003423648999220841
0.004181673182229139
0.005107522592890711
0.00623835481893318
0.007619554128208875
0.009306552898718738
0.011367056314577786
0.013883759612781755
0.01695766693343661
0.020712144970533045
0.025297874110572265
0.030898895765534756
0.03773999860093909
0.04609574009432726
0.056301465490820754
0.06876676638531805
0.08399191907231776
0.10258796238543517
0.1253012208406321
0.15304325725027823
0.18692745694552154
0.22831371183425936
0.278862997643051
10
3.381364055928242e-10
4.864750044617506e-9
4.16264290156883e-8
2.282100332400692e-7
8.550572017009011e-7
2.3266613187609098e-6
4.890335171878607e-6
8.460715847360403e-6
0.000012801759451687944
0.000017804733923334508
0.000023554314709816985
0.00003025340052931417
0.00003816697385266258
0.00004761233414584414
0.00005896854481730016
0.00007269137024664838
0.00008933155560072676
0.00010955692994546892
0.0001341792085693255
0.0001641865699682009
0.0002007833149181848
0.0002454381992946429
0.0002999433803988965
0.0003664863425323022
0.00044773768841238604
0.0005469583198417413
0.0006681303091473956
0.0008161167137241113
0.0009968567476023758
0.0012176041429634295
0.0014872182678797486
0.0018165196838636052
0.0022187244133865833
0.0027099743432879037
0.003309985059343134
0.004042837097971035
0.0049379423847137425
0.006031224637642112
0.007366561112345095
0.008997543550236924
0.010989629003317859
0.01342276685550774
0.016394607472138112
0.020024421251997607
0.02445788536721041
0.02987293029967211
0.036486880816030944
0.0445651779736644
0.05443203220233606
0.06648343500784462
0.08120305149795665
0.09918163156855224
0.12114071876437765
0.14796160835812994
0.18072071682364696
0.22073278220898312
10.2
2.349230042066234e-10
3.5254306854405758e-9
3.114435724950254e-8
1.7474571218461545e-7
6.651550085647889e-7
1.8276755225317758e-6
3.861592552278581e-6
6.695905062093216e-6
0.000010138742535213
0.000014103215841769857
0.000018657887650777247
0.000023964420564750847
0.0000302329477407859
0.000037714837376753385
0.00004671035600439751
0.000057580525230670596
0.0000707616031134046
0.00008678259258994975
0.00010628647222142173
0.0001300560011802408
0.00015904513412411976
0.0001944173067464283
0.00023759212853230346
0.00029030235667969125
0.00035466343772135603
0.0004332584078262425
0.0005292415591108291
0.0006464650324558965
0.0007896334174458504
0.0009644925640689439
0.0011780601838512258
0.0014389074952613208
0.001757503216803149
0.002146633713447629
0.002621916158354958
0.0032024253048653696
0.003911459023345586
0.00477747332649306
0.005835224409079311
0.007127163536064484
0.008705140760920447
0.010632485850335027
0.012986549930112452
0.015861809857455375
0.019373659908968634
0.023663042958165237
0.028902107007850925
0.03530111409394224
0.04311687883690358
0.05266307532652505
0.06432282593915739
0.07856407740801127
0.09595838116142064
0.11720383168364645
0.14315308350168382
0.17484757120541933
10.4
1.6338372861777394e-10
2.557424987636879e-9
2.3324652845302618e-8
1.3393273157705408e-7
5.178901196998443e-7
1.4369032437564197e-6
3.051633324918083e-6
5.303107153693084e-6
8.035387411484657e-6
0.00001117906073091494
0.000014789659557975547
0.00001899604899024965
0.000023964968744736762
0.000029895692198256888
0.000037026234838019386
0.000045642770290310555
0.00005609111037700303
0.00006879058367239333
0.00008425086463063058
0.00010309242861133723
0.00012607145373436332
0.0001541101689625885
0.00018833386638872506
0.00023011606315826867
0.0002811336255346547
0.00034343406743057
0.0004195177243314801
0.0005124381005365641
0.0006259244170082051
0.000764531278104126
0.0009338214638417656
0.001140589183792927
0.0013931327525699574
0.0017015876303284878
0.002078333194371509
0.0025384895670244076
0.0031005244392496474
0.0037869942438986176
0.004625449424593905
0.005649540131742169
0.006900366721280181
0.008428129256162311
0.010294142248975752
0.012573295238487837
0.01535705875146543
0.01875715495443231
0.022910041646557442
0.0279823887525787
0.03417776737066511
0.041744819802843496
0.050987238427569095
0.0622759539590652
0.07606402218866644
0.09290480670760483
0.11347418733056969
0.13859768552609011
10.6
1.1374308580118494e-10
1.8570191392755089e-9
1.748480184021476e-8
1.0274481966304048e-7
4.035753216338497e-7
1.130587524191455e-6
2.4133629398684302e-6
4.20297989028735e-6
6.372724155045898e-6
8.867158724929352e-6
0.000011731273487099198
0.000015067834064725431
0.00001900922607909746
0.000023713528622046552
0.000029369538386338542
0.000036204250849823506
0.00004449196702167133
0.00005456530205200715
0.0000668285342454206
0.00008177383016900669
0.00010000099702470851
0.0001222415550182916
0.00014938809583392012
0.00018253010547268628
0.0002229976891507377
0.0002724149530921542
0.0003327651856151453
0.00040647045345473375
0.0004964888078058941
0.0006064330013047872
0.0007407154804767377
0.0009047254727086744
0.0011050452748670083
0.001349714423982881
0.0016485523521008955
0.0020135524745683907
0.0024593635279064694
0.0030038774750280116
0.0036689475725517028
0.0044812654187015395
0.005473432180913209
0.006685266995058074
0.008165405069511985
0.009973249474730973
0.012181355422059609
0.014878341934110017
0.01817244854938071
0.02219587933273676
0.0271101086879597
0.03311236189671002
0.040443530452471656
0.049397839892393575
0.060334658094792326
0.07369291797585828
0.09000873340872519
0.10993691535538445
10.8
7.926078720755962e-11
1.3496998160153376e-9
1.311900646939899e-8
7.88881227585897e-8
3.1475293622221766e-7
8.902574974196195e-7
1.9099607080073303e-6
3.33332495549671e-6
5.0573968772964925e-6
7.037913191349277e-6
9.311330372992048e-6
0.000011959634343930918
0.00001508799481210261
0.000018821891831124007
0.00002331117749072395
0.000028736022554279242
0.000035314145101991316
0.00004330954828902008
0.00005304311571897806
0.00006490548962978762
0.00007937274873809187
0.00009702551494983854
0.00011857225575617941
0.00014487771752155792
0.00017699763079124034
0.000216221080465199
0.0002641222413021344
0.0003226235550786178
0.0003940728849284519
0.0004813377433342428
0.0005879203754714888
0.0007180983166048581
0.000877096064674819
0.0010712947573561882
0.0013084882702974236
0.0015981960119394708
0.0019520449711906166
0.0023842363492284323
0.0029121155035824117
0.003556868078218483
0.0043443702578610105
0.005306227270060474
0.006481041827068236
0.007915963322551069
0.00966858023391073
0.011809231218801109
0.014423828117527444
0.017617303884107056
0.02151782391373269
0.026281929772158562
0.03210082175371998
0.0392080324260599
0.04788879910840242
0.05849151144789483
0.07144169351950988
0.08725908160083104
11
5.528330625174081e-11
9.818626742660406e-10
9.851938654421205e-9
6.062169288484732e-8
2.4567443722949966e-7
7.015347577960924e-7
1.5126051833247984e-6
2.645329564501269e-6
4.01607033816098e-6
5.5894944012300465e-6
7.395148591681925e-6
9.49846673078713e-6
0.000011983043746938621
0.000014948543933959443
0.00001851398169747463
0.000022822450553603547
0.000028046864485529916
0.00003439689756848071
0.00004212739892651291
0.000051548620722833426
0.00006303866966825656
0.00007705868177121401
0.00009417132934501047
0.00011506340302347738
0.00014057337508028168
0.00017172505026547973
0.00020976865468556432
0.00025623101176586047
0.0003129768190363649
0.0003822834849909695
0.00046693252948662114
0.000570321215901883
0.0006965988952448999
0.0008508335341787104
0.0010392151103175353
0.0012693040377666648
0.0015503345930793907
0.001893585519229435
0.0023128326810488036
0.0028249019392814524
0.0034503444312552756
0.0042142613602279165
0.005147311402459737
0.006286941109237965
0.007678887845218593
0.00937901531285606
0.01145555559695613
0.013991847550346437
0.017089681474509927
0.020873384322578493
0.025494809374555925
0.031139430645198703
0.03803378660559359
0.046454571968099274
0.05673974241685886
0.0693020779555052
11.2
3.859381949295327e-11
7.148966518533748e-10
7.40473549505724e-9
4.662257584336482e-8
1.9190338853726252e-7
5.532136267282987e-7
1.1987113940184671e-6
2.1006453272686522e-6
3.191077378012649e-6
4.441809392038825e-6
5.8767916579161414e-6
7.548267420848506e-6
9.522718117712747e-6
0.000011879349956004646
0.000014712741832001144
0.000018136607697590136
0.000022288359312108215
0.000027334621045557974
0.00003347791709989573
0.000040964799516426686
0.00005009574317472516
0.00006123720490468023
0.00007483633068585443
0.00009143890118570261
0.00011171123585388673
0.00013646693466149606
0.00016669953072514243
0.00020362236427850302
0.00024871727827693554
0.0003037940899582356
0.0003710632251629598
0.00045322443048482694
0.0005535751235809618
0.0006761427301204932
0.0008258463185172946
0.0010086940194205536
0.0012320241530874684
0.0015047997419479927
0.0018379682281631522
0.002244900832912998
0.0027419291904813886
0.003349000794023019
0.0040904795629730034
0.004996123630460885
0.006102279686198545
0.007453341652310122
0.0091035323893875
0.011119079845920114
0.013580875018412373
0.016587718391156834
0.02026028514620407
0.024745968282933267
0.030224794015846684
0.036916646859013795
0.04509009436387909
0.055073165677571694
11.4
2.6965982730719358e-11
5.209567234417939e-10
5.5699562325582074e-9
3.588425535940404e-8
1.5001199462145228e-7
4.3655135562290646e-7
9.505626723016065e-7
1.6691145203793674e-6
2.537027073768262e-6
3.5318011894504015e-6
4.6728529888061525e-6
6.001909425505071e-6
7.571869113743298e-6
9.445715176922776e-6
0.000011698650964153728
0.000014421094691353418
0.0000177223075844295
0.00002173477890811045
0.000026619543225329987
0.00003257264327976907
0.00003983299787933598
0.000048691990546917126
0.000059505163764310564
0.00007270648814042221
0.0000888257791754
0.00010850996061703413
0.00013254902778268474
0.00016190775284441355
0.00019776440452444436
0.0002415580361559764
0.0002950462399462407
0.00036037568532316233
0.0004401682723169577
0.0005376263576144628
0.0006566612763767057
0.0008020503178551118
0.0009796284547789835
0.0011965225213003618
0.0014614372378778222
0.0017850045622645628
0.002180210387313652
0.0026629157104413087
0.0032524931937000074
0.003972604643925525
0.00485215066980171
0.0059264305391164345
0.007238558875075752
0.008841195994997376
0.01079866135380998
0.013189514909337738
0.016109710009664307
0.019676444337759186
0.0240328634658119
0.029353805789808677
0.03585281940844918
0.04379073255768626
11.6
1.8857181448350776e-11
3.799386696406482e-10
4.193110813933071e-9
2.7640088540271974e-8
1.173488388239037e-7
3.4471953166909724e-7
7.542472184170229e-7
1.3269978160282088e-6
2.0181579741420998e-6
2.8097794193136594e-6
3.717604020770197e-6
4.774971054114471e-6
6.023992362192479e-6
7.514778087107112e-6
9.307158247689931e-6
0.000011473067348416098
0.000014099430926517434
0.000017291654174158993
0.000021177852218901674
0.00002591399183369905
0.00003169015093098038
0.00003873814705676738
0.00004734084104279598
0.00005784348920488139
0.0000706675996910215
0.0000863278490834409
0.00010545273817733507
0.00012880981592391843
0.00015733648386545538
0.0001921776173503875
0.0002347315134008573
0.0002867060092825847
0.0003501870240097863
0.0004277222736005366
0.0005224235198656432
0.0006380914563363525
0.0007793682434410038
0.0009519238147022249
0.0011626834310788168
0.0014201056160022332
0.0017345216256269083
0.002118550078404683
0.00258760338601902
0.0031605063002385046
0.0038602514310287213
0.00471492200600833
0.005758818956303782
0.007033837531901757
0.008591148705386988
0.01049325284150505
0.012816488058645485
0.015654093943355346
0.01911995358326501
0.023353164095143118
0.028523619080760836
0.034838827053257956
11.8
1.319736672663426e-11
2.773109610216456e-10
3.159015646980062e-9
2.130549763067396e-8
9.186084952516559e-8
2.72379466524366e-7
5.988303875934529e-7
1.055591041438353e-6
1.6062700756812688e-6
2.23655236296581e-6
2.9592018112732417e-6
3.8008651113566e-6
4.795083050103229e-6
5.981744808213135e-6
7.408474991815135e-6
9.132533289766429e-6
0.000011223112215144268
0.000013764114040735054
0.000016857518091852085
0.00002062747353476208
0.00002522528191860232
0.00003083546943778665
0.000037683192616189496
0.000046043274628972205
0.00005625123492151526
0.00006871675478286739
0.00008394011929464534
0.00010253229552742443
0.0001252394527950205
0.00015297290904883233
0.0001868457052669851
0.00022821727569748165
0.0002787480067268213
0.0003404658740167417
0.0004158478322873755
0.0005079192242091819
0.0006203751980235799
0.0007577290068195691
0.0009254931412263418
0.0011304005650167297
0.0013806749325884651
0.001686360633082033
0.0020597259078253063
0.0025157552137457643
0.0030727506106371766
0.003753066278693749
0.0045840056744234055
0.005598917313404304
0.006838533163402231
0.008352603360787317
0.0102018928590731
0.012460620139091045
0.015219435857496359
0.018589060975896007
0.022704730381943553
0.027731620339890302
12
9.24349701018525e-12
2.0255877849101845e-10
2.381700902619579e-9
1.6434261672910837e-8
7.195664255971511e-8
2.1535310356311276e-7
4.757096033868015e-7
8.40144207317875e-7
1.2791070037259816e-6
1.7811826880691436e-6
2.3567211852887606e-6
3.02702708256334e-6
3.818827036360205e-6
4.763890127182458e-6
5.9001448578255065e-6
7.273193118430794e-6
8.938140156798737e-6
0.000010961806143597255
0.000013425407900441923
0.000016427818416141088
0.000020089534966869062
0.00002455751509493929
0.000030011074531060686
0.000036669083764163036
0.00004479875208260473
0.000054726351621152074
0.00006685031180758958
0.00008165720973419297
0.00009974129820533737
0.00012182835518891853
0.00014880481183459976
0.00018175332806833597
0.0002219962435366745
0.0002711486477398193
0.00033118319924395464
0.00040450929539741595
0.0004940697699034014
0.0006034589990721315
0.0007370671567619732
0.0009002564074705127
0.001099576108826745
0.0013430256603026642
0.0016403755476801808
0.0020035594645761634
0.0024471532582293516
0.002988959904673689
0.0036507240070423113
0.004459004482375778
0.00544624046430396
0.006652053198941121
0.008124836185456123
0.009923697376342477
0.012120831387406958
0.014804416921149765
0.01808215568782244
0.022085594852965042
