1  11  50
-0.2  10  51
1
0.22995409022027868
0.36787944117143545
0.5583820196546567
0.8245174032024979
1.2262700853845654
1.8840007074847338
3.011707480837405
4.952193688873564
8.193387029581967
13.331659821328296
20.94909373021494
31.414155763674923
44.708293374474664
60.46068093910566
78.29730900665731
98.3263238714284
121.36008895382695
148.7000966428655
181.79390243154924
222.13400654551072
271.3825047153975
331.5220741194475
404.9667734560597
494.6642111517726
604.2142605239944
738.0135497112753
901.4319139894463
1101.027906120142
1344.812014087743
1642.5681501438883
2006.246313511777
2450.4421858482815
2992.9829071890754
3655.6425416712295
4465.015947182069
5453.586120387646
6661.027853444067
8135.80002271434
9937.090413627557
12137.191134330658
14824.399951822961
18106.563991380575
22115.40802037122
27011.821025682653
32992.313253691726
40296.90285644051
49218.748662840895
60115.915671829156
73425.74545802468
89682.40822472936
109538.34092978587
133790.43187155633
1.2
0.11819986599851279
0.19173242656447814
0.29421879597410805
0.4427733708237253
0.6835685104245321
1.1062878397093088
1.8611119097628772
3.1690382354363966
5.30878834289322
8.56280910935926
13.122824916008453
18.99885321227112
26.018471994054973
33.97784975362129
42.87592252789453
53.04223726271211
65.05250303308213
79.56046271711664
97.23387925102655
118.80575222254494
145.14542911321382
177.31029165865004
216.59123864439698
264.5647525396677
323.15617890421487
394.71699740655754
482.11919495973143
588.8705286427139
719.2553043044775
878.5063208046337
1073.014880603539
1310.5872951718914
1600.758179679658
1955.1731105811007
2388.0560034885593
2916.7799688493833
3562.564555869244
4351.327367528728
5314.72422499379
6491.419626870357
7928.6384912934145
9684.061457709991
11828.139813470709
14446.922951361694
17645.51183387785
21552.277063881906
26324.010847636993
32152.21961657893
39270.80985283443
47965.47557764993
58585.1642556044
71556.08128160005
1.4
0.0655553332031224
0.10784123787534104
0.167369947734982
0.2572968160469807
0.4135552890378827
0.7032905777557001
1.2318672976753684
2.140404923870684
3.583159588165196
5.680663130449694
8.465233952474646
11.862030345542761
15.748446457104103
20.07645551337642
24.964986070921967
30.68144568595361
37.55195651237092
45.908295381297314
56.10366839549336
68.55038073103351
83.74824801468728
102.30722632940446
124.97215286031796
152.652650692505
186.45963539680173
227.74989997375482
278.1805677203683
339.77559840867957
415.0070168937688
506.89412415524623
619.1246724450685
756.2028677343202
923.6301393140889
1128.1259314698927
1377.8973783744034
1682.968685198928
2055.58343466434
2510.6959650058175
3066.5715400799663
3745.519398509244
4574.788101816776
5587.659114820793
6824.782507705166
8335.808386058932
10181.379523954654
12435.565171372442
15188.833713393358
18551.683483923163
22659.077452041674
27675.85975972781
33803.37149610654
41287.531222316014
1.6
0.038406995416440264
0.06407848471510287
0.10061101622091462
0.15830781843114416
0.2652868509894257
0.47190280799975404
0.8518488737773634
1.493941680036407
2.4794349105347693
3.8489853131797185
5.579586410069878
7.600410177496677
9.85483310475127
12.367934664316676
15.260386719127846
18.704157533364853
22.878676587684712
27.96751903308285
34.17837675566731
41.76090993446097
51.01945451245768
62.32558893661845
76.13306808472787
92.99603457641538
113.5912584668803
138.7452984055727
169.46767433707058
206.99138308108869
252.82238282417887
308.8000325095918
377.17091177009223
460.6789840568231
562.6757215273595
687.2546113912516
839.4154419248899
1025.2649615304995
1252.2619639917764
1529.5166360580322
1868.1561812264408
2281.771393488783
2786.9621036145118
3404.0033886460196
4157.659281930439
5078.176640730625
6202.499058810886
7575.749542572567
9253.041455738501
11301.690413811173
13803.915887738656
16860.14097673296
20593.02272309383
25152.374778339883
1.8
0.023451072860207024
0.03968080307102583
0.06304445204002551
0.10169895027136623
0.1777113723623893
0.3288517224913482
0.6064069138589183
1.0651572614387665
1.7444749133685649
2.648441255032681
3.742386240854595
4.979529319919905
6.34600516961053
7.8873286013897355
9.693924050936783
11.869084157915209
14.515602944217452
17.74398697745023
21.68444841047963
26.495181144415618
32.369258504224995
39.54242786397566
48.302573696738214
59.00127141379234
72.06789732019438
88.02686099360403
107.51865168196704
131.3255433859176
160.4029902611929
195.91797234875617
239.2958305813449
292.27747071980195
356.9892320140469
436.02822466323005
532.5665609670868
650.4786633305805
794.4967584390292
970.4007981317733
1185.2504291601902
1447.668321608167
1768.186226910508
2159.6676540217063
2637.8241271962556
3221.845744623966
3935.1713444510083
4806.429187654697
5870.585910676493
7170.349859396032
8757.885124621898
10696.90507099628
13065.229377251588
15957.907213546523
2
0.014788049090959175
0.02537536560686406
0.040802192409437665
0.06756897529534725
0.1230230206908905
0.2354770253018622
0.4403901795700199
0.7706049386304057
1.2422326748062886
1.8448460205715325
2.5480770009272895
3.326985549512057
4.188561572247526
5.175767580016956
6.349258080404591
7.7708872174369965
9.503158732718555
11.6167010063548
14.196456052917585
17.345964592491633
21.191627595888885
25.88778502355681
31.62291016240112
38.62717372162959
47.18168139151166
57.629755601756536
70.39071425610004
85.97669943209635
105.01323143232328
128.2643131540387
156.6630921205305
191.34931105523822
233.71504971559548
285.46059395023997
348.6626741402358
425.85781168116284
520.1441184930503
635.3056351299432
775.9641976139574
947.7649279433867
1157.6027926594734
1413.8993220641078
1726.9405958004165
2109.290059345905
2576.2927391926687
3146.6910926405963
3843.3772088334294
4694.3115465819055
5733.645089955948
7003.0899429833025
8553.593384939826
10447.382563136076
2.2
0.009568980801471156
0.01664961057285164
0.027097995794358634
0.046116484282157186
0.08735547370678969
0.17201388924648683
0.32440481981090896
0.563414633057414
0.8928576898778445
1.2984414522449177
1.758146594433932
2.2618187339384934
2.8237865715857144
3.477618253465131
4.262308716003207
5.215919046150038
6.378561614356125
7.797176111624809
9.528717902912629
11.642680590693011
14.223904930753084
17.375984519202035
21.225423377627965
25.926713003711246
31.668532657498492
38.68132172259353
47.24652804774842
57.70790343726666
70.48529961791729
86.091518362913
105.15289202763184
128.43442046626396
156.87047316204584
191.60228875541125
234.02377695779745
285.83746104271404
349.12280608267275
426.41967518405204
520.8302631115881
636.1435982568871
776.9876096519012
949.0148620107979
1159.1294129993776
1415.763897311027
1729.2179579059837
2112.0716068477773
2579.690105391789
3150.8406257041324
3848.4454437108207
4700.501890182215
5741.205982087933
7012.324828796441
2.4
0.006323957003291693
0.011155998306712463
0.018380197409291258
0.032171862203110795
0.06327852999782285
0.1275481845283077
0.241478615568996
0.41523159844727764
0.6466353280991204
0.9221995828048204
1.2277275954076232
1.5615580085932694
1.9386043629183562
2.382945245516126
2.9194476506252425
3.572438249667706
4.368730093709931
5.3403504718889305
6.52629777235864
7.974168316991094
9.742070235386887
11.900955639057907
14.537468179614258
17.757420362729295
21.690040175533404
26.49315745948039
32.35953817605926
39.52462078168652
48.27596519964318
58.96479360947305
72.02008622628058
87.96579778302358
107.4418856736652
131.2299936904392
160.28482213377094
195.77244328751337
239.11709999405508
292.0583655204499
356.7209587416433
435.700016569384
532.1652459085756
649.9881351249921
793.8973304671126
969.6684132434748
1184.3556941800225
1446.5753279541962
1766.8511083501267
2158.0368278301944
2635.832142594421
3219.4126562754727
3932.199503977131
4802.799324662439
2.6
0.004253510341572686
0.007606533954585636
0.012687507445993918
0.022854066138975664
0.04657096438887904
0.09566360477629499
0.18118002699137764
0.307955732524283
0.4713499467735387
0.6603438306846812
0.8667014833226822
1.0929248162222596
1.3518035209976926
1.6598975609346545
2.033240146659557
2.487969595919898
3.0425322065753333
3.7192016140599278
4.5451356298089
5.5534818973691555
6.784708893069678
8.28823007937798
10.124387040721126
12.366871203141017
15.10568132997451
18.450735488225117
22.53628244654221
27.52628954969401
33.62102330383604
41.06508677457932
50.15723636688435
61.26237196859504
74.82618166418344
91.39302876249933
111.62779900774366
136.34258477895528
166.52927720863116
203.39937425664897
248.43260237719397
303.43630313725475
370.61796817923914
452.67383361224387
552.8970894337426
675.3100468075727
824.8255675341899
1007.4442344808472
1230.495175860631
1502.930209245198
1835.683109072668
2242.10841758793
2738.517409477326
3344.8327205959927
2.8
0.0029037571835658655
0.005263261615703115
0.008888441981225985
0.016483200392698398
0.034715462759234525
0.07238965244033
0.1367793079165852
0.22957555627734438
0.34553598843965266
0.4763752606969636
0.6179167733612752
0.7742351733356956
0.9553345025950334
1.1723951028255548
1.4359731286225446
1.7571145352880309
2.1487707963881757
2.626664648538659
3.2099757744549633
3.9221144991830243
4.791661450243291
5.853514599965997
7.150289843668675
8.734031325167505
10.66830015101084
13.030725320856318
15.916119251806046
19.4402829336172
23.744653429018943
29.001980239658526
35.42325835017481
43.266196197780225
52.84555841672143
64.54579844826651
78.83648800721062
96.2911626435683
117.61033973801557
143.64963272407027
175.45408985939758
214.30013568188352
261.74679840809597
319.6982792097712
390.4803744929266
476.93381827407336
582.5282911451384
711.5016690574823
869.0301075266891
1061.4357755868152
1296.4405882750466
1583.4761138828533
1934.0620959015766
2362.268780781916
3
0.002007699287706289
0.0036879309902122727
0.006306140723418123
0.012042035834482209
0.026148405528284666
0.05516387159399387
0.10376941224545062
0.17189159836459844
0.2546010798629862
0.346024518195962
0.4445249742612486
0.5543711592996594
0.6829971374362787
0.837921631987819
1.026267041715877
1.2557790752992808
1.5356888822781807
1.87723125369809
2.2941135065575633
2.803066589612403
3.4245165771449515
4.1834044392108
5.110187010351122
6.242059329300096
7.624447406491877
9.312831329355896
11.374971873034895
13.893629982589605
16.969888238265742
20.727207698635382
25.31638278211389
30.921593198487944
37.76779572299509
46.12975250159125
56.34305822062325
68.81760869985506
84.05405145140635
102.66387842140782
125.393967309786
153.15655639438776
187.0658558562404
228.48276494637884
279.0694896512066
340.85625285518154
416.3227743802335
508.49779051429624
621.0806085041783
758.589572075692
926.5433987632671
1131.6826653577104
1382.2403309203264
1688.272154340323
3.2
0.0014035233729768808
0.0026123238633597875
0.004523177083792444
0.008894586923001328
0.01986443130868787
0.04227461894720489
0.0790435959447372
0.1291886332651387
0.1884752527093682
0.2529425442648628
0.3224143415013579
0.4007192353815678
0.4932185318055586
0.6049961619882809
0.7409739782816288
0.9066830845779237
1.1087803110685073
1.3553767805727843
1.6563692793098423
2.0238376931323367
2.472529819756821
3.02045324968901
3.6895980740617755
4.506819424204037
5.504915262356589
6.723942679055069
8.212825524828103
10.031317896099864
12.252402276887846
14.965218582149046
18.278641655558573
22.325650799269688
27.268666700232362
33.30606994265822
40.68016271742648
49.686893259784156
60.68773329117252
74.12418514862004
90.5355008237485
110.58032403863844
135.06312393105173
164.96648122561166
201.4905226483579
246.10108622619333
300.5885505261439
367.13968877156145
448.42543185453513
547.7080620463468
668.9721399015397
817.084418651446
997.9891640998366
1218.946718881452
3.4
0.0009906491180544528
0.0018680336330328107
0.0032753644535359013
0.006632181054110486
0.015197814021209174
0.032545951772827535
0.06041213088326793
0.09742006061602937
0.1401276527912078
0.18599278498449207
0.23559227915360323
0.29209568357057186
0.3593044699702471
0.44069515911141016
0.5397414398333429
0.6604473747989525
0.8076593196057367
0.9872854680597237
1.2065348489384728
1.4742067097361882
1.8010436620868104
2.200162820489924
2.68758223817505
3.2828637678192965
4.009898147382964
4.897863819307732
5.9823979638679585
7.307026744342914
8.924912164778823
10.900985647879187
13.314553960985826
16.262482075116697
19.863080696369515
24.260854489974374
29.632301559899886
36.19299693749175
44.20624436441692
53.99364359633791
65.94799733032129
80.54907575629466
98.38287141935604
120.16511715816782
146.77001097688057
179.26530068055786
218.9551363458507
267.43241043195434
326.6426861697305
398.96227982375257
487.2936306186975
595.1817858143223
726.9566758996873
887.9068899069947
3.6
0.0007051844659692907
0.0013469770582299422
0.002391738989729958
0.004985916403668658
0.011696489425679074
0.025151200620189183
0.046304701374014864
0.07368601444122566
0.10460264912286797
0.13751447823183538
0.1733170503599253
0.21451104887967412
0.26376980867160776
0.3235050690998396
0.3962117543619792
0.4848191619862015
0.5928840496818298
0.724743455915691
0.8856893617819241
1.0821810916026797
1.322104548425214
1.6150887029997052
1.9728920381866188
2.4098744581601896
2.9435736017826533
3.5954086896321016
4.391540152533149
5.363919541498993
6.551571855663612
8.00216175252506
9.77390649801109
11.937912429775702
14.58102870420079
17.809332857989727
21.75238807217877
26.568442997519256
32.45078282847938
39.63548651677614
48.41090144862206
59.12921583780525
72.22059327531854
88.210436704672
107.74047468683501
131.59451626287486
160.72990775042538
196.3159548385039
239.78085050666954
292.86899363333833
357.7109978074102
436.909200331765
533.6421031578002
651.7919373280893
3.8
0.0005057721178946196
0.0009784562701341255
0.001759510512419998
0.0037751672290838954
0.009046788524179662
0.01949823338825044
0.035579830182050035
0.055888625371982005
0.07837947705705847
0.1021907100596487
0.1282883546382506
0.1585849124346893
0.19495647172118097
0.23910213141442574
0.2928391894167544
0.3583287097265711
0.4381992156118427
0.5356561946173626
0.6546109375292095
0.7998375158591545
0.9771643821205581
1.1937082860930848
1.4581598949806904
1.7811325804008284
2.1755883702528167
2.6573581604116847
3.245777064165736
3.964460398201036
4.8422514481804
5.914379051073333
7.223871452079266
8.823283179190186
10.776804240930533
13.162836296785612
16.077139191083706
19.636674131784485
23.98429775443316
29.294495460548553
35.780384129445856
43.70226524690762
53.378071717790164
65.19612762982688
79.63073306278044
97.2611994268476
118.79509920909466
145.09666345121417
177.22146626662473
216.45878879008927
264.38336254142797
322.9185689539463
394.41363137814534
481.7378977093622
4
0.00036519812954221263
0.0007154546440912016
0.0013030041700762727
0.0028763866407194453
0.0070270044305124155
0.01515636507748155
0.02739882302065856
0.04249859734383893
0.058939558597973146
0.0763008479084789
0.09548976272204952
0.11793888184077914
0.14496792733852118
0.17779209220713849
0.21774990328489424
0.266446719005528
0.32583697620467367
0.39830421534575366
0.4867568011895673
0.5947446465843068
0.726601682936534
0.887619796096382
1.0842612083182175
1.3244178299293559
1.6177279894016632
1.9759632533168234
2.413500860665563
2.9479007319289767
3.6006102103460327
4.397824819104283
5.371539579663506
6.560833084309331
8.013435857275923
9.787645948276694
11.954668637938667
14.601474155727745
17.834288100640276
21.782854647464287
26.60564363608132
32.49621052256528
39.69096443925551
48.47865612331853
59.21196649771876
72.32166099763182
88.33387768657285
107.89124305097893
131.77866283088034
160.95482305645464
196.59066548199763
240.11638158997903
293.27881119703306
358.21154926904137
4.2
0.00026529463928605195
0.0005262458121860879
0.000970689529660303
0.002203708558301336
0.0054779209054029035
0.01180837998581757
0.02114014006934538
0.03239407491705033
0.04447023040368044
0.05722123322769997
0.07143846085345054
0.0881802141341346
0.10837998499844272
0.13291894354684783
0.16279172273884523
0.19919788540790648
0.2435985584251799
0.29777569692380496
0.363903619701361
0.44463627248991444
0.543213740117264
0.6635922824882164
0.8106031131861257
0.9901462930368379
1.209427520266289
1.4772473204721284
1.804354242615953
2.2038762360332256
2.69184752113676
3.287852098981275
4.01580972598965
4.90493589776631
5.99091436951839
7.317329270446342
8.937414287883001
10.916189122082432
13.33306895509075
16.285051660847255
19.89061067044825
24.294449726925368
29.673310354542764
36.24306511674739
44.267381340120004
54.068303010606336
66.03917552633936
80.6604320358329
98.51887490091084
120.3312261389959
146.9728919936283
179.51309606079187
219.25779098612915
267.80207092961365
4.4
0.00019377686146798248
0.00038914370936191355
0.0007270142370372388
0.001696604752144009
0.004283626553002641
0.009218210392192245
0.016339951020841438
0.024747711287623257
0.03365967975343728
0.043088352802381734
0.053692975967259755
0.06624839607997167
0.08141996928962784
0.09985442984477945
0.12229613614154303
0.1496460095170575
0.18300170264195154
0.22370189665627765
0.2733800332540681
0.33402987048882365
0.40808549928464133
0.4985190320520658
0.6089598839949397
0.7438404342857015
0.9085739130050504
1.1097716530727975
1.355508426251092
1.6556465120875716
2.022231505823309
2.4699757504241844
3.0168487945626756
3.684798573701554
4.50063225780841
5.497092117212805
6.714169584880513
8.200710253037883
10.016374218296376
12.234030450810401
14.942681281909907
18.251034380165056
22.29186557182447
27.227347600930056
33.25555869096261
40.61843211958627
49.611465849879444
60.59558190253615
74.0116114224606
90.39798678116337
110.41235075825169
134.8579500553282
164.715872406512
201.18442107377683
4.6
0.00014224298499815782
0.00028915447609285667
0.0005471618558555265
0.001311867556761003
0.003358739227883832
0.007208670877265222
0.012650129958765327
0.018946556265732443
0.02555373261703385
0.03256955516232309
0.040526383342699965
0.0499885597341301
0.061434554464557145
0.07534395332097359
0.09227706818278722
0.11291358382156116
0.1380817180319503
0.16879155642469296
0.20627559264413636
0.2520381926791676
0.30791597035245444
0.37615149708226747
0.45948330414760863
0.5612557895636515
0.6855534405174757
0.8373647581808076
1.0227824637770928
1.2492480208774284
1.525850287462899
1.8636902837080171
2.2763267148987683
2.7803201298836133
3.3958975540468037
4.147764270858944
5.0660953316488015
6.187746586364933
7.557733838243782
9.231039486054746
11.274819160819106
13.77109691708233
16.82005714622895
20.544065327880112
25.092578991629907
30.648145945379365
37.43373061417871
45.721662331298425
55.8445648974184
68.20870593648877
83.31030184169876
101.7554326821764
124.28436632374991
151.80126797781656
4.8
0.00010488803593620649
0.00021580463724463084
0.00041362814684890785
0.0010183051157868928
0.0026397253864201948
0.0056458236307189175
0.009808142196790104
0.01453466905768199
0.019455068426695487
0.024705664036620088
0.03070694535268074
0.03786895605686127
0.0465390304546096
0.05707588580594995
0.0699033577684314
0.08553629630248478
0.10460210674208495
0.127865967008118
0.15626153749808674
0.19092843215934657
0.23325795519828837
0.2849489390035762
0.3480759242547618
0.4251724185236858
0.5193325748294876
0.6343353708636904
0.7747962726332158
0.9463524693176552
1.1558891134647278
1.4118156463371039
1.7244032983179498
2.1061973094509456
2.572520413972556
3.1420877954387105
3.8377581927543583
4.687451301628226
5.7252682899942755
6.992860397618247
8.541100546596857
10.432125050348796
12.74182736204609
15.562903945372957
19.008574510805264
23.217125911496762
28.357462097573418
34.63588280743646
42.304363109195236
51.67066604208343
63.11069423357279
77.08357618023248
94.15009269772575
114.99518301862751
5
0.00007766435462228552
0.00016171072797805167
0.00031395013989227134
0.000793172426242654
0.002078894607478868
0.004427819350911275
0.007615200311023658
0.011171679222355627
0.014851814417606026
0.018802092997150934
0.02334929884520096
0.028791320057810765
0.035382680745253144
0.04339361974337464
0.05314608198271751
0.06503148290388742
0.07952682557416507
0.09721385899233824
0.11880242591292078
0.1451589513290042
0.1773412151495129
0.21664080462123642
0.264634950259937
0.3232498256488269
0.3948378515480743
0.48227210679979776
0.5890616350695893
0.7194922750903574
0.8787986664192469
1.07337433390295
1.3110282822790928
1.6012983989556182
1.9558342429222633
2.3888645824571912
2.9177684455585844
3.5637726013601316
4.352803464908579
5.316527615233405
6.493622686352138
7.931329636530271
9.687348693808833
11.832155068758626
14.45182737266323
17.65150225176046
21.559593895372444
26.332947742878208
32.16313524455642
39.28414229547069
47.98175991381464
58.60505403234544
71.58037474546593
87.42846723294372
5.2
0.00005772617460372713
0.0001216243009242605
0.00023917875590865784
0.0006197337269995197
0.0016401776274228743
0.0034768212135030175
0.005920264424569375
0.00860266301188852
0.011366649722189434
0.014352953053460247
0.01781248296943027
0.021962000527249118
0.026989706645604076
0.03310039802740655
0.04053951878021103
0.04960563270339505
0.060662594843933555
0.07415415991636638
0.09062179179918978
0.11072639438160228
0.13527483595724588
0.1652523316820518
0.20186198371759292
0.24657306594514825
0.30117999108582144
0.36787432678354065
0.4493327509094106
0.5488244760435461
0.6703424544547631
0.818763629295252
1.000044663453453
1.2214610013510172
1.4918988580732653
1.8222118543821837
2.225656610627241
2.7184247814671747
3.32029288382419
4.055415997948121
4.95329719560108
6.0499716019199425
7.389452611514259
9.025498300536917
11.02376892719442
13.464462107651846
16.445531429581337
20.086617671958024
24.53385041040876
29.96571270981533
36.600204277439275
44.703590554551226
54.60108888555818
66.68992063104992
5.4
0.00004305767530078124
0.00009178643382843408
0.0001828385528211435
0.0004855746697810631
0.0012961155322031483
0.002733090772473457
0.004608228948334955
0.006636120533708748
0.008720328447477983
0.010987780471271063
0.013629395969827924
0.016803377713023475
0.020650051331109698
0.02532538990456168
0.031017123046858396
0.03795368222585367
0.04641345593692317
0.0567359646034352
0.06933548674304707
0.08471768541894037
0.10349990227468882
0.12643593362156155
0.15444628293136461
0.1886551038728217
0.23043531654569901
0.2814637075848988
0.3437882254955435
0.4199101720176472
0.512884588147446
0.6264428636595353
0.7651424908803657
0.9345499728577309
1.1414642266733954
1.3941894478564647
1.702868386916743
2.0798894135186994
2.5403837052722213
3.102832515010502
3.7898088883600614
4.6288835993213375
5.65373166223551
6.905483828353786
8.434377307347345
10.301771962699949
12.582612898935682
15.36843827135616
18.77105303385303
22.927016064235737
28.003120751489888
34.20308900012959
41.7757473054322
51.025013034967955
5.6
0.00003222115096763166
0.00006948655170595893
0.00014021113861141117
0.0003814190173817197
0.001025685260263388
0.0021506134518161717
0.003591141975749424
0.005127795973919977
0.006705403541076892
0.008433889082563378
0.010457553933713332
0.01289233066270195
0.015843639758919687
0.019430766829701164
0.023797717928408874
0.029119755000803858
0.03561047008775002
0.04353035837615991
0.053197272791731996
0.06499918055260938
0.07940973365669694
0.09700727819894793
0.11849806543098812
0.14474459610364998
0.17680023565071934
0.21595148944222847
0.263769634762123
0.3221737816830252
0.3935078936917474
0.48063485917424875
0.5870513891788681
0.7170283527084703
0.875782181689571
1.0696842247016831
1.3065164515671328
1.5957837711243832
1.9490954965937137
2.38063126807982
2.907710131317301
3.5514856117874882
4.337794679970084
5.2981946796902495
6.471229835129673
7.903978165881966
9.653940893180742
11.791350165808481
14.401987722828755
17.59062761597467
21.485241160232597
26.242132872049996
32.05221351834182
39.14866203624389
5.8
0.000024184796846929313
0.000052757832087610074
0.00010783641836718074
0.00030028959601140855
0.0008127113552532793
0.0016938351639786613
0.002801642088416909
0.003968739162032747
0.0051672084701857145
0.006489591954277003
0.008044427240849595
0.009917079607223343
0.012187277964409791
0.014946574997022651
0.018305730228000444
0.022399558686827966
0.02739236008592892
0.03348451307638199
0.040920517148751154
0.04999880525587019
0.06108372097565425
0.07462014089770169
0.09115132908308149
0.11134074015853734
0.13599864608043724
0.16611465519320387
0.2028974286869573
0.2478231884151136
0.30269496286060676
0.36971494899979773
0.45157289419958524
0.5515540452235763
0.6736709967199964
0.822824730734095
1.005001310326139
1.2275121213005145
1.4992873037900722
1.831234150135507
2.2366748528250913
2.7318811708566213
3.336727472560023
4.0754883637820605
4.9778129130528965
6.0799145728111705
7.426024552404353
9.070166971826264
11.078327039343934
13.53109926959487
16.526922024446744
20.186028190099144
24.655270544947957
30.11401547736949
6
0.000018203866247928774
0.00004016496582561231
0.00008316217054378961
0.0002369071597957585
0.0006446943041936864
0.001335210109040593
0.002188029180537668
0.003076462634080693
0.0039900299762905735
0.0050050362102157355
0.006202844821961684
0.007646646735846311
0.009397094298739691
0.011524671313046086
0.014114773722311985
0.017271351560757132
0.02112108938115459
0.025818490679598086
0.03155207866389256
0.03855196235181825
0.04709907165403673
0.05753643207780408
0.0702829315449828
0.08585013183513139
0.1048627993561115
0.12808397921352405
0.15644561889010697
0.1910859705705798
0.23339527319840284
0.2850715476460652
0.34818874425485835
0.42527997774420184
0.519439189999703
0.6344453208245943
0.7749139700627914
0.9464826378271045
1.1560369771733672
1.4119871395347368
1.724605303628748
2.106437934057319
2.57280931498485
3.1424365674689474
3.838180833248735
4.6879647726337765
5.725893198905369
6.993621824223699
8.54202904933351
10.433257893875586
12.74321001106571
15.56459189044522
19.01063549337572
23.21964264954052
6.2
0.000013737974317112901
0.00003065502287043336
0.00006429570892943296
0.00018725561421026966
0.0005119385443142463
0.001053346670679862
0.0017105473351566047
0.0023883686736846654
0.003087011930804662
0.0038684053487376803
0.0047934121615461935
0.005909069541718815
0.007261752567884779
0.008905871140293307
0.010907413541501284
0.01334670874645507
0.01632165423687025
0.01995164502103204
0.024382365374870815
0.029791635663482852
0.03639654889679605
0.04446218343430815
0.05431224151034516
0.06634204054138404
0.0810343786020807
0.09897891080708109
0.1208958142412823
0.14766469119498568
0.18035987069224277
0.2202935250868381
0.26906833214619863
0.3286417961375791
0.4014048093475737
0.4902776069845674
0.5988269664712897
0.7314093547465963
0.8933457685803143
1.0911352848569065
1.3327158913506465
1.6277830660471695
1.9881788907181714
2.428367315243267
2.9660146467050357
3.62269856032287
4.4247740873238515
5.404431334884739
6.60098738800981
8.062464242960937
9.847516097063924
12.02778334911638
14.69076777938057
17.94334430342014
6.4
0.00001039311451330956
0.000023451850550626962
0.00004982649464796001
0.00014826482684272634
0.0004068984176950096
0.0008315980708662147
0.0013385717793604562
0.0018568479851913896
0.002392753349457681
0.0029959297156294685
0.0037118556556966866
0.004575741769812767
0.00562320255804143
0.006896340344040796
0.008446252463060144
0.010335142350160585
0.012638817788914212
0.015449733363441956
0.01888070098554112
0.02306941743281745
0.028183990603892338
0.03442968627861918
0.042057166154525066
0.051372547780923
0.06274969013104396
0.07664519787522484
0.09361674652967197
0.11434546393305042
0.13966326629821854
0.17058624593092284
0.2083554505817701
0.25448669105007105
0.31083137599359023
0.3796508154587183
0.4637069751926318
0.5663733240266485
0.6917702230254777
0.8449302900443194
1.032000376354109
1.260488261366082
1.5395639661811504
1.880427778734803
2.29675976067884
2.80526877628942
3.426363077859242
4.18496936052034
5.111533157964011
6.243240729008506
7.625511471934016
9.31382076521508
11.375926388846995
13.894587882049311
6.6
7.880717205264253e-6
0.000017980766837389036
0.00003869850403778667
0.00011757738228635901
0.0003236842078398085
0.0006569861913118283
0.0010484734225343281
0.0014456140342657532
0.0018578603664223413
0.002324615200357906
0.0028798539979959016
0.0035500810845011488
0.004362750925411237
0.005350512426779521
0.006553008771112363
0.008018500366582117
0.00980580253662385
0.01198664599297348
0.014648555640991394
0.017898363261441144
0.02186649504499139
0.026712206053179432
0.03262997168318848
0.03985729264843588
0.048684226716132095
0.05946502974385355
0.07263237321107166
0.08871470884481268
0.10835747724296683
0.13234901167178906
0.16165217664789955
0.19744301107218018
0.24115792680022072
0.2945513568936674
0.3597661671792185
0.43941965697836377
0.5367086005191148
0.6555375447104127
0.8006755123194474
0.9779473996001218
1.1944677498330405
1.4589262849274935
1.7819366544737172
2.17646239876794
2.6583372212025256
3.2469004503790693
3.9657731952397204
4.843806343261301
5.9162384475653065
7.226109974092293
8.82599066647259
10.780089354450476
6.8
5.988554463835225e-6
0.000013814507036798844
0.00003011777940757302
0.00009337581522564584
0.0002576867969251164
0.0005193765510351695
0.000821993319055004
0.001126953938142024
0.0014449212882527717
0.0018069234655124478
0.0022383557656075067
0.0027592760460927496
0.0033909177371812867
0.004158648473224775
0.005093280371532041
0.006232323494860806
0.007621491643208131
0.009316537012074206
0.011385487723815346
0.013911378035065071
0.016995580793027217
0.02076187588375267
0.025361417953574217
0.030978802775846085
0.03783947572748288
0.04621877970346645
0.0564530055940901
0.06895288881915357
0.08422009358254386
0.1028673464182072
0.12564302705738456
0.15346120353496495
0.18743831694923618
0.22893798816324978
0.27962574469805274
0.3415358642001718
0.4171530171464
0.5095119853943028
0.6223194586340594
0.7601027968605054
0.9283917292269628
1.1339402814917576
1.3849978387871937
1.6916402224104143
2.06617406791065
2.5236307335853794
3.082369561662832
3.764814703192666
4.598355077918125
5.616443587840249
6.859939699613357
8.378749278410305
7
4.559939872849668e-6
0.000010634192018128472
0.00002348504876535382
0.00007425378532659697
0.0002052909159828329
0.0004108436533282426
0.0006450022591196338
0.0008796613559210871
0.0011255222618374058
0.0014068610756469255
0.0017426817273973293
0.0021482406362177196
0.00264000655467456
0.0032377250272653574
0.003965384772468193
0.0048521893319965394
0.005933729286608907
0.007253410632233303
0.008864196814980968
0.010830734340214325
0.013231947263812438
0.016164204691630366
0.019745188410086878
0.02411861586949749
0.02946000806996707
0.0359837338353813
0.04395161318706752
0.05368342510053314
0.06556974135857366
0.08008760156831105
0.09781965843562694
0.11947756166408127
0.14593051895628797
0.1782401803710162
0.21770324606775462
0.26590350743713553
0.3247754102105085
0.3966816905594406
0.4845081999944537
0.5917797247188284
0.7228014476757625
0.8828317306559441
1.078293150819802
1.31703026127011
1.6086244205120863
1.9647783260126703
2.3997856845477163
2.9311048688084598
3.5800595832687283
4.372694659247361
5.340821325473909
6.523293904384062
7.2
3.4787762168946376e-6
8.200986513911355e-6
0.00001834633470459374
0.0000591194290885204
0.00016365502835787938
0.00032518131180231304
0.0005065521508020082
0.000687478345765837
0.0008780268307708747
0.001097091189838495
0.001358916498165763
0.0016751620492137939
0.0020586328004107987
0.0025247236324365324
0.003092140488288011
0.003783655799173778
0.004627022502596358
0.005656087865629054
0.006912151894580139
0.008445624849267924
0.010318050383761247
0.012604575509290235
0.015396966507665723
0.018807291834410857
0.02297241981935974
0.02805951167329009
0.03427273025429745
0.04186143384012873
0.051130183751428034
0.06245096746692387
0.07627812778708712
0.09316659720601854
0.11379416930080705
0.13898870096833305
0.16976133722801653
0.20734709202314433
0.2532544136661811
0.30932572416620113
0.37781136209332644
0.46145989656686076
0.5636284369852492
0.6884173656135274
0.8408349003211939
1.0269980919503332
1.25437832304432
1.5321011606631152
1.8713125974419502
2.2856263793586806
2.7916703732682335
3.409753901476559
4.164682826209131
5.086755095950699
7.4
2.6587517954818305e-6
6.3354134916594375e-6
0.000014356556885566308
0.00004712244403213978
0.00013054164528188692
0.00025752384275690745
0.0003981490952034441
0.0005379181047626672
0.0006859183360282597
0.0008567911887542318
0.001061237220683875
0.0013082055715075188
0.0016076742221267553
0.001971664446717656
0.0024147844883633885
0.002954818310409113
0.003613439366321946
0.004417080431653866
0.005397994444128363
0.006595548927286615
0.008057805947443781
0.009843451013149408
0.012024148330706808
0.0146874169404261
0.017940143162988736
0.02191287032279216
0.02676503790995593
0.03269138044686906
0.039929742868337385
0.04877062607394848
0.05956884574919023
0.07275777236475077
0.08886672385506797
0.10854220900613862
0.13257387412206373
0.16192619430495211
0.19777718122672946
0.24156566087391967
0.2950490186865656
0.36037372960643194
0.44016150365341355
0.5376145043538715
0.6566438628066079
0.8020266451067583
0.9795975727815969
1.1964831906525424
1.4613878801017808
1.7849431964603903
2.1801345506536087
2.6628223593361637
3.252378579102342
3.972464171123645
7.6
2.035497066289309e-6
4.9021840915993176e-6
0.000011252577056107784
0.00003759879366817383
0.00010418602567178026
0.000204052342577632
0.00031319531806850453
0.0004213734825893834
0.000536558520922781
0.0006700570727398373
0.0008299270243003891
0.0010230646298120779
0.0012572600584411038
0.0015419137305637091
0.001888449814651791
0.0023107760205978217
0.002825841781935144
0.0034543184961869254
0.004221429140624471
0.005157960558916092
0.006301499045268289
0.0076979388143719575
0.009403323897387229
0.011486097385717356
0.014029848292562794
0.01713666627352349
0.02093123884295771
0.025565855521724582
0.031226519750385564
0.03814041386037694
0.046585016698661594
0.05689923982815146
0.06949702923863915
0.08488397845327258
0.10367761977101184
0.12663220800697586
0.15466899138609977
0.18891318446921135
0.23073912696426518
0.2818254408043957
0.3442223991402589
0.420434211000441
0.5135195239927125
0.6272141785721568
0.7660811404360539
0.9356936283589844
1.1428587870311153
1.395890881676183
1.7049449787082385
2.082424504203709
2.5434790369412448
3.1066123141918602
7.8
1.5608651570059588e-6
3.7990228837098624e-6
8.8331449582115e-6
0.000030028576183524745
0.00008319423657600828
0.0001617664698885177
0.00024656000450438585
0.0003304404397110526
0.00042025497285934474
0.0005247104850427656
0.000649891518862925
0.0008011314740915802
0.0009845229397390147
0.001207426759965072
0.0014787888556079061
0.001809499940398882
0.002212832611386346
0.002704974024852534
0.0033056755437428933
0.004039045429216334
0.004934516389817409
0.0060280268194044685
0.0073634631310873725
0.008994421073096894
0.010986356714325738
0.01341921342621251
0.01639063029094795
0.020019860700665762
0.024452558414800003
0.02986662315687611
0.03647934035506441
0.044556101569353024
0.05442105558670354
0.06647011765003512
0.08118685892707554
0.09916191391925601
0.12111668469811158
0.14793229330342658
0.18068494426452614
0.2206891164668184
0.26955031780497574
0.3292295198520066
0.4021218585339485
0.49115275934447034
0.5998953449417915
0.732713837076607
0.8949387082881929
1.0930806121758767
1.3350916790965277
1.6306846629241614
1.9917227479971444
2.432695660360151
8
1.1987438407073033e-6
2.948402003047923e-6
6.943914256980851e-6
0.000024003783154163627
0.00006646377225021487
0.00012830679801224473
0.00019424873927112424
0.00025940355753273505
0.00032955849833648414
0.00041140350796185586
0.0005095466112290736
0.0006281258729870332
0.0007719136601944049
0.0009466810493371449
0.00115944207300479
0.0014187355781329568
0.001734967923532897
0.0021208306235909334
0.0025918097033138447
0.0031668072068912604
0.0038688998030976317
0.00472626493303092
0.00577331166976479
0.0070520616752818965
0.008613835677296514
0.010521313150267556
0.012851047862795506
0.015696540249147118
0.019171989909988005
0.023416878843339078
0.02860156934691177
0.034934141255297514
0.042668742914347954
0.05211579104666916
0.06365442886464696
0.07774774241882226
0.09496134586710427
0.1159860815569338
0.1416657459543976
0.17303095415918332
0.2113405021072648
0.2581318864717449
0.3152830098028637
0.3850875473511047
0.47034700030863297
0.5744831298714236
0.7016752846186493
0.8570281322691944
1.0467765280975787
1.278535741480199
1.5616070834118954
1.9073512007752786
8.2
9.21977019740368e-7
2.2914032404331554e-6
5.466201740334192e-6
0.000019203527805878266
0.00005312157475997606
0.00010181630396746681
0.00015314851864578244
0.00020384399984949182
0.00025873223817592485
0.00032294459505987966
0.0003999816609786649
0.0004930633679335883
0.0006059332444391833
0.0007431213479569637
0.00091013352044017
0.0011136725467937052
0.0013619071628197628
0.0016647998952707761
0.002034506893027016
0.0024858657960382447
0.003036991221913074
0.0037100017691224945
0.004531907714023662
0.005535695028098992
0.00676164922079529
0.00825897213848152
0.010087756607303515
0.012321398169292551
0.015049540703178649
0.018381674148004748
0.022451528718825806
0.02742244196979765
0.033493914103741904
0.04090961461577837
0.049967161605745575
0.06103006623755555
0.0745423217185756
0.09104622230600601
0.11120412747954575
0.13582504475301463
0.16589709798650126
0.20262718426640583
0.24748941092322096
0.3022842566346473
0.3692108309568386
0.4509551323034844
0.5507978465386862
0.6727460123289039
0.8216938377653458
1.0036191220740622
1.2258231656973637
1.497223797117165
8.4
7.100935679071659e-7
1.7831437338704698e-6
4.308522966922169e-6
0.000015374942139389123
0.00004247552579401484
0.00008083221140397335
0.00012083078159841418
0.00016034020335130132
0.00020334945594486953
0.0002537893683304817
0.0003143276668695636
0.00038747634644304774
0.00047617571022891736
0.0005839856764683618
0.000715233038415622
0.0008751852135476742
0.0010702616442832685
0.0013082914327479035
0.0015988275501307644
0.0019535302309643967
0.0023866349392779405
0.002915523687747991
0.003561422638903171
0.004350253985563339
0.005313676299441324
0.006490355100798023
0.00792751464153253
0.009682833180223649
0.011826757813170427
0.01444533176372296
0.017643647598953704
0.02155006496337905
0.02632136210219508
0.032149027922743025
0.03926694711672399
0.04796078677410193
0.05857946120646884
0.07154913510349055
0.08739032701826813
0.10673879960453908
0.13037107500428566
0.15923559940784682
0.1944908075297562
0.23755161466137897
0.290146202189658
0.3543853755825586
0.4328472784324236
0.5286808623940012
0.6457322656878655
0.7886991721235498
0.9633193456471765
1.1766009069552623
8.6
5.476260910561734e-7
1.3893553548804696e-6
3.4001961371864005e-6
0.000012318395640631338
0.00003397640033185733
0.00006420142161844172
0.00009539905704373998
0.00012623893649239652
0.00015998802026484225
0.00019965478252547298
0.0002472787328519263
0.00030482410418252804
0.00037460308356133135
0.00045941619965277606
0.0005626673009552947
0.0006885002167035824
0.0008419650636369656
0.0010292209249140665
0.0012577830357471426
0.0015368243961803672
0.0018775439157899113
0.002293615865243482
0.0028017386727991864
0.0034223050908683775
0.00418022062876154
0.005105903098236579
0.006236503387085869
0.007617396454707564
0.009304002388549731
0.011364010606812532
0.013880096472474325
0.0169532393459008
0.020706775241139078
0.02529134673322347
0.03089094877365367
0.03773031305384847
0.04608392727700889
0.05628705131343933
0.06874917235632007
0.08397043908057678
0.10256173436534644
0.12526919216887195
0.15300414250410105
0.1868796863120025
0.22825536811069208
0.278791739289682
0.34051700187246287
0.41590840737574175
0.5079916776204781
0.6204624375678897
0.7578345337262671
0.9256211906606144
8.8
4.228623968931476e-7
1.083818657211746e-6
2.6864928487204057e-6
9.876022163154126e-6
0.000027187968301522195
0.00005101430694011988
0.00007537097243946961
0.00009947986615265017
0.00012599775813019486
0.00015722592664347459
0.0001947285486669417
0.00024004470740508765
0.00029499467499277655
0.0003617838145229426
0.0004430926088387371
0.0005421842653505512
0.0006630356801694358
0.0008104970449097464
0.0009904865019099184
0.001210227660065684
0.0014785395036183042
0.0018061903289549543
0.0022063299141558182
0.002695017265763422
0.0032918651230927666
0.004020827086333969
0.004911158958631405
0.005998592884187442
0.007326771404674114
0.00894899898766963
0.010930381322107004
0.013350438238172443
0.016306295117303846
0.019916580874778156
0.024326188954615927
0.02971209241224517
0.03629044646460096
0.04432526355800038
0.054139009114529506
0.06612554320177896
0.08076592752024594
0.09864773209850644
0.12048861654156046
0.14716513223065478
0.17974790140799493
0.21954458500705798
0.2681523636755443
0.3275220382439231
0.4000363222157675
0.48860546842093205
0.5967840676839778
0.7289137070341747
9
3.2691551419116655e-7
8.464321267944177e-7
2.1249502028591476e-6
7.922788926487858e-6
0.00002176345841328281
0.000040552821028057566
0.000059586763896113664
0.00007846089100444594
0.00009932287709792345
0.0001239326167565131
0.00015349347138257053
0.00018921362012478692
0.00023252756105570505
0.0002851736493971481
0.00034926475760132505
0.0004273730868795279
0.000522633398743289
0.0006388688239889615
0.0007807442983615052
0.0009539537828064226
0.0011654487821149925
0.0014237173332175708
0.0017391246599120268
0.0021243291656911204
0.0025947904599142495
0.0031693898062208833
0.003871187893933697
0.004728350344492707
0.005775278096740336
0.00705398803738693
0.00861579928620579
0.010523392812503257
0.012853327042504812
0.01569911041781436
0.019174954217506233
0.023420356257777452
0.028605699429114874
0.03493908975998555
0.042674708442370826
0.0521230130423661
0.06366319711749496
0.07775840885634308
0.09497433857088787
0.11600192196980369
0.14168506980774415
0.17305453698823334
0.21136929037195049
0.2581670355462676
0.31532593034353606
0.38513996190992555
0.47041101246588973
0.574561308677203
9.2
2.530290218337921e-7
6.617553492142953e-7
1.682557927125945e-6
6.359525892043196e-6
0.00001742700122778434
0.0000322497878523762
0.00004713825354284997
0.0000619345931948242
0.00007836611329914974
0.00009777873232666559
0.00012110102515142449
0.0001492829787556005
0.00018345617471184498
0.00022499211108344396
0.0002755577708735848
0.00033718253155766686
0.0004123396111616432
0.0005040453271841046
0.0006159801520093335
0.0007526364231876982
0.0009194986367148654
0.0011232635591116136
0.0013721089921809116
0.0016760219769090263
0.0020471996084821366
0.00250053854854898
0.0030542328805555348
0.003730504302197804
0.004556493960176305
0.005565351719712103
0.00679756658503524
0.008302591665290975
0.010140828901451451
0.012386053208292508
0.015128373320764894
0.01847784817392116
0.022568903954417668
0.027565729095415433
0.033668863734838426
0.041123248109163506
0.05022805279543266
0.061348685616857676
0.0749314566019326
0.0915214900426324
0.11178460223249247
0.13653402301357942
0.1667630335393881
0.20368483014647107
0.24878121417174281
0.30386206185561815
0.3711379610119611
0.45330892969753006
9.4
1.9605675907442092e-7
5.179068473441428e-7
1.3336069885745022e-6
5.107471860581176e-6
0.000013958977236418173
0.000025656930399857837
0.00003731365424506748
0.000048928487054857325
0.00006188457539489517
0.00007721152968870742
0.00009562796813804891
0.00011788197176934923
0.00014486698876519478
0.0001776660266669959
0.00021759542604655126
0.0002662576939026536
0.00032560581790946593
0.0003980216466685403
0.0004864114816569669
0.0005943227173108495
0.0007260862104194499
0.0008869900926133304
0.0010834920016569972
0.0013234782491264713
0.0016165803257801455
0.0019745614471059153
0.0024117886524595913
0.002945809404800806
0.003598055831995048
0.004394704873358154
0.005367728852144543
0.00655617863714183
0.008007750891152183
0.009780702305544908
0.01194618764583422
0.014591115442260695
0.017821635934266312
0.02176740125232515
0.026586768813163224
0.032473156766031824
0.03966280650646773
0.048444263944645814
0.05916995979427025
0.07227035388983759
0.08827121104628938
0.10781470184402922
0.1316851751876552
0.16084063699034815
0.19645119830424745
0.2399460359954791
0.29307075061743704
0.3579574235034287
9.6
1.5207215702254008e-7
4.057281532587412e-7
1.0580398601598364e-6
4.103997599842294e-6
0.000011184433241861926
0.0000204197404312198
0.000029554628698306606
0.000038683498408473485
0.00004890972403941913
0.00006102134058358909
0.00007557602360085715
0.00009316364998823933
0.00011449025862771484
0.0001404117633412607
0.0001719684851367468
0.0002104269060630321
0.00025733049758878664
0.0003145616655314213
0.0003844172976124431
0.00046970094562765694
0.0005738353418223187
0.0007009997651576404
0.0008562977704452183
0.001045962011926779
0.001277604381568224
0.0015605215010152942
0.0019060678276607806
0.002328111348888371
0.0028435901531002443
0.0034731922146782586
0.004242185675036326
0.005181432941857793
0.006328629305881038
0.00772981578527396
0.009441226913354002
0.01153154762786309
0.014084669838688293
0.01720305930477226
0.0210118679447906
0.025663956626700506
0.031346029992981264
0.03828612960983471
0.04676278603965696
0.05711619726852739
0.06976188204235932
0.08520735609411692
0.10407250052735695
0.12711443983083656
0.15525792793323062
0.189632461832549
0.2316176122690778
0.2828983907509542
9.8
1.1807419655780922e-7
3.1814830229512725e-7
8.401823595263756e-7
3.2992449545204424e-6
8.963913707548223e-6
0.000016257708978299575
0.0000234228477027211
0.00003060643418600684
0.00003868577255649199
0.00004826442575408649
0.00005977630732813891
0.00007368711206287603
0.00009055523821144891
0.00011105766402713957
0.0001360172238500774
0.00016643563245495425
0.00020353368738553198
0.00024880026384612033
0.00030405206849158184
0.00037150655024512135
0.00045387089430801977
0.0005544506710079687
0.000677282499943849
0.0008272960537030533
0.0010105119029304682
0.0012342831429704802
0.001507590499399986
0.0018414027560796932
0.0022491169709644896
0.0027470961470794034
0.0033553259372854144
0.004098216738703134
0.005005583367659979
0.006113841632956305
0.007467469830137159
0.009120793811666387
0.011140167274136269
0.013606634765100404
0.01661918428531966
0.020298720024824038
0.024792914672569017
0.03028213603994349
0.03698668585439644
0.04517564124124778
0.05517765373354827
0.067394139212834
0.08231538813409099
0.10054024261072993
0.12280013004382234
0.14998841787673275
0.1831962675636521
0.22375642671388923
10
9.176559185004563e-8
2.496996136936666e-7
6.677665411194886e-7
2.6534806407510406e-6
7.186195792094838e-6
0.00001294876185383013
0.000018573920229974066
0.0000242332062481194
0.00003062217873455237
0.00003820351770163042
0.000047315674084594706
0.00005832671023537284
0.00007167860147439533
0.0000879072066697081
0.00010766383673175759
0.0001317413945952039
0.00016110619719927581
0.0001969367571798001
0.00024067108071630633
0.00029406437977632434
0.0003592595149268586
0.0004388729958568252
0.0005360999910982371
0.0006548425613574398
0.0007998662629118276
0.0009769914061178552
0.0011933266449009093
0.0014575542719978813
0.0017802786701651993
0.0021744519017061863
0.0026558935233960256
0.0032439254776507292
0.003962147551525974
0.004839384518683916
0.005910842978808186
0.007219524322049417
0.008817950525803652
0.010770272046083636
0.013154842400561369
0.016067362770358935
0.019624722824467176
0.023969691912598817
0.029276648900478756
0.035758580606020954
0.04367562970817678
0.053345535186644
0.06515638429987837
0.07958218789514522
0.09720190412270281
0.11872267406173774
0.14500820177437962
0.1771134177827268
10.2
7.138509904548027e-8
1.961479602783785e-7
5.311761874534789e-7
2.1350090080737376e-6
5.762527135970737e-6
0.000010316996720310966
0.000014737050582625722
0.000019200335256911173
0.0000242569384194546
0.000030261908629466674
0.00003747984620067666
0.00004620194390299091
0.00005677828752837509
0.00006963334319367087
0.00008528302942053311
0.00010435542306705605
0.00012761596625808592
0.0001559981862656526
0.00019064116123353346
0.00023293523538900872
0.000284577818431739
0.00034764150854836346
0.0004246572730553076
0.000518716025002948
0.0006335926723692495
0.0007738976183725376
0.0009452617931399705
0.0011545626427053818
0.001410200145066962
0.0017224339307986257
0.0021037950380489727
0.0025695888270986194
0.003138509238224194
0.003833389045130073
0.004682116214358884
0.0057187531472950035
0.006984903723936297
0.008531383012680017
0.010420256657439259
0.01272733178986467
0.01554519943570928
0.018986950517808337
0.023190714591891044
0.028325203470667994
0.034596482219381566
0.04225623928030405
0.051611887593305365
0.06303890217586945
0.07699588924814069
0.09404299170690764
0.11486436963003786
0.14029565802274477
10.4
5.558048426819902e-8
1.5420988950477515e-7
4.2286297458341724e-7
1.71852295596801e-6
4.622051425126109e-6
8.22301465159371e-6
0.000011699149584666874
0.00001522283965735704
0.00001922817626198513
0.000023987933376083108
0.000029709420131342154
0.0000366232281504167
0.00004500685474391143
0.000055196764447752134
0.0000676019141178276
0.00008272016596786503
0.00010115826852845812
0.0001236562075958227
0.00015111690446035152
0.00018464245330845143
0.00022557835213144668
0.0002755675022845619
0.0003366161438876491
0.0004111743732844851
0.0005022344740122258
0.0006134510076469616
0.0007492874841911591
0.0009151954984027498
0.0011178335214345936
0.0013653341286613125
0.0016676303884844942
0.002036854511242551
0.002487824757423044
0.0030386401464616714
0.0037114068339670152
0.00453312530934433
0.005536774020285885
0.006762632913584264
0.008259900041179564
0.010088665898169593
0.01232232537162068
0.015050523028855789
0.01838275102120858
0.022452743358265193
0.027423843122089262
0.03349555800463591
0.040911567239068775
0.049969501317330293
0.06103288693829366
0.07454573661309936
0.09105036844598184
0.11120917126419642
10.6
4.3312106104870115e-8
1.213357809153896e-7
3.368938116686241e-7
1.3837990153368918e-6
3.7081738706413723e-6
6.5562922252815795e-6
9.292413264273995e-6
0.000012077055989884426
0.0000152521221250023
0.000019027446511091823
0.000023565776007984236
0.00002904986990183811
0.000035699836989432296
0.000043782563885902526
0.000053622438802090796
0.00006561437046856376
0.00008023963720965413
0.00009808520233241428
0.00011986727102523841
0.00014646003418695356
0.0001789307527766479
0.0002185825907435558
0.000267006915572703
0.0003261471654486887
0.0003983768462543962
0.0004865947886963047
0.0005943414885587869
0.000725941199231643
0.000886675479182101
0.0010829951594409051
0.001322779238101135
0.0016156510921790975
0.0019733646975250785
0.002410276357134171
0.002943920870009425
0.003595715264198172
0.004391818337367242
0.005364180501126339
0.006551826081150234
0.008002419410439068
0.00977417794690998
0.01193820856385258
0.014581361408358057
0.01780971548481667
0.021752835977212292
0.026568974158230712
0.032451418561177926
0.03963625233583309
0.0484118280890587
0.05913034048893183
0.07222196107336896
0.08821210254418677
10.8
3.377959909759922e-8
9.554332270068261e-8
2.6859922450575607e-7
1.1146632868478428e-6
2.9756712616613176e-6
5.2291597046587166e-6
7.384603673624425e-6
9.587273369085464e-6
0.000012106011151387159
0.000015102459469074557
0.000018704617712512918
0.00002305745035749029
0.000028335659400003112
0.00003475107794741607
0.000042561179272131436
0.00005207941016350388
0.00006368777064796557
0.00007785214499142751
0.00009514099927079094
0.00011624819591368916
0.00014202084083369995
0.00017349328076519315
0.0002119286152301816
0.0002588693891561989
0.00031619950062105814
0.00038621980829761464
0.0004717404729908831
0.0005761937392584223
0.0007037716834976522
0.0008595944563795269
0.0010499157730978546
0.0012823738962947904
0.001566298186672718
0.001913083522926178
0.0023366476182465146
0.002853989587007147
0.0034858721789448595
0.004257655061143295
0.005200312601043938
0.006351676923875925
0.00775795635427257
0.009475589813243512
0.011573511962474194
0.014135919784116784
0.017265651700977762
0.02108831484516649
0.025757326109597068
0.03146006931104967
0.03842541555775474
0.04693290865153846
0.05732398416220172
0.07001567243542889
11
2.6366025676347653e-8
7.528941002365337e-8
2.142997409028566e-7
8.981709233468198e-7
2.3883924256046373e-6
4.172044286844922e-6
5.871437445296971e-6
7.61532226009011e-6
9.614786953586854e-6
0.000011994533337244976
0.00001485540361100662
0.000018312468946691443
0.00002250447793666697
0.000027599670644789466
0.00003380253504487119
0.00004136201386508395
0.000050581495533592935
0.00006183099022151398
0.00007556197965033762
0.0000923255366387079
0.00011279444158933188
0.00013779018352894144
0.00016831592934786493
0.0002055967844088121
0.0002511289603273102
0.0003067398231973484
0.00037466123220886773
0.00045761911199374185
0.0005589428535526099
0.0006826989344060152
0.0008338541206150819
0.0010184748005460517
0.001243970450329914
0.001519391002180533
0.0018557900498545415
0.0022666684683632313
0.0027685162513316534
0.003381474312379109
0.004130142816840471
0.005044568442043342
0.006161450317557556
0.007525612828654241
0.009191804606784738
0.01122689577840095
0.013712561697803933
0.016748560866523644
0.020456738590698263
0.024985917063092535
0.030517868118736663
0.03727460837744501
0.04552730955045443
0.05560718151290972
