60.
300
0.9995205484657834
0.9984342123029368
0.9951904809201539
0.9898346126688297
0.9824401698149237
0.9731063566130732
0.961954556833954
0.9491242985252452
0.9347688936925197
0.9190509969477793
0.9021383033528793
0.8841995671422695
0.8654010761082574
0.8459036673275444
0.8258603237148495
0.80541435122549
0.7846981054125025
0.7638322140688676
0.7429252293504875
0.7220736368701421
0.7013621492130683
0.6808642155199097
0.6606426857086605
0.6407505762992817
0.6212318936803632
0.6021224793126442
0.5834508493403918
0.5652390081194693
0.5475032211613569
0.5302547379326559
0.5135004589048978
0.49724354432419454
0.4814839644862483
0.46621899298409847
0.4514436455621036
0.43715106796631503
0.4233328766210599
0.40997945616180803
0.3970802178790072
0.3846238230276342
0.37259837477293256
0.36099158230513373
0.34979090038818755
0.33898364732691716
0.3285571040558476
0.31849859677980796
0.3087955653368869
0.29943561921194706
0.290406582905445
0.28169653215852297
0.27329382235105315
0.2651871102238544
0.2573653699286457
0.24981790427817266
0.2425343519530026
0.23550469131937335
0.2287192414228033
0.22216866064368887
0.2158439434325394
0.20973641548278563
0.20383772764715924
0.19813984885855782
0.19263505827727076
0.18731593685266204
0.1821753584582428
0.1772064807339203
0.17240273574756862
0.16775782056945718
0.1632656878371095
0.15892053637449274
0.15471680191773876
0.15064914798961881
0.14671245695649
0.14290182129421125
0.1392125350834022
0.13564008574924327
0.1321801460566557
0.1288285663680494
0.12558136716776247
0.12243473185478126
0.11938499980323135
0.1164286596884067
0.1135623430747116
0.11078281826075427
0.10808698437595446
0.10547186572232281
0.10293460635454978
0.10047246489115516
0.09808280954918461
0.09576311339477073
0.09351094980179518
0.0913239881108711
0.08919998948090557
0.08713680292559081
0.08513236152729556
0.08318467882098311
0.08129184534095872
0.07945202532344531
0.07766345355819443
0.0759244323825587
0.07423332881167331
0.07258857179862685
0.07098864961872632
0.06943210737219303
0.06791754459985308
0.06644361300660567
0.06500901428767883
0.06361249805289008
0.062252859844340355
0.060928939243175204
0.05963961806123862
0.05838381861363816
0.057160502068420695
0.05596866686973709
0.05480734723103859
0.0536756116950153
0.0525725617571386
0.05149733054982171
0.05044908158435242
0.04942700754789005
0.04843032915294843
0.047458294036911076
0.04651017570924231
0.04558527254417299
0.04468290681674476
0.043802423780201376
0.04294319078281175
0.04210459642230378
0.04128604973617402
0.040486979426225866
0.039706833115765186
0.03894507663796101
0.03820119335395012
0.037474683499332584
0.03676506355777263
0.036071865660478215
0.03539463701039466
0.034732939330001614
0.03408634833165721
0.03345445320948266
0.03283685615182998
0.03223317187341985
0.03164302716628121
0.031066060468664128
0.030501921451138125
0.02995027061912402
0.029410778931143657
0.028883127432105114
0.028367006900972474
0.027862117512201412
0.027368168510347613
0.02688487789728592
0.02641197213150168
0.025949185838941683
0.025496261534935335
0.025052949356719704
0.02461900680612238
0.02419419850197719
0.02377829594186724
0.023371077272807322
0.022972327070495912
0.02258183612678348
0.022199401245019477
0.021824825042955444
0.02145791576289658
0.021098487088806843
0.020746357970086646
0.020401352451753813
0.020063299510770845
0.01973203289827262
0.019407390987459052
0.019089216626928127
0.018777356999233746
0.018471663484462834
0.018171991528634284
0.01787820051673124
0.017590153650186405
0.01730771782864711
0.017030763535854844
0.01675916472948057
0.016492798734764377
0.016231546141813043
0.015975290706417365
0.015723919254254464
0.015477321588347909
0.015235390399662384
0.014998021180715509
0.014765112142093693
0.014536564131764141
0.014312280557078946
0.014092167309371581
0.01387613269105067
0.013664087345098894
0.013455944186889305
0.013251618338234343
0.013051027063586707
0.012854089708313995
0.012660727638972483
0.012470864185508064
0.012284424585315463
0.012101335929089463
0.011921527108404198
0.011744928764959818
0.01157147324143695
0.01140109453390318
0.011233728245716678
0.011069311542874619
0.010907783110756734
0.010749083112214836
0.010593153146962376
0.010439936212219078
0.010289376664567522
0.010141420182980315
0.009996013732978041
0.009853105531879389
0.009712645015106729
0.009574582803511316
0.009438870671684071
0.00930546151721884
0.009174309330896234
0.009045369167757604
0.008918597119039572
0.008793950284940608
0.008671386748192445
0.008550865548409614
0.008432346657192008
0.008315790953955725
0.008201160202468442
0.0080884170280667
0.007977524895533104
0.00786844808761188
0.007761151684142813
0.007655601541793355
0.007551764274370195
0.007449607233691608
0.007349098491003119
0.007250206818918969
0.007152901673873417
0.007057153179065257
0.006962932107880503
0.0068702098677785
0.006778958484626655
0.006689150587470158
0.006600759393723367
0.006513758694769644
0.006428122841957274
0.006343826732979415
0.006260845798626234
0.006179155989898024
0.0060987337654683504
0.0060195560794867415
0.005941600369710546
0.005864844545956213
0.005789266978860494
0.005714846488942096
0.005641562335955213
0.005569394208525906
0.00549832221406332
0.005428326868937391
0.005359389088915345
0.005291490179849495
0.005224611828608704
0.005158736094246885
0.005093845399401162
0.005029922521913469
0.004966950586668889
0.00490491305764463
0.004843793730163527
0.004783576723346282
0.004724246472756761
0.00466578772323485
0.004608185521911546
0.004551425211401226
0.0044954924231659825
0.004440373071047236
0.004386053344960029
0.004332519704745316
0.004279758874175949
0.0042277578351121005
0.004176503821801876
0.004125984315323265
0.0040761870381633945
0.004027099948931464
0.003978711237201557
0.00393100931848186
0.0038839828293069038
0.003837620622449341
0.003791911762248179
0.0037468455200502285
0.0037024113697617473
0.0036585989835073466
0.0036153982273932355
0.003572799157372101
0.0035307920152068055
0.003489367224530394
0.0034485153869998086
0.003408227278540778
0.003368493845681623
0.003329306201973524
0.0032906556244949913
0.0032525335504384216
