1  11  50
-1  10  55
1
0.12512436266777532
0.25621543483886006
0.49137670159507374
0.8853637816170236
1.5016004724725658
2.402253172130166
3.637815700216311
5.243528054954217
7.2463984553674745
9.67919741051545
12.594243913266247
16.072605280434242
20.228931607892942
25.214415578232032
31.22020998401847
38.48266713155145
47.29102351956964
57.99783746312831
71.03245607011033
86.91789222268552
106.2916553493856
129.93127678021733
158.78549666359223
194.01233606792965
237.02557174240007
289.55147586378524
353.69809739657535
432.0398654957375
527.7209103920782
644.5812483763069
787.3108951358373
961.6380925549685
1174.5592031626752
1434.619498757331
1752.256112126538
2140.2169158628385
2614.072139244096
3192.839256203126
3899.7462233324704
4763.16369934185
5817.7436592079575
7105.810099601584
8679.057649483726
10600.62625707802
12947.635217692154
15814.278241823
19315.603779495865
23592.13231852387
28815.49596508971
35195.32664280344
42987.66935786649
52505.25818420541
64130.06737994231
78328.64135557543
95670.81873932184
116852.60200210584
1.2
0.05683538293945197
0.12164877731479806
0.24142217977556918
0.44642790533125554
0.7718452603280059
1.2520129650302811
1.9143723329528446
2.777335673689816
3.8542581569847836
5.161408756667395
6.725782628204327
8.590219527762363
10.81595638894229
13.484057454738966
16.69707379807026
20.58172016811892
25.292920024502585
31.01937509071149
37.990786554492416
46.486909472405486
56.84871643435215
69.49206211392442
84.92436825744159
103.76498748906995
126.77006001219206
154.86286016354774
189.17085065361584
231.07093160430946
282.2447003853614
344.745940021295
421.0830447149661
514.3196905165671
628.1977913972404
767.2876753987266
937.171507943679
1144.6673237347998
1398.102658427024
1707.6487618732658
2085.7288060949436
2547.516470795789
3111.544916406697
3800.450584888232
4641.881679628406
5669.607784924153
6924.875157972005
8458.062085995081
10330.700743799589
12617.946696003284
15411.595153733406
18823.765038763762
22991.398709521636
28081.757938768907
34299.13671583888
41893.06028175284
51168.29945328515
62497.10214596291
1.4
0.027816734094484742
0.06225602292951002
0.1279021261259549
0.24281321179540927
0.42807640088771187
0.7042034068214114
1.0873092898115133
1.5877363201991896
2.2124919406952843
2.9701744524143394
3.875768755464124
4.953718211112115
6.239358189372836
7.7796261761451415
9.633903792659275
11.875484995899582
14.593880124428741
17.898033560539176
21.920509294312076
26.822733826589683
32.801449050702516
40.09660161419767
49.0009715898948
59.87192260959244
73.14574410815828
89.3551611499891
109.15071455597653
133.32686939124892
162.85389963758988
198.9168286952104
242.96298853235714
296.7601062009706
362.4672489264809
442.72147506021776
540.7436684886618
660.4678040133881
806.6988315729047
985.305515755137
1203.4559699269487
1469.9053377924495
1795.3471680512614
2192.842584055448
2678.3444725551485
3271.337729033944
3995.6212550294886
4880.263091567207
5960.767021736117
7280.497462158538
8892.419829298693
10861.226227572752
13265.931770750592
16203.045735715188
19790.444818806427
24172.10394144123
29523.874469259677
36060.541744887705
1.6
0.014372448635633165
0.03364048070210022
0.07155892399543141
0.13949252455390299
0.2507977240514964
0.4184325785697169
0.6524025717508538
0.9588200326210521
1.3414915821831077
1.8051451456193754
2.358545822660345
3.0164384744462764
3.800381925649773
4.739094939261734
5.868890376657361
7.23452464951869
8.890590345258406
10.903485844805592
13.35397987172145
16.340416427959273
19.982651307908405
24.426860150762298
29.851404660052342
36.4739908537427
44.56040636922287
54.4351874545811
66.49464374735518
81.22276357224476
99.21063809175591
121.180183870059
148.01311591955653
180.7863340202141
220.81514248896454
269.7060379603431
329.42118373721996
402.357158293701
491.4411383842963
600.2483769251298
733.1456904469736
895.4667147755742
1093.7259625650108
1335.8802735645133
1631.6481505359227
1992.899796893627
2434.1335096463945
2973.0575469637724
3631.3008227538753
4435.280950923086
5417.264476980519
6616.661847804902
8081.6090912572035
9870.899685441978
12056.344140132771
14725.652019308747
17985.952019290795
21968.091426768235
1.8
0.0077380195144917075
0.018942409807160263
0.04172223516924127
0.08351602014835272
0.15313553263237428
0.2591156894946533
0.40793345738402714
0.6033378050281362
0.8474301536224639
1.1428723496337343
1.4949972355852794
1.9130834456695496
2.410848831421999
3.0066050921343135
3.723480044920141
4.589931172020924
5.640627542166904
6.917709036637902
8.472423503943169
10.367166180470546
12.677979644527042
15.497604947418603
18.9392035526353
23.140898896474337
28.271319766190548
34.53636796555158
42.18748187673879
51.53172756593704
62.94412242252179
76.88268592372435
93.90682156447242
114.69976768381592
140.09601821850222
171.11481387478733
209.00104783673996
255.2752277008243
311.794498784658
380.82717788946263
465.14378881788804
568.128253222193
693.9136992619018
847.5483385499507
1035.1980686066213
1264.3939319841577
1544.33436344042
1886.2543554272816
2303.876357785695
2813.9610078406663
3436.979793627423
4197.936646587086
5127.371437129591
6262.585646933629
7649.139408041448
9342.679991611389
11411.175127619694
13937.640788851684
2
0.004302988640623016
0.01101632889212345
0.025124270086894267
0.0516419114198303
0.09656597749864057
0.16570116647166716
0.26337803878910226
0.3919607877372156
0.5526081528784434
0.7468349984957988
0.9779874319021328
1.2521018938427246
1.578196930735982
1.9683261835047448
2.4376884719637038
3.0049505169610393
3.692826752976176
4.528911655416426
5.546758001594674
6.787215248912278
8.300067277087006
10.146030148651654
12.3991888352079
15.14997050622624
18.508773688813427
22.610398948244097
27.619458907965488
33.73698473215997
41.20849421224267
50.333845257901174
61.47927024788021
75.09207422126073
91.7185867917444
112.02608831139278
136.82959009770215
167.12454377590313
204.12679220990668
249.32136555307548
304.5220807225799
371.9443362410293
454.29402395797473
554.8761259908681
677.7273552619739
827.7781629619521
1011.0506148677865
1234.9000779877858
1508.3104172657022
1842.2545496255752
2250.1348256563783
2748.320913000024
3356.8067689544328
4100.013066354745
5007.767284593017
6116.500787425545
7470.710943348956
9124.746960873079
2.2
0.0024560503184731606
0.006575589486803749
0.015527065590800925
0.03277004004790209
0.062485455591617355
0.10872197610718345
0.17445037618878917
0.2611934266413134
0.3695763507333565
0.500460014142635
0.6559969305947714
0.8402213760697756
1.0592188040466004
1.3211258001836863
1.6361807090467713
2.016933744756056
2.4786399025438772
3.039823546925483
3.7230060842051937
4.555605934833481
5.571038247718677
6.810055886739683
8.322384980221036
10.168720604833744
12.423162692118057
15.176189918920013
18.538290934386698
22.64439865740192
27.659305608416194
33.784277611907335
41.26513130060842
50.402099600102254
61.56188113032558
75.19235710873885
91.84056639619499
112.17466008722946
137.01071675951187
167.34549457260965
204.3964346727912
249.65052138095146
304.9239600945641
372.4350679874194
454.8933028668197
555.6080032289893
678.6212036327514
828.8698557389685
1012.3839655154501
1236.5285985492594
1510.299465989246
1844.6839540204896
2253.1020862800856
2751.9451163812755
3361.233366766372
4105.419714250745
5014.3709699741075
6124.566539373291
2.4
0.0014323139504704519
0.004009826530315944
0.009802581254619204
0.021240596952720677
0.04129544647343516
0.07284868171823151
0.11798114745832221
0.17768966536477898
0.25229386753916316
0.3422753574506028
0.4490478729930779
0.5753681924942459
0.725430334262543
0.9048394335986145
1.1206313973266215
1.3814142422998192
1.6976409451518044
2.0820003083797047
2.549917686716322
3.1201722169762136
3.815650214027414
4.664263651825258
5.700070367311862
6.964640920942141
8.508726969243344
10.394298106987447
12.697028924621428
15.509336095290974
18.94408738043793
23.139131409366094
28.262830028751114
34.52081525471535
42.16424200765827
51.4998678410643
62.90236419923004
76.82935329789221
93.83977411055587
114.6163145520712
139.99281014173755
170.98770875048768
208.84494448996082
255.08386115615954
311.5601888307289
380.5405208451018
464.79328012938396
567.6998257451562
693.3901586973678
846.9086733760851
1034.416606815428
1263.43931100976
1543.1682705025362
1884.8299913585997
2302.1365578566833
2811.8359477713825
3434.384187295566
4194.766323196818
2.6
0.0008504854863906469
0.0024894178866885445
0.006299816169177101
0.014013459279605381
0.027775427401418057
0.049670675434139985
0.08118195649351632
0.12296990899931091
0.17517899141578488
0.2380690329378508
0.31258517747014214
0.4006467096109461
0.5051949153922746
0.6301559091576657
0.7804448105775679
0.9620636985289279
1.182294851793838
1.4499757914145646
1.775849361313158
2.1729940019860603
2.6573485218695336
3.2483517685196137
3.9697227773772936
4.850412699931954
5.9257667150902575
7.23894255530346
8.842642577912041
10.801228895794958
13.193306454954486
16.11487772699287
19.683195625386894
24.041469276615345
29.3646115052411
35.86625869971517
43.80734479078341
53.506573446326726
65.35320876859343
79.82269782942375
97.49575203065078
119.08165309167185
145.44671901530478
177.6490724710978
216.9811069733262
265.0213551708114
323.69784090430846
395.36545757353724
482.9004782774702
589.8159907532619
720.4028899223897
879.9020866015628
1074.7148434978808
1312.6596806748753
1603.286159898106
1958.2581422377018
2391.8218997357476
2921.3778683266146
2.8
0.0005128106677711177
0.0015692148993090946
0.004110350647507388
0.009385032357968297
0.018961537733950665
0.03436910437781618
0.05667959029524805
0.08633489536691302
0.12338029229594297
0.16794595673075938
0.22067363552028968
0.28292090424926264
0.3567807354797588
0.4450415341794691
0.5511842072186611
0.679451874138568
0.8349889027715959
1.024037023771789
1.2541833496636323
1.5346644572417116
1.8767370380635329
2.2941296658939
2.803593772452216
3.4255759411832694
4.18503850044863
5.1124613494035644
6.245065223379012
7.628305492679261
9.317696446199342
11.381039274756274
13.901143170947083
16.9791487528134
20.73858719196623
25.330337953249728
30.93868411744592
37.78870830836363
46.15532604885038
56.37431908601919
68.85581149176996
84.10072938183751
102.72090483968718
125.46363088632134
153.24165297309767
187.16980066162876
228.60972964845607
279.2245697892816
341.0456723397108
416.55413521371025
508.78037844663896
621.4257641235976
759.0111479732245
927.0583142635899
1132.3115858278884
1383.008497147486
1689.2103955289865
2063.2062383034604
3
0.000313319196821974
0.001002205904550035
0.0027168717719608564
0.006366656600059676
0.013110278647858279
0.02408219358935591
0.04006671069028205
0.06136137695322196
0.08795701166319406
0.11990875144612327
0.15765840757051175
0.20217940405911097
0.25497946227244
0.31806220085781906
0.39392151664117053
0.48559234228954123
0.5967519537910592
0.7318613386292954
0.8963428898922037
1.0967978286346451
1.3412711153589558
1.639574321465217
2.0036794020276902
2.448199172388007
2.990973771748525
3.6537866505898435
4.463238817034133
5.451816428700127
6.659194576276686
8.133829584216501
9.934903733183033
12.134700456596875
14.821505309363321
18.103149215848703
22.111336064834454
27.006928468268963
32.98640373889274
40.28973921467757
49.2100433920169
60.10531939878157
73.41283291726816
89.66666119058847
109.51912741848784
133.76698077742955
163.38337276269593
199.5569131748654
243.73937320458032
297.7039501079858
363.6164318967904
444.1221177233505
542.4519836100012
662.5523522773983
809.2432732207989
988.4119681643762
1207.2491059402178
1474.5373892787975
3.2
0.00019364917118678998
0.0006474117996960468
0.0018161738095441452
0.004367472395214322
0.009165009232797368
0.0170584778192673
0.02862778027147818
0.044074123812782015
0.06336027294689482
0.08649893945120332
0.1137981285866589
0.14596408832522342
0.1840943507952683
0.2296429954651287
0.2844145691259742
0.35060175407925553
0.4308599377051506
0.5284100523004426
0.6471671180614256
0.7918972726376762
0.9684090453048179
1.1837864732750156
1.4466734089738487
1.7676204281894585
2.159508261725005
2.638064744351225
3.222496028041723
3.936257392288423
4.807994586825379
5.872693486144851
7.173084195488742
8.761355960005421
10.701251702404093
13.070626250262949
15.96457092362664
19.499229883566038
23.816461405172856
29.08953114823717
35.530065916551884
43.39654698462057
53.00468385879379
64.7400848082885
79.07373267899554
96.58088708881753
117.96417161600941
144.08177255045157
175.98188092276
214.94476009079332
262.5341272142856
320.65991066077885
391.654902246119
478.3683802522579
584.2804610232427
713.6417682429055
871.6440253883753
1064.6284178226729
3.4
0.00012090325207548121
0.00042242484083931584
0.0012261402124579136
0.0030254398882043005
0.006468939875346976
0.012198261762900996
0.02064603903337019
0.031948614972633356
0.04605617979558661
0.06295851582008387
0.08287283853754147
0.10631683560970046
0.134096642742423
0.16727657731051856
0.207173623831082
0.25538582149412203
0.3138476039603335
0.3849051963147962
0.4714103858249794
0.5768349293551361
0.7054098840050905
0.8622954141623699
1.0537878870144515
1.2875725678725465
1.5730320568535967
1.9216228455661168
2.3473351063467547
2.8672541669975513
3.5022462049824648
4.277795680393171
5.225028116817747
6.381959277888931
7.795020873360165
9.520924026653843
11.62893529136898
14.203656561288042
17.348420441432413
21.18943734832718
25.88086077717123
31.61097402286875
38.60974664976209
47.15806397772585
57.598999996309146
70.35158612855058
85.92762843330401
104.95224817945319
128.18897015738162
156.5703656097286
191.23547959170577
233.5755448391876
285.28981684231314
348.45377091580383
425.6023983203358
519.83194436081
634.9241715822549
775.4981351793339
3.6
0.00007616468683383232
0.0002780766949899582
0.0008350633168602346
0.002113923528078233
0.004604855370328265
0.008795761732745303
0.015011936372784208
0.02334575823535833
0.03374375980579562
0.046184376505952224
0.06082244881918818
0.07804086933679084
0.09843635099827207
0.12279372054364865
0.1520813541967573
0.18747283089703537
0.2303882761669567
0.28255001334528224
0.34605147470545095
0.4234411968154775
0.5178251009565451
0.632991144606295
0.7735613454717104
0.9451772792889586
1.1547264960667947
1.4106189416512755
1.7231244783832436
2.104785050733519
2.570918037571115
3.1402309923615146
3.8355724429746836
4.6848488833329975
5.722144758999145
6.989090395656913
8.536532770253329
10.426576178719568
12.735074699429898
15.554676483708487
18.99854205145181
23.204885820125565
28.342523134640075
34.617645419898885
42.28209536665426
51.6434742629798
63.077487114016236
77.04302100301668
94.10056184126317
114.93468867256516
140.38154804841926
171.4624118967666
209.42466438019704
255.79186398507628
312.42488923792746
381.5966222938853
466.0831676792149
569.2752671125281
3.8
0.00004836643067028164
0.00018450542512303298
0.0005731649683379837
0.0014883940098804123
0.0033026925090416884
0.006389320564464482
0.010994541757693281
0.01718079342544641
0.024895905639116533
0.034113744337167455
0.044945803075159045
0.05767751943115775
0.07275357760557939
0.09075647485941546
0.1124029655133105
0.13856073069752123
0.1702794365028307
0.2088320545732226
0.2557658362685647
0.312964399028393
0.38272332201370846
0.467842275744177
0.5717373827058284
0.698578318341709
0.8534556547675118
1.042585163304986
1.2735572752107676
1.5556417123339141
1.900159513601286
2.3209373880618345
2.8348626292696517
3.462560861667894
4.229223819320369
5.165620378654254
6.309331421506933
7.7062580878698865
9.412463949806469
11.496425039451289
14.041778032615513
17.15067688225534
20.947892615291078
25.58582083201819
31.250597876644438
38.16957114235193
46.62042332045757
56.94231678181991
69.5495053536729
84.94795978970976
103.75567410536337
126.72746794311549
154.78528003979176
189.05516891244608
230.91250552723525
282.03717178587897
344.48098004408945
420.7500195858995
4
0.00003093536590336396
0.00012329092095032289
0.000396159775166756
0.001055177087014092
0.0023847442041208117
0.004671919645225338
0.008104263571820028
0.012723760217232842
0.018482107880094974
0.02535245660210976
0.03341585362768803
0.04288657051522883
0.05409795844067563
0.06748482632082382
0.08358079950250301
0.10303124198152772
0.12661669560408392
0.15528372204338323
0.19018282949191476
0.23271464166528627
0.2845861095251438
0.34787901720985
0.4251335313412278
0.5194501468305237
0.6346141206252722
0.7752473873618742
0.9469940538316404
1.156746916803472
1.4129240951602624
1.7258068785687604
2.1079523517335383
2.574697354295984
3.1447740020617463
3.8410614725807597
4.691504226876049
5.730233518784506
6.998937202016334
8.548532810100392
10.44121105578919
12.752931762723675
15.576472399877666
19.025151567142906
23.23737686863561
28.38219969583085
34.66609985348357
42.341272319186174
51.71574871334981
63.165759691999014
77.15083439241253
94.23224297423634
115.09552233847224
140.57798914194117
171.702344252473
209.71771732567925
256.1497987640738
312.8620710296994
4.2
0.00001991523661361714
0.00008291450810496938
0.0002755455148426071
0.0007526877237318246
0.0017323742983426363
0.0034363857562106246
0.006008336741540613
0.009476221996895748
0.013796757678760905
0.018944458283111674
0.024978770601771866
0.032061535090216885
0.04044394612472072
0.0504522227622884
0.06248573120117639
0.07702705286563805
0.0946597432871032
0.11609146167896287
0.14218233805467861
0.1739794908926768
0.2127590515835386
0.26007738006214337
0.3178335269962542
0.3883454493580257
0.4744430381758333
0.5795816919980358
0.7079809941696129
0.8647940595271522
1.0563143469911762
1.2902282381712362
1.575923518847973
1.9248661437787014
2.351060405722644
2.8716109768812736
3.5074093794521786
4.283972435770127
5.2324663479829905
6.390957507175878
7.805940231305556
9.534202745432674
11.645106292590437
14.223368844011347
17.372465128777762
21.21877943802437
25.91667787030679
31.65470358515275
38.66314370207375
47.223271531802624
57.6786350591573
70.4488447353978
86.04641391354134
105.09732781148784
128.3661664962541
156.78679016669724
191.49981824230898
233.89840642506198
4.4
0.000012896595642331085
0.00005608539062912641
0.00019274919600146135
0.000539923203838052
0.0012653631272913689
0.0025411088677649704
0.004477649819778527
0.007093416932885452
0.01035046467583299
0.014225687409608535
0.01876306103563848
0.024085492239440207
0.03038313990024468
0.03790186655517434
0.046941965002282426
0.057866031336557947
0.07111246595623362
0.08721289356876859
0.10681348082612221
0.13070086811667414
0.15983374016654142
0.19538130142361537
0.2387702003371108
0.2917417857692384
0.35642199343910475
0.43540666718813165
0.5318657393080548
0.64967045105368
0.7935487191475802
0.9692748836795138
1.1839014526486045
1.4460421438722817
1.7662175837278844
2.1572775368290804
2.634916612198423
3.2183041430350245
3.9308535193639127
4.801161849587721
5.8641576628581396
7.162502713593172
8.748304147477487
10.685205744179363
13.050942165697217
15.940458721290542
19.469721856116088
23.780373291857746
29.045414606355603
35.47615039449348
43.33066866293233
52.92419880923056
64.64176288320921
78.95362787431617
96.43417917700764
117.78497269344244
143.8628907351616
175.71453171873705
4.6
8.396517133466785e-6
0.00003813868470163817
0.00013553352769070292
0.00038927557859796404
0.0009288468549288976
0.0018881790600143932
0.003352638868370623
0.005334134889491813
0.007799914702761521
0.010729640251972594
0.014156105974907357
0.018173103893594954
0.022925178724457183
0.028598388675603003
0.03541949070485392
0.04366211300025459
0.053657049802900585
0.06580543243400366
0.08059481812746015
0.09861875686000021
0.12060061257926784
0.14742259433878002
0.18016116244496724
0.22013023058885992
0.26893389781588
0.3285308266531959
0.40131285111419
0.4902009693953471
0.5987625737905548
0.7313546226700979
0.8932985005177083
1.0910935837747546
1.332678083638111
1.6277476343480115
1.9881444130338963
2.428332407863345
2.9659779086737452
3.6226585172140155
4.424729132066875
5.404379663267318
6.600926926418742
8.062392564553813
9.847430325284787
12.027680041642498
14.690642790120359
17.94319261611119
21.91586576931216
26.768099558091436
32.694631175957994
39.93331314157855
48.77465917894339
59.57350354864716
72.76324179242735
88.87322441845197
108.55000159544768
132.58327148129916
4.8
5.493657432088719e-6
0.00002606057800841426
0.00009575537965460698
0.0002819676751159943
0.0006849189947769751
0.0014092045283382027
0.002521032815811441
0.0040278850118559365
0.005901813047631273
0.008125276057888889
0.010722916904698374
0.01376661889210834
0.01736665752752359
0.02166435453950668
0.02683159925409487
0.033075696543326705
0.04064723796119279
0.04985009576776706
0.06105361295314237
0.07470742600012477
0.09135951036804484
0.1116781726720066
0.13647887217399007
0.16675694802615684
0.20372756572591189
0.2488744859742555
0.304009613202422
0.3713457136584927
0.4535852214868334
0.5540286968993008
0.6767072892450414
0.8265445211885589
1.0095538869620484
1.233080195003457
1.5060943409085807
1.8395533409702762
2.246840075714981
2.7443003918887254
3.351899118681195
4.09402132642241
5.000450985076829
6.10756629953666
7.459799694716697
9.111421044779274
11.128715713737487
13.592644819859453
16.6020944911138
20.277844505154683
24.767415621012166
30.250990090042475
36.94864300981687
45.12917470806774
55.120898648658276
67.32481779366073
82.23071827012814
100.43682620245575
5
3.6106891783764315e-6
0.000017886868616728618
0.00006794744538089753
0.0002051121380973623
0.0005071483246216097
0.0010559712388812782
0.001903107814613186
0.0030530558739600934
0.004482173409043663
0.006175553447399917
0.008151846663922383
0.01046635756672205
0.01320349465188418
0.01647096061100397
0.020399511742384784
0.025146770284155698
0.030903257153111142
0.037900000243337006
0.046417803419286356
0.05679851603043051
0.06945875252297819
0.08490661264047832
0.10376207325061017
0.12678187019364365
0.15488986874883906
0.18921414159216315
0.23113224231355317
0.28232649147926764
0.3448514940635492
0.4212165979604315
0.5144866029252301
0.6284047617503604
0.7675430101433239
0.9374854545596428
1.1450524820021364
1.3985744860993368
1.7082261950517963
2.0864350192006733
2.5483798066403103
3.1126000236888287
3.8017398087679317
4.643456761186754
5.671531937714532
6.927225605002434
8.460933158957262
10.334207668932669
12.622230218990552
15.416827186449582
18.83015556150982
22.99920419641743
28.091291651410504
34.31078127510441
41.90728302568232
51.18567119005973
62.518320064349595
76.36004863960144
5.2
2.3830482080016943e-6
0.00001232725129439384
0.000048409202508489385
0.00014979116954380576
0.00037695198626802416
0.000794206824314663
0.0014417816754768893
0.002322185902260116
0.003415554807151425
0.004709359103828373
0.006217809529272661
0.007983602058758633
0.010071538157157535
0.012563951048649267
0.015560627544663487
0.019181808481398634
0.02357282281169235
0.028909897292485567
0.03540722746117523
0.04332557399110112
0.05298272793168396
0.06476626477913225
0.07914909924197436
0.09670846496872938
0.11814908096109379
0.1443314344220164
0.176306315128371
0.21535698731422476
0.2630506915706534
0.32130154371352093
0.39244735497181205
0.47934345656122385
0.5854772941514835
0.7151083913062554
0.8734392991200146
1.0668243928608507
1.3030248953617012
1.5915203621441427
1.9438891292664422
2.3742729926038777
2.8999447677724213
3.5420015088683794
4.326211207326056
5.284046951891868
6.453950054183743
7.882872833505972
9.628162978420665
11.759865110147464
14.363531920570342
17.543657700747602
21.427872064416164
26.17206217221222
31.966629031688118
39.04412895647907
47.688606869518416
58.24699602235802
5.4
1.5789012437958893e-6
8.527989121329376e-6
0.00003461751742716299
0.00010978772482035631
0.00028116666902201396
0.0005993655180097951
0.0010958767220221202
0.001771905005888484
0.0026108486291421935
0.0036022661317573405
0.0047570534049352535
0.006108274215851649
0.007705811848876417
0.009612783012258364
0.011905565555721823
0.014676161232558032
0.01803576282376197
0.02211920290547781
0.027090364265588678
0.03314875706440524
0.04053752587738374
0.049553207940726096
0.06055763423191435
0.07399245101699728
0.09039684466653015
0.1104291810974116
0.13489342830890624
0.16477142244133436
0.20126227230804303
0.2458304838423024
0.3002647358624872
0.3667496660338208
0.44795354804852017
0.5471353788179952
0.6682756734620534
0.8162362173571847
0.9969551866546061
1.217685468138044
1.4872857430446342
1.8165760170325302
2.218771865014959
2.710014818576859
3.3100201823156716
4.042868278240198
4.937970873643352
6.031251578597784
7.366587586601441
8.997570620218275
10.98965775547721
13.422798443769032
16.39464316425137
20.02446248041146
24.45793378656723
29.872987853210166
36.4869498134869
44.56526118438349
5.6
1.0498721072149033e-6
5.920479095002989e-6
0.000024840479107716824
0.00008073808619734399
0.0002104041527169968
0.0004537472622131072
0.0008354859826927453
0.001355988474796938
0.0020014397021334823
0.0027631964036775526
0.0036496616625524766
0.004686511074930424
0.005912238596058772
0.007375354923211393
0.009134480014429512
0.011260204395823047
0.013837840332728602
0.016970837390365145
0.020784933741135728
0.025433202463794272
0.031102194903344274
0.03801942763157984
0.04646251348599823
0.05677030314745428
0.06935648440829938
0.08472618491561314
0.10349624471741141
0.1264199722196369
0.15441737709768338
0.18861209351488392
0.2303764755067805
0.2813866743674332
0.34368990848608316
0.41978662540939876
0.5127308535812087
0.6262527712273674
0.7649084115055033
0.9342625121129519
1.1411118477496685
1.393758008552035
1.7023405720538898
2.07924404003543
2.5395948720645913
3.10186856343228
3.7886311316493995
4.627444769965953
5.651974014961856
6.903336822605
8.431754776198863
10.298568654860679
12.578700254369293
15.363659261897782
18.765215861072903
22.9198864618955
27.994412583562173
34.19245277740012
5.8
7.0043782342269e-7
4.123735232758136e-6
0.000017881970718810903
0.000059560312389658255
0.00015792675110590194
0.0003445087039482344
0.0006387535003084618
0.0010405110765375032
0.0015383257483289482
0.00212508127374087
0.0028072932104368747
0.0036049496651282256
0.00454782252321147
0.005673285769675026
0.007026443767005139
0.00866159791456432
0.010644372407093714
0.013054342939340928
0.0159882300906571
0.01956378105399618
0.0239244952441171
0.029245383432988385
0.0357399915465849
0.04366897101247121
0.05335053961727511
0.06517325270338681
0.07961159725931599
0.09724503474849348
0.11878125693262791
0.14508458802677082
0.17721067306494134
0.21644884464208655
0.2643738683581637
0.32290914369106655
0.3944038967711972
0.48172746307476527
0.5883844439313713
0.7186553584808506
0.8777684359362783
1.0721094427798494
1.3094779659937552
1.599400437871983
1.9535124651978506
2.386025806999604
2.9142987423410975
3.559532719009668
4.3476232420591785
5.31019915135313
6.485891997964728
7.921886463966095
9.675814049396458
11.8180660267164
14.434618489732866
17.63048287612576
21.53392044514022
26.301589852408757
6
4.6876793210629247e-7
2.881065192990286e-6
0.000012911247187507061
0.00004406530399494165
0.00011887126744530803
0.00026227727283654665
0.0004896164210173241
0.0008004349159263465
0.0011852610857989532
0.0016382616459074233
0.0021645136556642905
0.002779612641187491
0.003506632276678107
0.00437443044446651
0.005417793366742152
0.006678591518303895
0.00820742500139693
0.010065651268059417
0.012327847463013132
0.015084803462665781
0.018447165591605107
0.022549877248131938
0.027557594656623653
0.03367129509995193
0.041136342843571365
0.05025233646501291
0.0613851327967284
0.07498153004536101
0.09158719937274869
0.11186858459544201
0.1366396489151728
0.16689454212022145
0.2038474993070405
0.24898157239816765
0.30410815022322923
0.37143965591288863
0.4536783392074229
0.5541247272270449
0.6768100862141705
0.8266582104024669
1.0096830311680614
1.2332299772120108
1.506270772405623
1.839763502571275
2.2470924019429135
2.744605009481094
3.3522682530115686
4.0944697921475885
5.000996780701031
6.108231329754709
7.460610649276201
9.112410470644154
11.12992331979226
13.59411907157514
16.603894553888615
20.28004262489207
6.2
3.1464013147058193e-7
2.0186352354274184e-6
9.348324314055353e-6
0.000032689972222257987
0.00008970898802292112
0.0002001773344488252
0.0003762081404765454
0.0006171864940842252
0.000915300113313179
0.0012657847176767158
0.001672614386286984
0.002147982170119973
0.0027098045914486007
0.0033804099355971592
0.004186685091845083
0.005160986707823567
0.006342416843677098
0.007778390437226794
0.009526538150807945
0.011657019290324212
0.014255337544526292
0.017425772548280462
0.021295564990439567
0.026020023229454937
0.03178875636316473
0.038833283907639404
0.04743632748822808
0.05794315745114234
0.07077544977482064
0.08644820940742237
0.10559043922378172
0.12897038411937378
0.15752636337541073
0.19240442870627966
0.23500435933890237
0.2870358400680677
0.3505870769103571
0.4282086041437793
0.5230156462038784
0.6388131425786304
0.7802484533901408
0.9529978742743355
1.1639944460556533
1.4217062020188906
1.7364760198182045
2.1209367174736733
2.590518052715278
3.164065973338172
3.8645989712602797
4.720231895426423
5.765304299283131
7.041758608294152
8.600823415416306
10.505069465738487
12.830920839521381
15.671722119017002
6.4
2.1176749808744445e-7
1.4181667709224195e-6
6.786339346818101e-6
0.000024312804469322185
0.00006786704967368681
0.00015314061095170707
0.00028972021063331817
0.0004769228727171779
0.000708318146143424
0.0009800266467695608
0.0012951719151259047
0.0016633044560778155
0.0020983608219844203
0.0026176504090938495
0.003241996750985197
0.003996455853338395
0.00491130676249061
0.006023265656802491
0.007376959351045391
0.00902671632630537
0.01103874712268651
0.013493801600776146
0.016490409717058785
0.020148835877033793
0.024615905568116256
0.030070897981966816
0.03673274111790925
0.04486879813230197
0.05480559756080153
0.06694193805491686
0.08176489357225461
0.09986936136466379
0.12198193729374955
0.14899007667406522
0.1819777109709527
0.22226874977618613
0.2714802139484522
0.3315871323381542
0.40500180662997554
0.494670625479653
0.6041923134362018
0.7379623603940475
0.9013494280361005
1.1009108130777407
1.3446556146082407
1.6423661673590633
2.005990641144751
2.4501225628704515
2.9925865060079575
3.6551534533154975
4.464414542749676
5.452848263548114
6.66012393134248
8.134693757782893
9.935737407570175
12.135537086262817
6.6
1.4289655440134315e-7
9.988283479653883e-7
4.938603682449129e-6
0.000018125503710360708
0.00005146109237505495
0.00011741442803899907
0.00022358544172710896
0.00036928215692354894
0.000549220710244855
0.0007602503403012028
0.0010048352429836505
0.0012904686462525499
0.0016280089754689303
0.002030899037201381
0.00251529695990199
0.0031006426074479503
0.003810427930372489
0.004673139105466067
0.005723399761368868
0.007003360545913309
0.008564390779629059
0.01046914008695152
0.01279405274560878
0.01563243566390594
0.01909820311460271
0.023330448514637184
0.02849902673231616
0.03481137095962465
0.04252081773457463
0.05193677422592414
0.06343713582933845
0.07748345243647806
0.0946394520527483
0.11559366518154982
0.1411870579709743
0.17244678313815853
0.21062740321440118
0.2572612405446118
0.3142198747633601
0.38378925585717444
0.4687614473640147
0.5725466816866509
0.699310224693187
0.8541395424612739
1.0432484791557433
1.2742266404125941
1.5563439908623946
1.9009228903599038
2.3217925000405284
2.835843795114211
3.4637074589822543
4.2305818651350195
5.167244376089654
6.3112865472823865
7.708622808047638
9.415333168907617
6.8
9.665762743604516e-8
7.051544127771287e-7
3.6022711836160585e-6
0.000013543085583613756
0.00003910526750669497
0.00009020874677011252
0.00017288771777311068
0.00028647714558792425
0.0004266417430901592
0.0005908280976225449
0.0007809867779114897
0.0010030058903674895
0.001265358478869976
0.0015785021085116104
0.0019549970221418886
0.0024099528450595943
0.0029616285377883985
0.0036321647827229197
0.004448472553785832
0.005443313148077003
0.006656613011767353
0.008137066128577492
0.009944088280304766
0.012150201610776717
0.014843945194144038
0.018133428418785544
0.022150669796650202
0.027056895329727028
0.03304900907560293
0.04036749559861741
0.04930607145989271
0.06022347309421446
0.07355785416276366
0.08984437019800828
0.10973665627427939
0.13403305967837162
0.16370868038934958
0.1999545052645165
0.24422520652383578
0.2982975228538194
0.36434156616956953
0.4450079158257123
0.543533995672764
0.6638740032433602
0.8108576055838927
0.9903837707506673
1.2096575141109458
1.4774790609081132
1.8045970302003678
2.2041398146845257
2.6921424691877895
3.288190253740986
4.016204658791931
4.905403458651242
5.991473323345963
7.318002049993095
7
6.553038552175628e-8
4.989404321209782e-7
2.633265182971059e-6
0.000010140541028142249
0.000029776412591567483
0.00006944128605622656
0.00013393303708754338
0.00022263396107983138
0.0003319915878520514
0.00045994047166281063
0.0006080292720347424
0.000780891275509983
0.0009851475743201602
0.0012289463274296644
0.0015220672839506347
0.001876274152818429
0.002305782491593022
0.002827829977907199
0.0034633682104209416
0.004237903569927836
0.005182520879983497
0.006335130950021212
0.007741992069236425
0.009459566514163185
0.011556786578097935
0.014117821066046038
0.017245453284398877
0.021065206095946806
0.02573037959309073
0.03142820356878939
0.03838735170561016
0.046887119053512075
0.05726863112087283
0.06994853443891658
0.08543571804995688
0.1043517370114947
0.12745575758310407
0.15567502523404209
0.19014207825970994
0.2322402005200594
0.2836589374779312
0.34646190359087603
0.42316960240521584
0.5168605832132488
0.6312949940462683
0.7710654896174327
0.9417815506815084
1.1502946121937458
1.404973035451645
1.7160379598171605
2.0959735129341683
2.5600278425749385
3.1268250784117844
3.819112783672801
4.664674894757124
5.697446788149654
7.2
4.4523247088240104e-8
3.5377774075777033e-7
1.928883441781311e-6
7.60797169035672e-6
0.000022716412680076144
0.00005355245132728001
0.00010393600023776582
0.00017330677403574066
0.0002587569753209364
0.00035861857226538916
0.00047412444457448554
0.0006089251447197428
0.0007682014913984565
0.0009583117169325827
0.001186882520746583
0.0014630870919106313
0.001798010485373679
0.0022050943528586914
0.002700676399336247
0.003304646072435689
0.004041242795820796
0.004940028782370682
0.0060370754695739295
0.007376411192977187
0.009011788197894718
0.011008839905731064
0.013447715013636329
0.016426294143169526
0.020064118133305987
0.024507185634023543
0.029933812544799616
0.03656178845774395
0.044657117318644156
0.0545446930993155
0.06662133893346986
0.08137173302241134
0.09938786047296118
0.12139277173897202
0.1482696011736847
0.18109701031337772
0.2211924783516785
0.27016517720570093
0.3299805532352934
0.4030392075064691
0.49227324034154935
0.6012639268001186
0.7343854458220149
0.8969804313869458
1.095574391175346
1.3381375981042263
1.6344049653740564
1.9962667426705218
2.4382457137275737
2.978080046537883
3.6374351883640417
4.442773376200451
7.4
3.031225191501777e-8
2.513508026307954e-7
1.4156703872726734e-6
5.71864977710571e-6
0.000017361652269191633
0.000041370257355596034
0.00008078949486833709
0.0001351199170091612
0.00020198368946492694
0.00028003562057355086
0.0003702595578512114
0.0004755351446618423
0.000599921302517553
0.0007483865221074466
0.0009268872198452315
0.0011425871586533984
0.0014041431320601832
0.0017220522996383772
0.0021090734725371318
0.0025807391693469573
0.003155978990612166
0.003857879330166594
0.004714609913172804
0.005760554346110085
0.007037690051638343
0.008597272969946302
0.010501894639605245
0.012827994215806654
0.015668926242035735
0.0191387072956849
0.02337659187366948
0.02855266116432619
0.03487464900270059
0.04259627895875134
0.052027447155096704
0.06354665948653343
0.07761622239052655
0.09480079682828342
0.1157900601108403
0.14142638507212196
0.17273864744806686
0.21098351827263187
0.2576958984988743
0.31475051996350983
0.38443718495833334
0.46955266403604573
0.573512940232752
0.7004903044615162
0.855580804196602
1.0450087657520686
1.2763765983517945
1.5589699055055926
1.904130148881943
2.3257098209873477
2.84062839433003
3.46955135925997
7.6
2.0677144708239958e-8
1.789173996991595e-7
1.0409228603600786e-6
4.306172187735175e-6
0.0000132917981738383
0.000032011267731926976
0.00006289469159034264
0.00010550269730112
0.00015789245154852543
0.00021898045225197268
0.0002895534920190098
0.0003718855641740298
0.0004691603879743359
0.0005852656394003038
0.000724859716026844
0.0008935449595523798
0.001098091299766737
0.0013467078995015684
0.0016493726158557272
0.002018232446623361
0.0024680910319685614
0.0030170027764837345
0.003686997435833487
0.004504964248207343
0.0055037310938670465
0.006723381993235098
0.008212865819382147
0.010031960788191496
0.012253673568037148
0.014967169293730879
0.01828135007647841
0.022329225627969195
0.02727325140713932
0.033311848528158765
0.040687367096446714
0.049695812569350746
0.06069872549441938
0.07413769140141582
0.09055206317936507
0.11060060720256122
0.13508794193786777
0.16499683010907654
0.20152762041573785
0.24614642174113052
0.3006439432497124
0.3672073618333887
0.4485081011999372
0.547809045486396
0.6690954902562438
0.8172350864036935
0.9981731960755266
1.2191715009296817
1.489099438917635
1.8187901659721133
2.221475328592476
2.713316096278176
7.8
1.4130620206329959e-8
1.2758672548640512e-7
7.667152796668911e-7
3.248047871992744e-6
0.00001019245126268871
0.000024807623781113122
0.00004903500107310089
0.00008249203540215177
0.0001235924799936704
0.00017146455783181847
0.00022673866237427496
0.00029121231509824893
0.00036738552784949856
0.0004583041062610215
0.0005676160741013361
0.0006997084687746554
0.0008598826211492113
0.0010545668823637977
0.0012915746154059421
0.001580417772784077
0.0019326886446098842
0.002362525097875301
0.0028871779787057036
0.0035277034493898054
0.004309808046107285
0.005264880372477839
0.006431250834440735
0.007855729974046004
0.009595487140849866
0.011720344898654114
0.014315581250164041
0.0174853521426583
0.02135687161187299
0.0260855173279345
0.031861066446829706
0.03891531203402826
0.047531365734080684
0.05805502003498654
0.07090862613489757
0.0866080443786754
0.10578334754483923
0.12920410787850317
0.15781028272772962
0.1927499383322944
0.23542532575307681
0.287549158130716
0.35121334787771463
0.4289729624687536
0.5239487682698943
0.6399524778240229
0.781639727393029
0.9546969237189603
1.1660694597619958
1.424240457572854
1.739571225793544
2.1247170953541823
8
9.673656820207909e-9
9.113816176969646e-8
5.656801263726377e-7
2.4538585692063384e-6
7.82779865257177e-6
0.000019253068456293955
0.00003828223865066631
0.00006458498217531061
0.00009686702748797126
0.0001344276204854485
0.00017777268566561145
0.00022832442507826346
0.00028804803764886553
0.0003593326124674555
0.0004450384888472256
0.0005486053228344817
0.0006741896147140344
0.0008268315030728912
0.0010126570428548635
0.0012391240654410593
0.0015153214876355515
0.0018523340817844865
0.0022636873466204597
0.0027658903330211692
0.003379098210187534
0.004127921163347293
0.0050424120869032255
0.006159272712619232
0.0075233265789663726
0.009189317957117044
0.011224108930771085
0.013709362806336589
0.016744821548158123
0.020452308773763462
0.024980618963386807
0.030511489104913244
0.03726689243732446
0.045517947016180026
0.055595796633146975
0.06790490077908436
0.08293926702356472
0.10130227727321943
0.12373090360626919
0.1511252855497077
0.18458485583912446
0.2254524645147533
0.2753682722086538
0.3363355755498712
0.4108012064922091
0.5017537322567032
0.6128433971046091
0.7485286193021938
0.9142549232546228
1.1166734874440247
1.3639080795911094
1.665881091978268
8.2
6.633493711160451e-9
6.520801745351634e-8
4.18016884786468e-7
1.8566858183074176e-6
6.020510994715486e-6
0.000014962865784051041
0.00002992649761872589
0.000050628090249162083
0.00007601220683031155
0.00010551604374936672
0.00013954622731293282
0.00017922897455324087
0.00022611062329223867
0.0002820672658838578
0.00034934427171172156
0.00043064169002490657
0.0005292222714457628
0.0006490424008455938
0.0007949108807337727
0.0009726819253867965
0.0011894901110236149
0.001454036711399402
0.001776938910472038
0.002171155907277258
0.002652509014088508
0.0032403166212257822
0.003958169511893662
0.004834877643152368
0.005905626390637422
0.007213388661238318
0.008810649546740556
0.010761512734842401
0.013144273215227566
0.016054559532413377
0.019609171695016844
0.023950768770213206
0.02925359429301127
0.03573046927112422
0.043641333439274226
0.05330367755345728
0.06510528540976687
0.07951979696973238
0.09712571719503818
0.11862963348290449
0.144894573499335
0.17697464150964815
0.21615732328385642
0.2640151574212866
0.3224688468461282
0.3938643433519628
0.48106699892404936
0.5875765622959024
0.717667636233933
0.8765612323160153
1.0706343084661818
1.3076756986671247
8.4
4.555983802878287e-9
4.672769531955116e-8
3.0936432821588677e-7
1.4068808145157896e-6
4.636911811604296e-6
0.000011643930624158425
0.00002342355252465588
0.000039734136096803345
0.000059715441510338624
0.00008291580124348069
0.00010966245279254386
0.00014084794237693906
0.00017769017646117422
0.0002216639899928227
0.0002745339659484226
0.00033842195404027743
0.0004158920034285813
0.0005100532592106527
0.0006246847432032686
0.0007643870193572218
0.0009347668305429872
0.0011426621168277808
0.001396416446019046
0.0017062138703395242
0.0020844876482012144
0.002546419234517453
0.00311054756579732
0.00379951309276833
0.004640966421146935
0.0056686780275438135
0.00692389358726488
0.008456989308082249
0.010329493704336482
0.012616556952258091
0.015409966930409944
0.018821832989542958
0.02298908529448442
0.028078970312446893
0.03429576300099965
0.04188896507937402
0.05116331840851599
0.062491035351987356
0.07632673696504134
0.09322569853385322
0.11386613472245809
0.13907641870859175
0.16986832770792823
0.20747764914633754
0.253413777148429
0.30952028982215596
0.37804893852885296
0.4617500185571208
0.5639827481443682
0.6888500856923907
0.8413633958959517
1.0276435734040708
8.6
3.1338528978013547e-9
3.3534309589755474e-8
2.292819460709376e-7
1.0675215740686612e-6
3.5759990017161153e-6
9.072492058403162e-6
0.000018355277721062862
0.00003121922336133684
0.000046963500463789304
0.00006522587784184536
0.0000862700000514849
0.00011080375429759433
0.00013978723792889745
0.00017438103701585564
0.00021597336440549544
0.0002662334613144778
0.0003271784418354444
0.00040125424202894005
0.0004914337838542127
0.0006013362889662035
0.0007353725307898102
0.0008989218543421957
0.0010985480682375165
0.0013422628733749528
0.00163984740062654
0.002003244761959633
0.002447039369458186
0.0029890422589931307
0.0036510059096200058
0.004459497246950756
0.005446963867158737
0.006653036272943162
0.008126118384755588
0.009925330160085141
0.012122880284936837
0.014806964161942826
0.018085303501545066
0.022089469572471928
0.026980163618730398
0.032953666364788345
0.04024971545023587
0.04916112694303782
0.06004554707648836
0.0733398058483341
0.0895774485423979
0.1094101487742229
0.13363386244144596
0.16322077222876066
0.19935830471262087
0.24349678595826407
0.2974076482012807
0.3632545236348814
0.4436800785750934
0.541912072934948
0.661892901564014
0.8084378163964583
8.8
2.1587490668294924e-9
2.4100005919223606e-8
1.7016274703945468e-7
8.11089918884395e-7
2.761291935957209e-6
7.077337072738097e-6
0.000014399766667636354
0.000024555132238681473
0.00003697270444423521
0.00005136215630131059
0.0000679361061019298
0.0000872563792300323
0.0001100804886204643
0.00013732262117030201
0.0001700759957288699
0.0002096551172135272
0.00025764843470117075
0.000315982088538581
0.0003869972130773526
0.0004735438946159904
0.0005790955553713721
0.0007078883541062581
0.000865091198055577
0.001057013189324046
0.0012913568313059
0.0015775271571890081
0.001927009186962655
0.0023538288615989446
0.002875115953304215
0.003511791543432176
0.00428940765893468
0.005239172764922067
0.006399204269949076
0.007816058311459304
0.009546598217050537
0.011660276629471895
0.01424192288504213
0.01739514751277208
0.021246500488695162
0.025950550130752672
0.03169608646811087
0.03871369804795904
0.04728502626347718
0.057754068611936896
0.0705409845220828
0.08615895782729599
0.1052347926347383
0.12853406917503166
0.15699186922504899
0.19175030422337197
0.23420435221095923
0.28605784319896627
0.34939183985251226
0.42674815783730147
0.5212313778105039
0.6366334431427467
9
1.4891050429142566e-9
1.7343260979837425e-8
1.264526137730469e-7
6.170334726972252e-7
2.1347586820387735e-6
5.5272027572674675e-6
0.000011308707818005033
0.00001933311453537628
0.000029135807652828102
0.000040484219552882325
0.00005354996448422684
0.00006877923661159811
0.00008677020144376396
0.00010824362906392298
0.00013406125545110047
0.00016525923076300323
0.0002030896392700149
0.0002490707480971777
0.00030504794059212764
0.00037326777803878204
0.00045646816205054103
0.0005579882161738258
0.000681902296641335
0.0008331835105943853
0.001017903304333941
0.0012434751317769034
0.001518951982394732
0.0018553897094695318
0.0022662907402998126
0.0027681459760247364
0.003381096629387407
0.004129742562322885
0.005044129564794024
0.006160955197840505
0.0075250415955572724
0.009191134334716905
0.011226099566990265
0.013711607592396029
0.016747410575204333
0.020455345948542543
0.02498422617838092
0.030515811130343053
0.03727210273122992
0.045524254709316446
0.05560345482772762
0.06791421684870882
0.08295061485481782
0.10131611229441446
0.12374778106538688
0.15114588279944013
0.18460999951785084
0.22548316372663638
0.27540575902132586
0.336381354440748
0.41085711472892367
0.5018220136483463
9.2
1.0285428896780182e-9
1.2496978377114527e-8
9.408821862635827e-8
4.6997191983591584e-7
1.652279802333289e-6
4.321263188184874e-6
8.890207245617465e-6
0.00001523631024879025
0.0000229814624385223
0.000031939457779680625
0.00004224891696571991
0.00005426442042994025
0.00006845867683131906
0.00008540046622269584
0.0001057696773253586
0.0001303837969742124
0.00016023067620423733
0.00019650817507852502
0.00024067223700564245
0.00029449532086118536
0.00036013753598636983
0.00044023333495933826
0.0005379972434280326
0.0006573528703119325
0.0008030903760044139
0.0009810587183271006
0.0011984003917466502
0.0014638380807571786
0.0017880247318320228
0.00218397109357592
0.0026675678837477213
0.0032582235395604508
0.0039796431464145425
0.004860779806209087
0.0059369966269823115
0.007251485968605402
0.008857002903842814
0.010817982464657948
0.013213125646292546
0.016138557954543734
0.019711687259827085
0.024075915787287752
0.029406395351554555
0.03591705682621052
0.043869195880017586
0.05358195981175433
0.06544515592975819
0.07993489594875176
0.09763270401262668
0.11924885530131869
0.1456508818623882
0.17789838972806393
0.21728558461579875
0.26539321295892
0.32415200279523004
0.39592015067863345
9.4
7.113270097689239e-10
9.016050880290289e-9
7.009124822738462e-8
3.583737581108039e-7
1.2802508612722584e-6
3.381932306243278e-6
6.995712634397923e-6
0.0000120186788536651
0.00001814320865180303
0.00002522028342290211
0.00003336194534988086
0.00004285013575800215
0.000054058700094786264
0.00006743686005511505
0.00008352149869500917
0.00010295814834846662
0.0001265268700057426
0.00015517355922241925
0.00019004790822191802
0.0002325495470817736
0.0002843842158030578
0.00034763222164521364
0.0004248319291612956
0.0005190816336807068
0.0006341639067793397
0.0007746974041571336
0.0009463222285106249
0.00115592628665771
0.0014119217254203525
0.001724582540617564
0.0021064569085898228
0.002572870788575657
0.003142543007269107
0.00383833651106116
0.004688175936355696
0.005726168323278403
0.006993971950954953
0.008542468230524467
0.010433803754825277
0.012743884459377039
0.01556542199409693
0.019011654567346173
0.02322089159282436
0.028362064538187872
0.03464150670681959
0.042311234180358086
0.05167906004637398
0.0631209480491701
0.07709610133061273
0.09416539186188594
0.11501387020376362
0.14047825899868444
0.1715805335789739
0.2095689374340348
0.25596807859350706
0.31264011751230486
9.6
4.925421878593863e-10
6.5124239893148375e-9
5.227474247126751e-8
2.7357767566089124e-7
9.930313595040852e-7
2.6494053054030908e-6
5.510034868443528e-6
9.488867904628197e-6
0.000014335693645519743
0.000019931303754008182
0.000026366308136024266
0.000033865013353121284
0.00004272329113270745
0.000053296224449221964
0.0000660081228171471
0.00008136915892791994
0.000099995825092986
0.00012263567482824174
0.0001501973247973459
0.000183786920789106
0.0002247525312319372
0.0002747382499127523
0.0003357501792337202
0.0004102369421464586
0.000501187953986726
0.0006122533982114318
0.000747890721073294
0.000913543524594798
0.0011158600374267676
0.0013629599316110478
0.0016647601935278267
0.002033373127380383
0.002483592464492019
0.0030334870876883276
0.0037051261990091685
0.004525465034276715
0.0055274266713552685
0.006751223348866721
0.008245970324521176
0.010071657042864272
0.012301554722323972
0.015025156986480638
0.018351771557405472
0.022414907161509085
0.02737763168768598
0.03343911670599956
0.04084263089043351
0.04988530326070288
0.06093004801000828
0.0744201295267239
0.0908969521464908
0.11102178861739095
0.13560231928895097
0.16562504716683973
0.20229488973576315
0.2470835365356603
9.8
3.4144724320518514e-10
4.709374339743232e-9
3.903007122171241e-8
2.0906707058346808e-7
7.710246387363002e-7
2.07750877831778e-6
4.343715745007572e-6
7.497833921789737e-6
0.000011336396473698266
0.000015764078309561882
0.000020854191725478844
0.00002678528347269211
0.00003379167662974311
0.000042154261493618097
0.00005220864514799595
0.00006435834505136583
0.00007909097131913983
0.00009699779597322534
0.00011879748276202012
0.00014536492966028204
0.00017776638159682127
0.00021730222260692546
0.0002655591648098814
0.00032447392873838045
0.0003964109707324316
0.0004842573768750106
0.0005915387318945892
0.0007225606132588316
0.0008825813891152292
0.001078023255070311
0.0013167299794477696
0.0016082817012530073
0.001964379414789598
0.002399314571645638
0.00293054264682668
0.003579383688258026
0.0043718779651677345
0.005339831055524326
0.00652209031555763
0.007966103960566608
0.009729825328400644
0.011884038750399764
0.01451520037513965
0.017728907957260395
0.021654138866127704
0.026448426400523726
0.032304182153100255
0.03945641816315664
0.04819217877498376
0.05886206073594461
0.07189428387163119
0.08781187705758858
0.10725366919806092
0.1309999276772012
0.16000367322558764
0.1954289279917496
10
2.3696810196587866e-10
3.4092471722775587e-9
2.917206107449782e-8
1.5993101462014504e-7
5.992294198670512e-7
1.6305387633655657e-6
3.4271773890342824e-6
5.929322434555899e-6
8.971552867168163e-6
0.000012477668580001038
0.000016507010654787524
0.000021201771778688435
0.000026747653319937893
0.00003336702072326434
0.00004132552398948791
0.00005094256563840626
0.00006260411131788766
0.00007677817980252831
0.00009403362622906993
0.00011506297225062288
0.00014071019936218675
0.00017200462084171649
0.00021020219170350227
0.0002568359145890782
0.00031377736453919614
0.00038331180187506543
0.0004682298877192949
0.0005719396830245867
0.0006986034260258515
0.0008533045774765797
0.001042251837777046
0.0012730283239219225
0.001554895906886442
0.0018991669216430298
0.0023196581736675444
0.0028332454530703975
0.0034605408207110614
0.004226719842266595
0.0051625319721122455
0.006305534636877989
0.0077016005468553686
0.009406758728932544
0.011489443168170431
0.014033239303918879
0.01714023860697797
0.020935135868796587
0.025570233641276894
0.031231554672961088
0.03814630765509886
0.04659200590471741
0.05690760494591547
0.0695071059901799
0.08489617125387125
0.10369241796065513
0.12665020548891015
0.15469091046261607
10.2
1.64635506541704e-10
2.470643812151674e-9
2.1826159805013586e-8
1.2246288497230894e-7
4.6614477851432136e-7
1.2808464052385414e-6
2.706228145043154e-6
4.692532029274107e-6
7.105294003104916e-6
9.88362162240432e-6
0.000013075564033236172
0.000016794415395718605
0.000021187438336925614
0.000026430793257686086
0.000032734908816181784
0.00004035279120622426
0.00004959017279564454
0.000060817782142281494
0.00007448622263196463
0.00009114405677472478
0.00011145982194441671
0.00013624886113119793
0.00016650604551622953
0.00020344570215088321
0.0002485503491591705
0.0003036301943984528
0.00037089578545699485
0.0004530467266895053
0.0005533800238188385
0.0006759224043531132
0.0008255919242986219
0.001008395347016097
0.0012316692157255443
0.0015043742947459943
0.0018374551964310218
0.0022442796268889874
0.0027411748789796177
0.003348083103878887
0.004089361659653942
0.004994760657553587
0.006100616938435035
0.007451312397775193
0.009101055186969697
0.011116055276789844
0.01357718169598406
0.016583208089358314
0.020254776850950527
0.024739240926916456
0.030216577605007313
0.03690661164370516
0.04507783759385648
0.055058195444637095
0.06724823200173845
0.08213717623368327
0.10032257375091953
0.12253426840937388
10.4
1.145003360249942e-10
1.792259381766146e-9
1.6346062187755414e-8
9.386089361563121e-8
3.6294062591986755e-7
1.0069907550611254e-6
2.1386036668658774e-6
3.7164505683116892e-6
5.6312496139588776e-6
7.834355483024095e-6
0.000010364685660009145
0.00001331254960902037
0.000016794799563671683
0.00002095108754928872
0.000025948216303789045
0.00003198673808931332
0.00003930899998742721
0.00004820887007831241
0.00005904353139823045
0.00007224781694905394
0.00008835166107338886
0.00010800136758028058
0.00013198554818664773
0.00016126677227455686
0.00019702019817988795
0.00024068073642281252
0.0002940006377059129
0.0003591198168864864
0.00043865173527378725
0.0005357882880083669
0.000654427906021006
0.0007993320137545003
0.000976316121845026
0.001192483223983605
0.001456508864993239
0.0017789893209024061
0.002172866864718932
0.002653949185267519
0.00324154380526852
0.003959232959999892
0.004835820035241359
0.00590648554820463
0.0072141990917239255
0.008811443721646727
0.010762322553624722
0.013145131178758904
0.016055500073781943
0.0196102325614555
0.023951992537031102
0.0292550300765289
0.03573217469287242
0.04364337694405095
0.05330614115430011
0.06510826797963438
0.07952341820958983
0.09713012243801497
10.6
7.971186393489264e-11
1.3014105948660549e-9
1.2253458180763016e-8
7.200421043008175e-8
2.828281024640781e-7
7.92322788326335e-7
1.6912998001879487e-6
2.9454745207219007e-6
4.466044833965022e-6
6.214160138103983e-6
8.221349626659445e-6
0.000010559632089288906
0.000013321784195069236
0.000016618588757480895
0.00002058235567632222
0.000025372164798220975
0.0000311802479811942
0.000038239703996940446
0.00004683385360276365
0.00005730761019848271
0.00007008132241216307
0.0000856676441664311
0.00010469210928056331
0.00012791823633915157
0.0001562781713734191
0.0001909100981546057
0.00023320391750570409
0.0002848570289008311
0.0003479424530665248
0.00042499202958262087
0.0005190980284940999
0.0006340372539658493
0.0007744226206950449
0.0009458882863749823
0.0011553157702254358
0.001411110132523676
0.0017235372991865473
0.0021051360694139642
0.002571221341741102
0.0031404987546764405
0.003835815409689467
0.00468507680554721
0.005722366799612899
0.006989315434153738
0.008536769853800351
0.010426834822308205
0.012735365283337352
0.015555010670090123
0.018998933251837994
0.023205349736045017
0.028343078383763372
0.03461831428648535
0.04228290469468037
0.051644456533599906
0.06307868174923018
0.07704447594773205
10.8
5.5546454017477105e-11
9.458780490202193e-10
9.193881555821256e-9
5.528528844736425e-8
2.2058082079035683e-7
6.238980066478157e-7
1.3385123764251303e-6
2.336014918460809e-6
3.5442552741400064e-6
4.9322134593307755e-6
6.525438399325043e-6
8.38138633939329e-6
0.000010573760866791608
0.000013190499185702539
0.000016336618575222105
0.000020138383830033654
0.000024748373138630482
0.000030351601558712644
0.000037172946321014066
0.000045486171942271305
0.00005562491735636812
0.00006799608601627942
0.00008309617635845255
0.00010153120802843499
0.000124041043576846
0.0001515290817414931
0.00018509851401126034
0.0002260965995732658
0.00027616873555509007
0.0003373244925889617
0.0004120182659370587
0.0005032477789914645
0.0006146743924935841
0.0007507700475245124
0.0009169967407483917
0.0011200257329723332
0.0013680052905397512
0.0016708877038075051
0.0020408287075137036
0.0024926753330826294
0.003044561772156561
0.0037186371653218416
0.00454195453408588
0.00554755646759689
0.006775801329992189
0.008275982891251522
0.010108308704885239
0.012346316439526099
0.01507982520348125
0.01841854030236695
0.02249645609495247
0.027477233661163662
0.03356076909331234
0.04099121602899432
0.050066784393905966
0.06115170861292631
11
3.8742885818241574e-11
6.880954859150577e-10
6.90430005467595e-9
4.2484060465761154e-8
1.7217017785985892e-7
4.916399336728512e-7
1.060043146456851e-6
1.8538634574856703e-6
2.814487140853631e-6
3.917152537557163e-6
5.18256625592904e-6
6.656584726020513e-6
8.397791795023435e-6
0.000010476032821646259
0.000012974713843633176
0.000015994115689542062
0.000019655417557237075
0.000024105560346355667
0.000029523143912508096
0.00003612559490668468
0.00004417789287004171
0.00005400320479335204
0.00006599585494311634
0.00008063715047897526
0.00009851469799979093
0.00012034598625978123
0.00014700718151192436
0.0001795682911353489
0.00021933610678902767
0.0002679066505494726
0.0003272292288805219
0.0003996846651462996
0.00048818085041244354
0.0005962694473248646
0.0007282884308019436
0.0008895361862022929
0.0010864841521278134
0.001327036541998998
0.0016208475678089486
0.0019797088977084147
0.0024180228969123843
0.002953380645217766
0.0036072679341632354
0.0044059275404416615
0.005381412494463806
0.006572872427326641
0.008028124809619435
0.009805574029180744
0.011976555364146796
0.014628197918688475
0.01786692141852772
0.021822707209990664
0.02665431486651503
0.03255565376824189
0.03976356536641801
0.04856732846206116
