1  12  55
-1  10  55
1
0.20442339108966145
0.41859496362302795
0.8027924338701736
1.4464734343276746
2.4532573361409433
3.92470921915207
5.943323951802644
8.566675293392533
11.838888237666993
15.813501987118801
20.57599330832212
26.258806878367814
33.04925363245279
41.194346384260584
51.006383244563985
62.87150755839508
77.26226283877101
94.7546453567922
116.05010597204058
142.00312309844912
173.655235221837
212.27674324739613
259.41766249001887
316.96992341562174
387.2433003251257
473.05811057957453
577.8584038325783
705.8501838291936
862.1702101109295
1053.0921542094502
1286.2783841132375
1571.0874820040797
1918.949837000227
2343.8263868564186
2862.768919347669
3496.6044204340637
4270.770934323472
5216.338481501256
6371.256007748168
7781.87440858315
9504.80675344895
11609.200366970768
14179.511953886338
17318.897143154765
21153.350485550305
25836.762057382202
31557.093609602412
38543.92213284546
47077.65358817016
57500.77658284156
70231.60764070282
85781.07971308564
104773.24771215455
127970.33402573671
156303.31917809104
190909.30534723942
1.2
0.09285547168149136
0.198745112865271
0.39442631012649304
0.7293568122075471
1.2610112223442254
2.0454908264290173
3.1276281913980433
4.537504643419705
6.296939347278172
8.432511929266013
10.988326040389573
14.034371633383477
17.670695264807172
22.029736589862928
27.279039623471466
33.625626069294036
41.322603941622546
50.67826688845552
62.067891912091824
75.94853210848484
92.87725543474656
113.53346932811512
138.7461800019579
169.52726205058175
207.11206837584407
253.0090092249446
309.0600899890731
377.51483734802247
461.12058067425846
563.2327120072209
687.949349716543
840.2758103850824
1026.3254897324057
1253.5652146558893
1531.1149132094492
1870.1136293392601
2284.1665718288564
2789.89113909867
3407.583833752687
4162.034832493592
5083.522902957964
6209.030596977608
7583.728490239061
9262.788036090671
11313.595789685245
13818.457867048986
16877.903178514134
20614.718006870487
25178.873852026874
30753.546313887637
37562.46657234977
45878.900505125974
56036.61580691881
68443.27725894653
83596.80774802223
102105.37166032662
1.4
0.045445914699539604
0.1017115056705402
0.2089615946309951
0.3966989249598252
0.6993748271651381
1.150500552970248
1.776404270499474
2.593982784896368
3.614684587655912
4.852557253798422
6.332082539153524
8.09319507110625
10.19362442373608
12.710055263658603
15.739503009146281
19.401712519742578
23.842922358077793
29.241121683045918
35.812888464044704
43.8219551350329
53.58975106553152
65.5082918976295
80.05591049994801
97.81645388602459
119.50271502335713
145.98503971719543
178.32625664305505
217.8243323939568
266.06446343694626
324.9826956133512
396.9436244557541
484.8352947123874
592.1851077174331
723.3013883980794
883.4462934785819
1079.047000306765
1317.9536520482234
1609.7544114954906
1966.1602677071892
2401.4750391189295
2933.169436001289
3582.5822214068166
4375.776610664665
5344.586279686191
6527.892962234576
7973.186910344335
9738.472844925333
11894.597888868386
14528.094910859038
17744.655393191537
21673.371202228158
26471.91549794664
32332.87071179742
39491.457555721776
48234.97525526976
58914.331876303244
1.6
0.02348115607317121
0.054960528840165904
0.11691022910313559
0.22789754363568593
0.409743715253144
0.6836191196492076
1.0658703327587304
1.5664834436241626
2.191677563834915
2.9491769964602566
3.8533018257103544
4.928141640943925
6.208918424143668
7.742551790269684
9.588368301345685
11.81948926847349
14.525105969908726
17.813697537156948
21.817220817088995
26.69634647322706
32.646890311609404
39.90766849258654
48.77008153560189
59.589809194014315
72.80108512933015
88.93412423296795
108.63640201089373
132.6986400498028
162.08654045043997
197.97954284378534
241.81815944478265
295.3617878654605
360.75932191873835
440.6353942724988
538.1957121742538
657.3557137388813
802.8977082282839
980.662806913956
1197.7853473817518
1462.979219549588
1786.8875846663993
2182.510022743741
2665.724251346216
3255.923354147992
3976.7940934739013
4857.26754324215
5932.68019454379
7246.19213310552
8850.519205075034
10810.048689024923
13203.423383520749
16126.697821123846
19697.19326214515
24058.20623267545
29384.759493414655
35890.62632951373
1.8
0.012642079893508684
0.03094738359204471
0.06816418973323735
0.13644527480526908
0.2501869676663189
0.423333288591244
0.6664660576037394
0.9857101962143204
1.384498925881457
1.8671810694058106
2.4424692206381975
3.12552245672283
3.9387524780636314
4.912076237570564
6.0832790769794025
7.49885374076962
9.215441225503765
11.301888055133444
13.841921001607355
16.937479012211963
20.7127975387273
25.31939335851766
30.942145336210952
37.80671425148924
46.188599357983065
56.42419513603372
68.92429198360777
84.19056267809027
102.83569626595629
125.60798742559184
153.4213681601845
187.3920870980042
228.88350846929762
279.5608286999814
341.4579065910584
417.0588892136478
509.39790945345857
622.1808564170157
759.9341057737486
928.1861791048076
1133.6896228860655
1384.6920118891494
1691.266953310397
2065.7183760102334
2523.0743303685144
3081.6901167193314
3763.9849480020016
4597.341711495633
5615.205940233021
6858.428099677382
8376.903060336186
10231.572554217877
12496.870979963891
15263.712717735973
18643.140841402164
22770.783667539326
2
0.007030058023728028
0.017998056185638985
0.0410470701333546
0.08437057683821025
0.1577657952718108
0.2707162189316346
0.4302969516078012
0.6403705217357512
0.9028300336294053
1.220150414530522
1.5977984064009294
2.0456361149165483
2.5783976957784978
3.2157759258360525
3.982602054742242
4.90937305602764
6.033198902714023
7.399162391770998
9.062080765600733
11.088692303049294
13.56033199992823
16.576195433597007
20.25731979298268
24.751441523935373
30.23892551144865
36.94000375580377
45.12361405603353
55.11819342808482
67.3248594355067
82.23350844569285
100.442476891242
122.68255461188515
149.84631400443146
183.02393214924794
223.54694331949128
273.04167825169174
333.49453444649254
407.33169728736556
497.5165113789764
607.6684099711814
742.2081755240343
906.5353612303379
1107.2449940443219
1352.392256270274
1651.8157683115173
2017.532447053694
2464.2197869330353
3009.8049193245333
3676.1840912703806
4490.10143875675
5484.2223233886825
6698.444305059494
8181.4983771183415
9992.904706240177
12205.361388692621
14907.662079601963
2.2
0.004012600936255808
0.010742946238815386
0.025367525029245035
0.05353843623981484
0.10208634396593469
0.17762580018738053
0.28501034264659464
0.4267278159579164
0.6037996859496658
0.8176324019923685
1.0717426585632395
1.3727215012335947
1.730511110806296
2.1584047292745616
2.6731293718307065
3.2951890975936142
4.04950693346198
4.966347276642304
6.082504738117434
7.44277448301192
9.101748901712156
11.126008462267034
13.596793808473896
16.613266231795038
20.29648736213215
24.794277796112613
30.287149656667555
36.99555117833537
45.18871406898221
55.19545872355747
67.41739094110895
82.3450197756357
100.5774433867376
122.84639295231267
150.04559960999956
183.26666302586696
223.84286112186362
273.40265920027514
333.93506597424124
407.8694594712976
498.1730865037435
608.4701487019415
743.1872544511325
907.7310742288954
1108.7053292754347
1354.1758221142677
1653.9941455283565
2020.193061569826
2467.469418551052
3013.773987171497
3681.031888022445
4496.02252342322
5491.4543293419065
6707.2774793012095
8192.287225353084
10006.082222830004
2.4
0.002340059670374704
0.0065511009968931
0.016015081785645625
0.034702073723026874
0.06746691870931157
0.11901738586907194
0.19275307968694275
0.2903025692278726
0.41218805717652807
0.5591963688339183
0.7336372150208428
0.940014514576181
1.1851802939688239
1.4782920085595355
1.8308446534213767
2.2569016767764305
2.77354075146843
3.4014923569981326
4.165957847090814
5.097617856177051
6.233863168873992
7.620295299117866
9.312556636387786
11.378563570078315
13.901232212683588
16.981806114521422
20.743919522901166
25.338559258573525
30.9501243470097
37.80382659875183
46.174729150136834
56.39878571278477
68.88632357566044
84.13851147991585
102.76747328020694
125.52085462430621
153.31182859809343
187.25574456786396
228.71489106665717
279.3531692164067
341.20287092231524
416.74624188288493
509.0151028255006
621.7125271177603
759.3614581040006
927.4862307028772
1132.8342823648977
1383.6469514291753
1689.9902309682675
2064.1587528270984
2521.1692123914436
3079.3630452613183
3761.142529517519
4593.869869750588
5610.96533802751
6853.248546755223
2.6
0.0013894906115297406
0.004067115591128541
0.010292398355419018
0.022894653013657982
0.04537842940657702
0.08115004698901752
0.13263197100760932
0.20090352720813712
0.28620072629632004
0.38894806725857156
0.5106896900044464
0.6545612481962915
0.8253681022931645
1.0295245875276278
1.2750608381534907
1.5717828207423543
1.9315880434353647
2.368914909607915
2.901314666176831
3.550154368281851
4.341474230642153
5.307032697828846
6.485581021435497
7.924418483849848
9.681290684543649
11.826707073725654
14.446770744160986
17.64663405061005
21.554718743047072
26.327869982394287
32.15765108755314
39.27803164402724
47.974777524903594
58.59691967872147
71.57076196698428
87.41699023497307
106.77156926296296
130.41126626588306
159.28482528906648
194.55104363805546
237.62527848328574
290.23625011300544
354.4954215483044
432.98173896831
528.8451338749743
645.9329409053058
788.9443048785522
963.6187739779193
1176.9666479720213
1437.550326210653
1755.8279465171863
2144.5731074987393
2619.3875173911356
3199.327145650021
3907.6670058629693
4772.835263770869
2.8
0.0008378104268236471
0.0025637231968718907
0.006715333449186433
0.015332906391667712
0.030978634066178123
0.05615092629308681
0.09260094362671474
0.14105064516600951
0.20157399571926815
0.2743836712747654
0.36052813325345706
0.46222533664647186
0.5828946998586342
0.727091812121916
0.9005036457518263
1.1100624469306757
1.36417288677839
1.6730324657606135
2.0490367177107704
2.507276008007365
3.066141088152131
3.7480611761166087
4.580404119414075
5.596574762911385
6.837355602553908
8.352543530110314
10.202948357298913
12.462833327046356
15.222895558186208
18.59390603928712
22.71115525737461
27.739882880217227
33.88190940438005
41.38373592039116
50.546437067039605
61.73774421376723
75.40680381171636
92.10220321787608
112.49398743193902
137.40055035482584
167.82147980950526
204.97767451013547
250.36034301426668
305.79085115835824
373.4938198639379
456.186406986409
557.187356400357
680.5501908441571
831.2258944974369
1015.2616109616068
1240.043341163834
1514.592364740455
1849.9272980086278
2259.5063092818245
2759.7672424099096
3370.7873251766027
3
0.0005118889027063349
0.0016373656193732075
0.004438721036723027
0.010401599691206753
0.021419071092026384
0.03934456546631992
0.06545945725104786
0.10024986734209478
0.1437007966389726
0.1959023252492199
0.2575762675006239
0.33031296627650725
0.4165756789854531
0.5196378410288724
0.6435738855172571
0.7933421691950391
0.9749504847209642
1.1956870225765412
1.4644106808950124
1.7919062817893192
2.191317373582154
2.6786737258144675
3.2735346601249398
3.999774034504238
4.886538385050538
5.969416678787802
7.291868623887943
8.906968860351542
10.87953703167154
13.288739224716736
16.231265182776912
19.82520881070316
24.2148076664992
29.57623178414816
36.124653932488684
44.12288528540337
53.89192295077954
65.82383271154639
80.39748400218038
98.19776862040739
119.93907448938144
146.49395655214443
178.9281554665126
218.54336951911765
266.92949634834184
326.0284411190635
398.21205199537957
486.3773107356271
594.0625988371833
725.5897047323068
886.2372732902529
1082.4526554160777
1322.1106633528352
1614.8296144552967
1972.3573480372252
2409.0427074159134
3.2
0.0003163765985431157
0.0010577166005370682
0.0029671952051497645
0.007135409112058832
0.01497344103730655
0.027869487670449326
0.04677097087801957
0.07200661531469195
0.10351558705286845
0.14131865410754443
0.18591902367654048
0.23847053664504042
0.3007662989656176
0.37518192997804956
0.4646656291102155
0.5727997167199418
0.7039224629996925
0.8632961037646212
1.0573168490544618
1.2937714320037799
1.5821496052590625
1.934024997477753
2.363519603667388
2.8878705504320563
3.528121882387484
4.309969133559036
5.264790579388182
6.430906557101539
7.8551173953968
9.594581675955892
11.719110208032328
14.313967781345491
17.483295141473285
21.354288523640435
26.082304484254216
31.857094905003812
38.91042240213828
47.525361774030166
58.04766078677742
70.89961624605884
86.59702225073256
105.7698708210964
129.18763569071652
157.79015398916007
192.72534520599757
235.39528123053648
287.5124564197489
351.1685160097922
428.9182012012006
523.8818798049009
639.8707777367256
781.5399367178561
954.5750375323424
1165.920586343242
1424.058622108966
1739.3491305892721
3.4
0.00019752710228511933
0.0006901415248297049
0.002003220914280012
0.004942847805960742
0.010568706188616089
0.019929052838354888
0.033730707767736845
0.05219642341487551
0.07524482246073176
0.10285921164758306
0.13539446932530314
0.17369637376666017
0.21908195861048568
0.27329006481720775
0.338472331246414
0.41723957311706494
0.5127521940494146
0.6288433667200352
0.770172231934545
0.9424108130790992
1.152471649181262
1.4087852191676609
1.7216382865795201
2.103586743513673
2.569959522659559
3.139473801189311
3.834986186801141
4.684410033638921
5.721835703206323
6.988898730270159
8.536450803068075
10.426600620105905
12.735206530305609
15.554920994909217
18.998909056070833
23.205390047346935
28.34318482087394
34.618491120934486
42.283159023445045
51.64479856380731
63.079125207722385
77.04503863205436
94.10303998016971
114.93772674087339
140.38526804941955
171.46696309089802
209.43022942255664
255.79866622035445
312.4332016666672
381.60677851699586
466.0955753045674
569.2904241016676
695.3328965322496
849.2815195800141
1037.3147920382237
1266.9791493603038
3.6
0.0001244349480140367
0.00045431105310630895
0.0013642944616661262
0.00345364729058689
0.007523236324322769
0.014370178615004016
0.024525926643837525
0.038141405592633126
0.05512926228388519
0.07545426533581005
0.09936938719926817
0.1275001831239746
0.16082153985461523
0.20061567725782042
0.24846469131639176
0.3062859303500021
0.37639954104221846
0.4616193892937785
0.5653656445683158
0.6918020082940871
0.8460028156942248
1.034156686605609
1.2638148965208214
1.5441944357884043
1.8865479197989172
2.304615195949594
2.8151747719664892
3.438717196332083
4.200267415941192
5.130389115090524
6.266411343447147
7.653926661879337
9.348620932011313
11.418508185379375
13.946660265328443
17.03454079177077
20.80607725251639
25.41263464849771
31.039090302735566
37.91125363646025
46.304928694054134
56.556983127776995
69.07886787945232
84.37313015148635
103.05358239065373
125.86993673682704
153.73789360357375
187.7758920112469
229.34999616877045
280.12872103424826
342.1499950739792
417.9029497861453
510.4278172301723
623.4379452129416
761.4688269763673
930.0601264647779
3.8
0.00007901922185029719
0.0003014378964569444
0.0009364149713397481
0.00243168112340486
0.005395812518281084
0.01043862720815377
0.017962461199919323
0.028069322222771576
0.040673977045616025
0.055733728839727464
0.07343073150564329
0.09423132202529638
0.11886200841259258
0.14827445238115414
0.18363965968621818
0.22637521452361822
0.278196021147128
0.3411818118700707
0.41786042669984796
0.511309247660998
0.6252787040592229
0.7643427903538074
0.9340826366147281
1.1413104988698064
1.394343158857539
1.7033357056807867
2.0806890951904435
2.5415478438854575
3.104407831534915
3.7918586057787227
4.631489979991757
5.656999309366201
6.909543884096821
8.439392715950436
10.307944010212903
12.590189291251491
15.377723075700985
18.78241888202628
22.940919107633082
28.020118968059602
34.2238645879851
41.801134061965456
51.056029819589206
62.3599833237528
76.16666191945303
93.03017609726642
113.62731789296842
138.78472294375143
169.5120462010124
207.0424830847903
252.8822617903026
308.87109359130625
377.2560068914908
460.7815283973894
562.7998305452213
687.4052660165316
4
0.000050541015895970015
0.0002014279842379836
0.0006472306665643694
0.0017239079083284222
0.0038961037378641753
0.007632803367887494
0.013240435406129993
0.020787592084881314
0.030195359934544586
0.04141987252168834
0.054593541729879375
0.07006643622398914
0.08838317238692803
0.11025412437247566
0.13655110883283703
0.16832849674500455
0.20686150748019208
0.2536965972439523
0.31071342225327264
0.3802002678866398
0.464945885243869
0.5683514135116644
0.694566879620789
0.8486577533990185
1.0368082426605834
1.2665694871805289
1.5471626124483444
1.8898488058103498
2.3083812674583095
2.8195571746456456
3.443891811388823
4.206441918847159
5.137811310327917
6.27537910977132
7.6647999072404325
9.361836037924965
11.434595520447294
13.966265470793195
17.058450693367597
20.83525143854688
25.448243981486204
31.08256391024772
37.964336267011724
46.36975073999679
56.636146125418065
69.17554891784486
84.49120938017349
103.1977987474585
126.04607812284705
153.95302919484445
188.03865589419593
229.67093410308573
280.5207133268753
342.62877375150464
418.4877299180999
511.14206809620043
4.2
0.000032536750766260556
0.0001354625474684979
0.00045017570793332934
0.001229712372844277
0.002830286773520403
0.005614235424654863
0.009816190431079517
0.015481888530911748
0.022540614238517075
0.030950730313591374
0.040809358647626644
0.052380907977805584
0.06607577005458948
0.08242690907814856
0.10208679424627558
0.12584384860560519
0.15465146283146705
0.18966578344123702
0.23229205790535917
0.2842410282861201
0.347597589169806
0.4249044618047871
0.5192642424327399
0.6344639203700928
0.7751268631857237
0.9468983686758525
1.1566722304868573
1.4128674102590593
1.7257659201185276
2.1079254759275647
2.5746834825143377
3.1447725775810187
3.841072438231372
4.69152802274811
5.730271099889931
6.998990076616843
8.54860310023937
10.441301582455855
12.753046159072754
15.576615257035465
19.025328618468784
23.237595219820943
28.38246811007541
34.666429103192044
42.34167561830824
51.71624224769402
63.16636326652252
77.15157223626083
94.23314469559017
115.09662412744514
140.5793352171925
171.70398863673284
209.71972601385727
256.15225237182256
312.86506802906257
382.1342574094341
4.4
0.000021069963982293628
0.00009163016297182783
0.0003149062535570645
0.0008821058497586632
0.002067301810180079
0.0041515663360921825
0.00731541276818727
0.011588952885885271
0.016910192733652653
0.023241383203485642
0.030654370438726243
0.039349954674479486
0.049638810203979665
0.06192261782310761
0.07669198440321132
0.09453930555577
0.1161808230593711
0.1424850849982466
0.17450777369825432
0.21353407209525163
0.2611302425742791
0.31920648657827755
0.39009360769867607
0.47663655500769014
0.5823086008535057
0.7113507354756625
0.8689418728345202
1.0614066986120738
1.296469502056325
1.5835641788314438
1.934212846374269
2.3624882669237874
2.885578636883871
3.524477409495952
4.304825835830656
5.257942038225959
6.422077916501953
7.843954331012166
9.580636174817597
11.701822588213718
14.292644229960773
17.457079869533864
21.322129420236198
26.042910891646887
31.808885820001702
38.85146302488662
47.453285857699434
57.95957567196398
70.79198676742115
86.46552885957404
105.60923622592536
128.99141306120424
157.55046822219646
192.43257687016185
235.03768050454326
287.0756715304895
4.6
0.00001371790808096383
0.00006230952223995762
0.00022142948620199865
0.0006359835298955751
0.0015175144139729835
0.0030848346253518183
0.0054774129670579
0.00871470526914757
0.012743201881333256
0.01752967526639203
0.023127703720647704
0.02969052105717681
0.03745427889717475
0.04672295201446465
0.05786700724126629
0.0713334878304298
0.08766283274264938
0.10751039496599261
0.1316727268343005
0.16111954756481717
0.1970326614682029
0.24085338790485097
0.29434040649176146
0.3596403390905196
0.4393739012797495
0.5367410808737118
0.6556495646690814
0.8008715676363164
0.9782353586633867
1.19485916945114
1.4594368741441712
1.7825869050268517
2.1772784074954274
2.659351737399831
3.248154190143375
3.9673164755802865
4.845701101375204
5.918560726778891
7.228952975624433
8.82946848995727
10.784341577158719
13.172028158243135
16.08835447944565
19.650362955952357
24.001009494985542
29.314900818312715
35.80530205076073
43.73269575981618
53.4152361132177
65.24151744550078
79.68616995137711
97.32890825459386
118.87779739089753
145.19766994482688
177.34483481724428
216.6094706107027
4.8
8.975327089052376e-6
0.00004257677415214298
0.00015644147156254815
0.00046066798740006205
0.0011189944192226493
0.0023023043816549514
0.004118766851383281
0.006580604252339339
0.009642156100146196
0.013274764801028299
0.0175186909191397
0.022491374643289694
0.028372979873594818
0.035394392637136125
0.04383643913091851
0.05403780611448254
0.06640790047033279
0.08144317705776259
0.09974705430704552
0.12205413108136938
0.14925966869709106
0.18245552090382733
0.22297395380927484
0.2724411143957718
0.33284229350850897
0.4066016025483126
0.49667926157357956
0.6066904033248668
0.741050161195936
0.9051508640396014
1.1055784492574339
1.35037677959307
1.649370471588273
2.014559191940853
2.4605992462631163
3.0053917880878687
3.6708012550148927
4.483532865363082
5.476204392349936
6.6886552298595845
8.169545287204924
9.978307882144897
12.187535008610663
14.885890708310308
18.18166947004093
22.207142467776247
27.12386606975724
33.12916565048891
40.464054975588716
49.42290890580388
60.365277706012506
73.73031705580807
90.05441291706366
109.99270856960129
134.34539782752805
164.08983961903297
5
5.899005679447487e-6
0.00002922288082549894
0.00011100993367313182
0.00033510435481572587
0.0008285595074706421
0.0017252053632306422
0.003109224652799419
0.004987965745713789
0.007322803235061664
0.010089382680212984
0.013318174839432219
0.017099534099743203
0.021571363828952424
0.026909624559253224
0.03332794092245673
0.04108383009381555
0.050488557849668034
0.06191956871431309
0.07583562928586712
0.09279523993764485
0.11347904939428399
0.13871717155505647
0.1695225008794102
0.20713136339793442
0.253053134817084
0.30913081706629936
0.3776150044364015
0.4612542078306392
0.5634051621584206
0.6881675438934961
0.840548505485112
1.0266636299677505
1.2539823707815287
1.5316278271655177
1.870742886163722
2.2849374258074713
2.7908345273083373
3.408737617674756
4.163445317528028
5.0852466968217485
6.211136881571135
7.586301798158759
9.26593164321879
11.317435860014415
13.823148516083926
16.883632658470848
20.621716262655358
25.187421746676076
30.763986905174026
37.57521887786665
45.89447631967013
56.055640241825415
68.46651383320493
83.6251890261751
102.14003668267713
124.75412264936142
5.2
3.893332884366481e-6
0.00002013979099422343
0.00007908910084127179
0.00024472307535131457
0.0006158497167773273
0.001297544689070911
0.002355527676848065
0.003793898380454051
0.005580202617969532
0.0076939705213100035
0.01015841904824248
0.013043303247786762
0.016454493271159765
0.020526501986418127
0.025422357263942572
0.03133850397633084
0.03851237500019592
0.0472318828610166
0.057846972023462916
0.07078366328772447
0.08656115149799812
0.10581264265468979
0.12931076669454677
0.1579985858427461
0.19302744301141606
0.23580316923350347
0.2880425045980766
0.35184199705790015
0.4297621442606761
0.524930155310008
0.6411654566466559
0.7831329790431089
0.9565303776549775
1.1683166989280973
1.4269916715673705
1.7429368304942414
2.128832164295141
2.600165007685919
3.175851602633707
3.8789962735664982
4.737818685037218
5.786786395948207
7.067998163713762
8.632873515214449
10.544216392954537
12.878735697799263
15.730123886733576
19.212817178987855
23.4665882856384
28.66215597697272
35.00803662731863
42.758912708779505
52.225854094566905
63.78880238229633
77.91181928728707
95.16171106734441
5.4
2.5795483754784803e-6
0.000013932701978963767
0.00005655677401814759
0.00017936697961360226
0.00045935933432464366
0.0009792204258342165
0.0017904014130869115
0.0028948705293645963
0.004265504486989053
0.005885244428509069
0.007771891643624187
0.009979464448705016
0.012589460243076249
0.01570499668711627
0.019450856986204836
0.023977350080927138
0.029466138477857017
0.0361375064754083
0.044259199495223986
0.05415716959538439
0.06622865707010618
0.0809581330976339
0.09893674326977014
0.12088603233961384
0.1476869023469291
0.18041496630936318
0.2203837163497381
0.2691972387468513
0.3288145915504988
0.4016284284595045
0.4905610244155857
0.5991815567580343
0.7318493488423395
0.8938888249930437
1.0918031983472651
1.3335354676322075
1.6287871975938393
1.9894078768521783
2.429870479498497
2.96785231633854
3.624944487469531
4.427518408926055
5.407784190204338
6.605083339054074
8.067467674319861
9.853627814156795
12.035248636674206
14.69988624547398
17.954481904170585
21.92965396414341
26.784940037935066
32.71519980375206
39.958435408551544
48.805343329882355
59.61098104607753
72.80901674038563
5.6
1.715240835529085e-6
9.672651973376718e-6
0.00004058342330161693
0.00013190679271928154
0.00034375024560131276
0.0007413148971278782
0.0013649849969139178
0.0022153620317130886
0.0032698755242249805
0.0045144044456499575
0.00596267743133172
0.007656642286844308
0.009659188961837388
0.012049572375412359
0.01492356356969743
0.018396490642422915
0.0226077335049811
0.02772630409459928
0.03395762862120187
0.041551792017700734
0.05081357472608868
0.06211468460679842
0.07590867488033184
0.09274914681007601
0.11331196766569614
0.13842239564909273
0.16908820040389716
0.20654010834977593
0.2522811960552679
0.30814721397788075
0.37638026157562315
0.4597187706311274
0.561507408134155
0.68583130951184
0.8376800294572957
1.0231477902789514
1.2496780644400574
1.5263623072444394
1.864304828860106
2.277068449276171
2.7812188218913043
3.3969892713505696
4.149092827907462
5.067714048101592
6.189720426996378
7.56014202020932
9.233978658152347
11.278407282345231
13.775477991952494
16.825407002360755
20.55059867378485
25.10055802803372
30.65789090998476
37.44563260131095
45.73619900937729
55.86231967461115
5.8
1.1443484870465123e-6
6.7372006718995e-6
0.000029214878827485097
0.0000973073570442986
0.00025801467689038515
0.000562845124797905
0.0010435710026363686
0.0016999471421637934
0.002513257685147304
0.003471876388075509
0.004586448119493882
0.005889628682543075
0.0074300582432318
0.009268796986698843
0.011479534692742377
0.01415098690773503
0.017390367927442148
0.021327685473955502
0.02612095792513179
0.03196255613474989
0.03908692395018655
0.047779987267248525
0.05839062924034649
0.07134469218810696
0.0871620681416304
0.10647756393648337
0.13006637824022357
0.1588752129966989
0.19406026789947992
0.23703364274491784
0.2895200099552342
0.3536258317387627
0.4319238998144857
0.5275565905774394
0.6443619796970943
0.7870278775703601
0.9612799676128354
1.1741115980385102
1.4340644494789068
1.7515713426186987
2.1393749439219047
2.6130391735796197
3.1915738402759226
3.898197571558327
4.761269658887406
5.815428215579314
7.102980325915832
8.675599976986879
10.596401917232024
12.942474672906394
15.807974381315432
19.307903607209177
23.582726799508137
28.804007622841915
35.18129440977574
42.97053007138744
6
7.658550922628272e-7
4.70697395890229e-6
0.000021093901115604182
0.00007199220583412973
0.00019420732362742508
0.00042849856235714086
0.0007999165548862519
0.0013077199065915617
0.0019364341629372964
0.0026765291267675404
0.0035362995032839463
0.004541224665702747
0.005729001499143012
0.00714677690641298
0.008851383284909533
0.010911227012594758
0.013408976598381748
0.0164448754972367
0.020140764991678592
0.024644974104258782
0.030138272562003895
0.03684112572032248
0.04502254261177691
0.055010872223092505
0.06720698129298452
0.0821003425019023
0.10028867872929584
0.12250195177147243
0.149631658271807
0.1827666086109905
0.22323662469078961
0.2726659103563896
0.3330382363995424
0.4067765562459703
0.4968402475839123
0.6068438825818298
0.7412022933611484
0.9053077547108214
1.1057463950081658
1.350562520676116
1.6495814624454483
2.0148039003760827
2.46088749328513
3.0057351420617633
3.67121349594124
4.4840305379177305
5.476807469879953
6.689387915983805
8.170436987190142
9.979394383042502
12.188859915107995
14.887507194390377
18.1836424105583
22.209551043761092
27.126806943370955
33.1327568543213
6.2
5.140469951394867e-7
3.29796892788031e-6
0.000015272934195550506
0.000053407624493114466
0.00014656310850956535
0.0003270420616324704
0.0006146344500147254
0.0010083356539479893
0.0014953822664019025
0.0020679905884034874
0.002732653318187067
0.003509290995406931
0.004427174947896234
0.005522784272977764
0.006840045740508062
0.008431822402030699
0.010361997705683992
0.012708036360746302
0.015564093135914458
0.019044791617862815
0.02328982445822551
0.028469559730225476
0.034791878397611914
0.042510517307648446
0.05193525254178805
0.06344433181749745
0.07749965489718903
0.09466531124761736
0.1156302189309053
0.14123577330512738
0.17250961517449814
0.2107068736231699
0.25736053875235504
0.31434298595581417
0.3839411209187654
0.4689481611728986
0.572775737723575
0.6995908157811215
0.854482929705926
1.043668443892893
1.2747400373017392
1.5569714243233579
1.9016895415005381
2.3227291372630035
2.8369880089589987
3.4651051707950518
4.232289169944581
5.169329794059199
6.313833773557393
7.711734071762493
9.419133335787937
11.504555493836184
14.05169585887191
17.162780117574858
20.962667005004313
25.603859324267212
6.4
3.4597762704734893e-7
2.3169465503083754e-6
0.000011087261287757495
0.00003972132868892307
0.00011087858624608676
0.00025019526442993003
0.00047333378298299164
0.0007791783218743
0.0011572230564677417
0.001601129997543311
0.0021160022659785036
0.0027174431108094722
0.003428221537468962
0.004276616974545573
0.005296650113597275
0.006529256496984057
0.008023904870833641
0.00984058072101231
0.012052193628153164
0.014747503383711448
0.018034682232047697
0.022045656202428567
0.02694139976376671
0.03291839629528093
0.040216523654455105
0.04912868131769569
0.060012545464701396
0.07330492377952282
0.08953928607669705
0.10936717431787951
0.13358435127862003
0.1631627373026473
0.19928941687785925
0.243414280504983
0.2973082138942803
0.3631341698270986
0.44353397504562997
0.541734356036157
0.6616764388927533
0.8081739205456727
0.9871062593211929
1.2056546382484306
1.472590171149141
1.7986259182328552
2.1968468388192015
2.6832349366997943
3.2773106740670293
4.002916396202853
4.889173208511059
5.971649708728348
7.293789479528188
8.908654632603824
10.881055376380957
13.290151078389078
16.232627208058403
19.826575664205958
6.6
2.334589172159196e-7
1.6318474967957204e-6
8.068501533108271e-6
0.00002961275370103794
0.00008407516160876597
0.00019182719520669967
0.0003652853307032805
0.0006033190433717042
0.0008972957596038228
0.0012420678861245161
0.00164166133179453
0.002108318245442467
0.0026597787065130423
0.0033180050574783586
0.00410939582969884
0.005065711128172171
0.006225331201867646
0.007634795675319828
0.009350671306812624
0.011441822210278882
0.013992173614001513
0.017104080074715273
0.020902433325328058
0.02553967461869537
0.03120191273039501
0.03811639315732696
0.046560618277381914
0.056873484494313946
0.06946888334038066
0.08485231239667987
0.10364116268612679
0.12658949674297637
0.1546183117899929
0.18885250259085679
0.2306660074268041
0.2817369490640747
0.344114983712811
0.42030356092760185
0.5133603958283153
0.6270201859442266
0.7658444977392788
0.9354048382910269
1.1425062594326512
1.3954604683766656
1.7044194057107744
2.081782678418501
2.542695199645923
3.105655007243534
3.793255654976169
4.633092971167014
5.6588725761403005
6.9117626073315845
8.442045940756438
10.311138219817678
12.594052680502054
15.382410695968778
6.8
1.5791552942907604e-7
1.1520542700743293e-6
5.885252682042342e-6
0.000022126174485864855
0.00006388868820384993
0.0001473795952084734
0.0002824573311815455
0.00046803538753090824
0.0006970309382071768
0.0009652723154142368
0.0012759462836246837
0.0016386726055599176
0.0020672942157672555
0.002578896283539099
0.0031939992525481247
0.0039372886498636895
0.004838595265816625
0.005934091699248966
0.007267744068584871
0.008893076526170536
0.010875319370457825
0.013294026966924406
0.016246270544068804
0.019850534002661662
0.024251469090739303
0.02962570078612243
0.03618891587692981
0.04420451922977347
0.05399420515192519
0.06595086811332547
0.08055437098131396
0.09839080360236609
0.12017600464552497
0.14678429072168095
0.17928354577909972
0.2189780790358599
0.2674609714885145
0.32667801184617046
0.3990057878635114
0.48734706715216025
0.5952472954372405
0.7270368877432314
0.8880050231540997
1.0846119181410856
1.324748097733905
1.6180510699948485
1.9762921130573319
2.413848697849076
2.948281506483141
3.6010392040909163
4.398319249058575
5.372119289050506
6.561521338895789
8.014260279135057
9.7886396243524
11.955871447934712
7
1.070610338558814e-7
8.151497670899176e-7
4.302127794013662e-6
0.000016567227518758457
0.00004864756236653162
0.00011345051334992306
0.0002188146659581288
0.0003637308380663101
0.0005423951399629076
0.000751433125508377
0.00099337493531251
0.0012757902554591295
0.0016094963728286544
0.0020078054374382706
0.00248669522879378
0.003065384843968568
0.0037670991164057937
0.004620000303567341
0.005658318324835061
0.006923724528178919
0.008467004107682457
0.010350094291700505
0.012648570101289886
0.015454677441178035
0.018881035251839887
0.023065155302976485
0.028174961023662324
0.03441552685922359
0.0420373086287733
0.051346195196586945
0.06271578486635782
0.07660237919287403
0.09356329596559688
0.11427923632843333
0.13958160370674447
0.1704858709460595
0.20823233480293438
0.2543358934087694
0.31064684445099033
0.3794251441160815
0.46343110706659274
0.5660361875606706
0.691358287749479
0.8444270235491387
1.031385580788272
1.259737262824839
1.5386466244561037
1.879307277681524
2.295391130655714
2.803597089368058
3.42432124338373
4.182475432483445
5.108487046366015
6.239520182533862
7.620967172068117
9.308270333243492
7.2
7.274037571937198e-8
5.779885221055201e-7
3.151335885183166e-6
0.000012429612739657174
0.000037113204930228286
0.00008749194375961463
0.00016980665612910184
0.0002831419692523234
0.00042274723511405
0.000585897287204357
0.0007746063571629287
0.0009948385777906628
0.0012550581722343649
0.001565652976922351
0.0019390832012489308
0.0023903356501564044
0.002937520661829643
0.003602598691998204
0.004412261657260103
0.005399004175326887
0.006602427688138088
0.008070829806774522
0.009863142664161195
0.012051298068497423
0.014723114379306047
0.017985820966521657
0.02197036170161352
0.02683665019496449
0.032779987690521144
0.04003890119043274
0.048904716381233775
0.059733249556521005
0.0729590877741763
0.08911303036094162
0.10884339175316368
0.1329420206315099
0.16237607958870642
0.19832686076126488
0.2422371952288257
0.29586935889340094
0.3613757987981494
0.4413855183851594
0.5391095886346831
0.6584700196181791
0.8042571645340527
0.9823219734011182
1.1998108122271594
1.465452271769378
1.7899074765296261
2.1861979531144495
2.6702282298345135
3.2614241411942
3.983512454992028
4.865473110669592
5.942702286113148
7.2584329705414055
7.4
4.9522996128937564e-8
4.1064731385144057e-7
2.312868054320373e-6
9.342910964462065e-6
0.00002836480247424842
0.0000675891418631057
0.00013199078223684438
0.00022075374491302074
0.0003299932152689832
0.00045751147069207973
0.0006049158835699433
0.0007769111049316239
0.000980128445274784
0.001222685234379242
0.0015143128372331685
0.0018667151353058042
0.0022940352662825236
0.0028134230874007765
0.003445723455615457
0.00421631280485787
0.005156117591437052
0.0063028554813208595
0.007702549092495246
0.009411373044231215
0.011497908441809802
0.014045895277055688
0.017157593208243692
0.020957885599277623
0.025599291527545656
0.03126808691001594
0.038191780409885405
0.04664824415804091
0.0569768657373533
0.06959216899805018
0.0850004503553179
0.10382009824216862
0.12680641120841488
0.15488191070427518
0.189173365103819
0.23105701087771605
0.28221378579432777
0.34469679085467747
0.4210136884445776
0.5142273436310233
0.6280787476920795
0.7671371572320804
0.9369834744930574
1.144434228557566
1.3978151465952138
1.7072952945276147
2.0852951973497533
2.546985318409603
3.110894903369257
3.799655623893986
4.640909866101374
5.668420116575191
7.6
3.3781527027898786e-8
2.9230839455749014e-7
1.7006198988005665e-6
7.035259181060506e-6
0.000021715630740832334
0.00005229878309322155
0.00010275493806569055
0.00017236626578203123
0.0002579586395873189
0.00035776187528365903
0.0004730614044967557
0.0006075723904192633
0.0007664962716278041
0.0009561845842295094
0.0011842480397517223
0.0014598395294749
0.001794019505381122
0.0022001997832692766
0.002694681803885732
0.0032973108669602552
0.004032272592769291
0.00492906357599827
0.006023675187646561
0.007360038035130047
0.008991785051814461
0.010984403974928338
0.013417865598406407
0.016389833281674534
0.02001958252314863
0.024452787904793084
0.029867369524619568
0.03648063355491692
0.04455799350196546
0.05442362218197453
0.06647346191444488
0.08119111507769748
0.09916725277023393
0.12112332051653614
0.14794049240786594
0.1806950357138246
0.22070150526628227
0.2695655011606213
0.3292481071252253
0.4021445956972443
0.49118055892005824
0.5999293226242517
0.7327553565400821
0.8949894357924305
1.0931425836241808
1.3351673816207246
1.6307771347323392
1.9918357003076603
2.4328336263458343
2.9714697080675103
3.629361302711746
4.432911909985667
7.8
2.3086066048127036e-8
2.0844630514688558e-7
1.2526300564336833e-6
5.3065362033233905e-6
0.000016652036471643382
0.00004052974552746899
0.00008011150656617923
0.00013477232774860133
0.0002019206598523924
0.0002801322269807403
0.000370436941818848
0.00047577152610573623
0.0006002204034370812
0.0007487596943926182
0.0009273494004751423
0.0011431568953590159
0.001404843290359944
0.0017229109793434332
0.0021101251354833563
0.0025820260224517894
0.003157552679813851
0.003859803013138419
0.004716960794066182
0.005763426774030511
0.00704119930720462
0.008601559891905065
0.01050713127718635
0.012834390733666186
0.015676739354892617
0.0191482505711922
0.023388248316982538
0.028566898589443498
0.03489203880748307
0.0426175190571247
0.05205338998678764
0.06357834622846924
0.07765492474301422
0.0948480680524308
0.11584779736694646
0.1414969055590036
0.17282478140047683
0.2110887225485172
0.25782439531521417
0.31490746634874606
0.38462887972197213
0.4697868005620379
0.5737989152419944
0.7008395951352568
0.8560074287960198
1.045529846176871
1.2770130474777068
1.5597472662273153
1.9050796194147357
2.326869506917509
2.842044837925872
3.471281407376459
8
1.5804449982895505e-8
1.4889803783542218e-7
9.241865232285771e-7
4.00902014025422e-6
0.000012788757610494647
0.00003145492579384485
0.00006254405518333463
0.00010551647008023138
0.0001582576392132652
0.00021962269736960425
0.0002904382046154472
0.00037302770018517476
0.0004706018508102145
0.0005870638587366198
0.0007270868367747418
0.0008962903632239312
0.0011014651690431317
0.001350845639603428
0.0016544402888258117
0.0020244334359635118
0.002475674205158352
0.003026272472889564
0.003698325680919449
0.004518805684226015
0.00552064122624652
0.006744039484962416
0.008238099728133316
0.01006278383932909
0.012291322798828302
0.015013155700003264
0.018337519254185183
0.022397831843434968
0.027357048068683516
0.03341419869003916
0.040812378430035365
0.04984850221840912
0.060885221430770436
0.07436547836166092
0.09083028305410953
0.1109404259322748
0.13550299764135842
0.1655037804290848
0.20214681104861837
0.24690270298112796
0.3015676673184609
0.3683356010211825
0.4498861357068988
0.5494921806758974
0.6711512762533277
0.819746029093864
1.0012400684562837
1.222917387333273
1.4936746749181353
1.8243783718549644
2.2283007786812794
2.7216527198507774
8.2
1.083754794266456e-8
1.065343612536512e-7
6.829399750684496e-7
3.0333821733362184e-6
9.836080259606351e-6
0.000024445756995515443
0.000048892765535198044
0.00008271423464195258
0.0001241858320247242
0.00017238807069796787
0.00022798528114641273
0.00029281743361984046
0.0003694108756223905
0.00046083069498197346
0.0005707452901931967
0.0007035658982992481
0.0008646230762938251
0.001060380614238302
0.001298694949480988
0.0015891304730729248
0.001943343382365047
0.0023755494851337732
0.002903094729859621
0.0035471513595511286
0.004333567628197121
0.005293905181950333
0.006466705738812926
0.007899037903122451
0.00964838619388721
0.011784958100392522
0.014394501755261701
0.017581747308093396
0.02147461011410082
0.026229324426457392
0.03203671362545227
0.03912984863076783
0.04779340185585344
0.058375072111430434
0.07129953897961937
0.08708550669672191
0.10636652157551756
0.12991639844332728
0.15868027654808242
0.19381255131495295
0.23672320428811733
0.28913439064090996
0.3531495553098254
0.4313378516255167
0.5268372504568639
0.6434804779872573
0.7859488365386709
0.9599600815410865
1.1724978952642096
1.4320921664436266
1.7491613246790803
2.136430468595879
8.4
7.44339182935005e-9
7.634191880273405e-8
5.054275898609939e-7
2.2985079870170757e-6
7.5756089102220635e-6
0.000019023407856416176
0.00003826850292273374
0.00006491610961882298
0.00009756080105975737
0.00013546466014866662
0.00017916231497285524
0.00023011197335840976
0.00029030340423758666
0.00036214613645714613
0.0004485230780953557
0.0005529008259389929
0.0006794684252952392
0.0008333054783345461
0.0010205860061533371
0.001248826233919072
0.0015271862433785285
0.0018668375990999885
0.002281411702583676
0.0027875468682714765
0.003405556077525968
0.004160242209889475
0.005081893469733872
0.006207498958260863
0.0075822331759891675
0.00926126903409516
0.011311992137061034
0.013816705203585604
0.016875931163672524
0.02061244749677093
0.02517621372312682
0.030750389805873943
0.03755868700347267
0.04587434618801548
0.056031103960837825
0.0684365866741585
0.08358866990786726
0.1020954599647057
0.12469969931140178
0.15230857544180607
0.186030129496371
0.22721772584371358
0.27752436734471153
0.3389690361614005
0.4140177226002623
0.5056823939595211
0.6176418753645201
0.7543894939132482
0.9214134116938882
1.1254168849877273
1.3745872894828297
1.6789247084082086
8.6
5.119968828498215e-9
5.478707054348788e-8
3.745920613070907e-7
1.744075858447439e-6
5.842330197557279e-6
0.000014822290021465509
0.000029988149678691965
0.00005100477133821732
0.00007672716821534873
0.0001065635408719969
0.0001409446216853475
0.000181026929656549
0.00022837903505934905
0.00028489705896175333
0.00035284901034053395
0.0004349620315585453
0.0005345316063588489
0.0006555538113905031
0.0008028856926787336
0.0009824401959363802
0.0012014234738392398
0.0014686240942313655
0.0017947657562130844
0.002192937669841394
0.0026791198720884893
0.003272824561829761
0.003997879192901414
0.004883382753493485
0.005964873610701971
0.007285755789999035
0.008899040931172823
0.010869475831566647
0.013276140962399477
0.016215624245746033
0.01980589746699288
0.02419105089681299
0.029547076139663057
0.036088929294818786
0.04407915789940098
0.053838437882907014
0.0657584434182313
0.08031756618148451
0.09810011488970329
0.11981976566131194
0.14634820434464163
0.17875011033172022
0.21832588588061766
0.2666638458240847
0.3257039622207459
0.39781572224416445
0.4858932240297006
0.5934713269810442
0.7248675181033044
0.8853551879095432
1.0813752700994834
1.3207947388446306
8.8
3.5268815388466285e-9
3.9373666568592305e-8
2.780053783714194e-7
1.325127642305972e-6
4.5112929992352634e-6
0.000011562682226283208
0.000023525787227495772
0.000040117234516624655
0.000060404588355940356
0.00008391352364102967
0.00011099140799348257
0.00014255613020598852
0.0001798452858964904
0.0002243524386013417
0.0002778636474030204
0.000342526500086042
0.0004209361439098947
0.0005162394331962183
0.0006322612235762071
0.0007736578768775372
0.0009461041372756947
0.0011565208786997393
0.0014133528638055062
0.0017269076619542206
0.002109769328162489
0.0025773034454117803
0.003148273799450005
0.0038455954354019405
0.004697254318976842
0.005737430511550477
0.007007869936037802
0.00855955978735863
0.01045477482759905
0.012769576690875244
0.015596866503781132
0.01905011333379648
0.023267908101381827
0.028419525720242245
0.034711718693978925
0.04239701482001594
0.05178385201678293
0.0632489570204474
0.07725246475147998
0.09435638514479103
0.11524715858170195
0.14076320515271665
0.171928573399646
0.20999403897926977
0.25648730268221703
0.31327430243056176
0.3826340999157953
0.467350347348363
0.5708230051996186
0.6972047945450551
0.8515678603476415
1.0401073344435472
9
2.4328427819408648e-9
2.833475549014285e-8
2.0659343686946817e-7
1.008085653467085e-6
3.487686967078971e-6
9.030132156443229e-6
0.000018475733675757854
0.00003158570201184556
0.00004760096655470243
0.00006614156723892729
0.00008748788085068787
0.00011236888232576098
0.00014176183156084518
0.00017684429511022258
0.00021902414420936194
0.0002699942012982776
0.0003318000736993538
0.0004069222480873172
0.0004983756410918393
0.0006098305984885747
0.0007457601990636841
0.0009116197749689017
0.0011140658533571929
0.001361223306191178
0.0016630114298828388
0.0020315420414841728
0.0024816055684371034
0.003031264640361721
0.0037025790057950195
0.004522490867367376
0.005523906166989845
0.006747015216843715
0.008240905677726765
0.010065532619239394
0.012294124727244258
0.01501612322815323
0.018340771479392764
0.022401499288916868
0.027361277921904147
0.033419160709860354
0.04081827175972563
0.04985556337800985
0.060893733809383344
0.07437578362910371
0.09084279471908366
0.11095564616999397
0.13552153729340388
0.1655263835567906
0.20217438479486768
0.24693635397880462
0.3016087460976861
0.36838575621768554
0.44994738022558556
0.5495669724743436
0.6712426169890195
0.8198575846161491
9.2
1.6803939768900836e-9
2.0417084600918092e-8
1.5371772773184413e-7
7.678221212991582e-7
2.6994314537988436e-6
7.059914279564816e-6
0.000014524480076389216
0.00002489250008826634
0.000037546233073379914
0.00005218146274377718
0.00006902466227883766
0.000088655131608997
0.00011184516403513846
0.00013952401062161568
0.0001728024475194996
0.00021301605340746978
0.00026177874146883034
0.00032104752959304106
0.0003932010823540357
0.00048113517517229176
0.0005883789119508461
0.0007192363604044627
0.000878959289410812
0.0010739579409365946
0.001312058295555053
0.0016028161565225952
0.0019579006577199673
0.002391562586968777
0.0029212063201774826
0.003568088320065956
0.004358170232646641
0.005323160819237038
0.006501788540388777
0.007941355864994282
0.009699637684453708
0.01184720002192816
0.014470232094623295
0.01767400538970666
0.02158709857872095
0.026366557831143424
0.0322041996285868
0.03933430903375954
0.04804304237256437
0.058679911712069564
0.07167181190749355
0.08754015359128564
0.10692178901302296
0.13059457125571797
0.15950857219154857
0.19482421220383223
0.23795883192280357
0.29064357509784083
0.35499286545817266
0.43358926597925745
0.5295871261766045
0.6468391772540086
9.4
1.1621388226106163e-9
1.4730078586530458e-8
1.145123966496679e-7
5.854973192157092e-7
2.0916248197133618e-6
5.5252714638280465e-6
0.000011429327345382907
0.000019635657159807282
0.000029641679356214255
0.00004120393304412658
0.00005450546845044614
0.00007000691051319225
0.00008831903360512592
0.00011017575892481196
0.0001364542254449517
0.0001682090791670139
0.0002067147538582108
0.00025351661744662656
0.00031049299305023974
0.0003799305426797126
0.0004646160390138576
0.0005679482083711691
0.0006940741335314806
0.0008480556907300024
0.0010360727005236344
0.0012656709456866238
0.0015460650099717865
0.0018885080917107903
0.002306743634171001
0.0028175568981967823
0.003441448613660561
0.004203457745736213
0.00513416639648947
0.006270927172014766
0.007659362273671753
0.009355194477216229
0.011426483483447158
0.013956357392973564
0.01704634892877452
0.020820470300877903
0.025430190251785192
0.03106051302895524
0.03793740325482662
0.04633685469067638
0.056595966784389454
0.06912647375717801
0.08443126884135393
0.10312458720182444
0.12595665734291833
0.15384381040808373
0.18790525576402972
0.22950799881499534
0.28032170371422527
0.34238570286325026
0.41819084246385346
0.5107794489409642
9.6
8.046965606872013e-10
1.063974886844529e-8
8.540447197072827e-8
4.469607276523623e-7
1.6223765990896227e-6
4.328496907828203e-6
9.002083917264116e-6
0.00001550254893058897
0.000023421107178149847
0.000032563000644811956
0.000043076264324254825
0.0000553273616851327
0.00006979967662291393
0.00008707333010049842
0.00010784154275032506
0.00013293781517452537
0.00016336934889804144
0.00020035746822161173
0.00024538663624758874
0.0003002640315970374
0.0003671920768332537
0.0004488568294115913
0.0005485357825969979
0.000670229402778251
0.0008188216822273735
0.001000276150863331
0.0012218752136403045
0.0014925124190364083
0.001823049388374336
0.002226751730828355
0.002719821438896206
0.0033220471312477664
0.004057598239474932
0.0049559950122459616
0.006053293266537193
0.007393531434168828
0.009030497978703301
0.011029890115352175
0.013471950470901098
0.016454687502073757
0.020097808919031172
0.02454752597610575
0.029982421442805066
0.03662061676255565
0.04472852600624597
0.05463154805617936
0.06672712595399329
0.08150069771116897
0.09954517863585957
0.1215847571074404
0.14850395879207803
0.1813831457768668
0.22154187528029254
0.2705918581270044
0.33050164235157514
0.40367561795425044
9.8
5.578434274990049e-10
7.693995413164119e-9
6.376583539368781e-8
3.4156577202579435e-7
1.2596705222199556e-6
3.3941542672219814e-6
7.096596406901729e-6
0.000012249673871978054
0.000018520970340871214
0.000025754747330861384
0.000034070779663233914
0.0000437607701812955
0.000055207546955493065
0.00006887001779410512
0.00008529648469569217
0.00010514619902800942
0.00012921579952069286
0.00015847128375564963
0.00019408677703804312
0.00023749165416782627
0.00029042790526932245
0.00035502004797079064
0.0004338603917569066
0.000530113076451798
0.0006476410602580295
0.0007911611538339433
0.000966433322468487
0.0011804918537118491
0.0014419276680321892
0.0017612331026221743
0.0021512230057292893
0.002627549041512613
0.00320932784628228
0.003919908246237626
0.004787808327845875
0.005847859968785845
0.007142606763502224
0.008724011447031312
0.010655541342011585
0.013014715525190073
0.015896215940159105
0.01941568731621062
0.023714378397358758
0.028964810750424987
0.03537770266126037
0.04321042599941915
0.05277733545503692
0.06446238469625765
0.07873453577812775
0.0961665802375859
0.11745812722358549
0.1434636812794234
0.17522693659979793
0.21402266415036597
0.26140787269720483
0.31928429704105543
10
3.8714940840550914e-10
5.569897445713872e-9
4.7660196006412054e-8
2.612891658506744e-7
9.78998073901567e-7
2.6639117770801296e-6
5.599191147070132e-6
9.687099882811934e-6
0.000014657379437098388
0.000020385536994016997
0.000026968521739962408
0.00003463864264081317
0.000043699291479072943
0.0000545137604010781
0.00006751605820297981
0.00008322801248755268
0.00010228019914664627
0.00012543724932767846
0.00015362853676420638
0.00018798547680743332
0.00022988693409687648
0.0002810145612402848
0.00034342028943317566
0.00041960867967270605
0.00051263743957354
0.0006262401399161709
0.0007649760559520581
0.0009344131471268088
0.001141351518842459
0.0013940963345663259
0.0017027911312006018
0.002079824914835144
0.0025403293755119545
0.0031027861728127534
0.003789768674299065
0.004628847899460095
0.005653699043824533
0.006905452982296169
0.0084343469956373
0.01030174096891433
0.012582579979139709
0.015368402104364175
0.01877101216815415
0.022926968859747345
0.028003065313728565
0.034203023104183904
0.04177566830676831
0.05102491776282295
0.0623219763293398
0.07612023463408868
0.09297346522933277
0.11355804743691589
0.13870011281755415
0.16940870073468742
0.20691625464649246
0.2527280843897497
10.2
2.6897518455602026e-10
4.036443227253352e-9
3.565874388229618e-8
2.000751707733565e-7
7.61569484398885e-7
2.0925977966343618e-6
4.421331886747598e-6
7.666479091430477e-6
0.000011608357188282552
0.00001614748243444472
0.00002136235568433025
0.00002743807259723529
0.00003461522521267472
0.00004318161764605307
0.00005348104017906136
0.00006592684464025572
0.00008101852486173527
0.00009936176296128573
0.00012169273749121926
0.0001489076688688411
0.00018209878784857623
0.00022259817057767125
0.0002720311994853683
0.0003323817955958442
0.00040607204023523517
0.0004960593816645286
0.000605955327862854
0.0007401703890220211
0.0009040910868068594
0.0011042961343844379
0.001348820463281598
0.0016474776934001197
0.002012253988041322
0.0024577891007255895
0.003001963919904839
0.003666618091795825
0.0044784265220886655
0.005469969933530693
0.006681042444772424
0.008160248648053996
0.009966954282158356
0.012173668787956466
0.014868955366864344
0.018160985333088433
0.022181879408272473
0.02709301018997475
0.033091478600610236
0.04041802423955011
0.04936668710585442
0.06029660846998609
0.07364644444497459
0.08995197082405393
0.1098675856362233
0.1341925724313239
0.1639031783399234
0.20019179429863426
10.4
1.8706626329264965e-10
2.928124729040108e-9
2.6705570299332526e-8
1.533463328365454e-7
5.929584929174748e-7
1.6451829248641555e-6
3.4939687560150857e-6
6.071794587346471e-6
9.200119925600163e-6
0.000012799469908941457
0.000016933426432893468
0.00002174953364079083
0.000027438700236122244
0.00003422908434877493
0.00004239320190291531
0.00005225870750267796
0.00006422153852730751
0.0000787618053901793
0.00009646306005475991
0.00011803571602410558
0.00014434555972909726
0.0001764484975775863
0.00021563293318648926
0.00026347147554294317
0.0003218840533240331
0.00039321496837625496
0.0004803269807810505
0.000586716201467139
0.0007166524034182032
0.0008753503826557546
0.001069179246312951
0.001305918027267648
0.001595067884045797
0.0019482334156739093
0.002379588394984515
0.00290644461188391
0.0035499466562845536
0.004335920524706529
0.005295910108234543
0.006468443159595646
0.007900577547221014
0.009649789852612212
0.011786282150677998
0.014395799247804129
0.017583070359001474
0.021476011822055753
0.02623086104691981
0.032038446828405384
0.03913184797412098
0.04779574758396975
0.058377858364159894
0.07130287757945124
0.08708953163341565
0.10637139438392576
0.12992231468630205
0.15868747366532393
10.6
1.3023019009426746e-10
2.1261947819778863e-9
2.0019230631670128e-8
1.1763772102426639e-7
4.6207372064442304e-7
1.2944666232373882e-6
2.7631808317112808e-6
4.812203451480501e-6
7.296452986870797e-6
0.000010152456812733682
0.000013431726117780888
0.000017251922442020024
0.000021764620753765224
0.00002715081377036812
0.00003362666433825472
0.00004145207101761205
0.000050941094855013796
0.00006247456369528163
0.00007651535613966718
0.00009362697848958078
0.00011449618023294734
0.0001399605157123768
0.00017104195812198884
0.00020898791488024656
0.00025532129046898424
0.0003119016059378143
0.0003809996280139878
0.0004653885029428453
0.0005684550525845169
0.0006943356994675172
0.0008480824759481538
0.0010358657800081347
0.0012652220149912909
0.001545356051931854
0.001887510653348344
0.002305417684782844
0.0028158492227826574
0.00343929067720713
0.004200762942676659
0.005130826574904554
0.00626680829315941
0.007654299032462817
0.009348983693461243
0.011418875844655844
0.013947047603346556
0.017034963353759064
0.02080655199737416
0.025413180629407693
0.03103972943094237
0.037912011564520086
0.046305835838804085
0.05655807589638637
0.0690801901285817
0.08437473494760157
0.1030555341399082
0.12587231376977429
10.8
9.074966897859772e-11
1.5453393265337636e-9
1.5020611532766738e-8
9.0322986673569e-8
3.6037649610277426e-7
1.0193006661033988e-6
2.1868102515800134e-6
3.816491697430103e-6
5.790468511323046e-6
8.058061431342145e-6
0.000010661011313029174
0.000013693187969161175
0.000017275005497529542
0.00002155013233407004
0.00002669014168689419
0.000032901320141236724
0.000040432944097257486
0.00004958728406959734
0.00006073173586435946
0.00007431356546298913
0.00009087785937629755
0.00011108940088013708
0.0001357593501026018
0.000165877798728224
0.0002026535058532592
0.00024756240973266625
0.0003024068623654538
0.00036938796420748295
0.00045119390206216847
0.0005511078354558861
0.0006731396613573099
0.000822186945422663
0.001004231478590197
0.001226579346909499
0.0014981541513196528
0.001829855142198095
0.0022349946449937486
0.002729832330489193
0.00333422777249859
0.004072437482277267
0.004974088407536654
0.006075366965788459
0.007420471347359928
0.00906338526877152
0.011070044679504851
0.013520983852854156
0.01651456758361544
0.020170938898088495
0.024636840815085298
0.030091505660880702
0.03675384828644765
0.044891251895460615
0.05483029906692106
0.06696987866211916
0.08179719463532649
0.09990731923864367
11
6.32966428815562e-11
1.124184048774947e-9
1.1279980974008084e-8
6.940883072250641e-8
2.8128504195519737e-7
8.032224923562714e-7
1.731857889861386e-6
3.028771108330499e-6
4.598201287459749e-6
6.399693777214626e-6
8.46707824116425e-6
0.000010875273158288068
0.000013719990574191738
0.000017115341160647202
0.000021197590507420465
0.000026130573591154024
0.00003211226834379298
0.000039382741178889507
0.00004823378169963154
0.00005902061324031667
0.0000721761492257779
0.00008822836750727855
0.00010782149996762983
0.00013174188780875031
0.0001609495401847725
0.00019661666274037445
0.00024017470233988667
0.0002933717960548496
0.000358342930043668
0.0004376956240425328
0.0005346145802878009
0.0006529894967991296
0.0007975711746186418
0.0009741621841379349
0.0011898497426212594
0.0014532901491235253
0.001775056192157084
0.0021680614728533457
0.002648078672981475
0.0032343725683100445
0.00395047319147368
0.004825120174853655
0.005893416181695843
0.007198235655384296
0.008791945609277282
0.010738507211113184
0.013116042812788753
0.016019971266092062
0.01956683741608778
0.023898989455865285
0.0291902918571156
0.035653103164792435
0.04354679868901232
0.05318818014774109
0.06496419003229048
0.07934744096752089
11.2
4.4188008560066595e-11
8.185211981267562e-10
8.478054769892905e-9
5.33805362497256e-8
2.1971985895147396e-7
6.334021559560582e-7
1.3724650743523527e-6
2.405134680177468e-6
3.6536252785553885e-6
5.0856513819118886e-6
6.728634882410155e-6
8.642391703858857e-6
0.0000109030397931312
0.000013601266328143664
0.000016845359452780284
0.000020765516000250027
0.000025519065617568732
0.000031296784941636374
0.00003833055413583767
0.00004690266305525382
0.00005735714052950455
0.00007011356144775028
0.00008568388577228798
0.00010469300528947788
0.00012790382271100347
0.00015624786963853817
0.00019086269219833595
0.0002331375047603761
0.00028476894398970755
0.0003478291608329467
0.00042484898321143314
0.0005189194870321535
0.0006338160519173747
0.0007741498804451416
0.0009455530618990627
0.0011549046077904183
0.001410606530736819
0.001722921046737156
0.002104382433929163
0.0025703000771761493
0.0031393728874699843
0.0038344397548156443
0.004683396158196551
0.005720313683652535
0.00698680748763143
0.008533706408444888
0.010423092931305932
0.012730794771460555
0.015549428106652495
0.018992114589597552
0.0231970213166727
0.028332905959542194
0.03460588960215096
0.04226772910395423
0.0516259209868848
0.06305604234985973
11.4
3.0874712360438974e-11
5.96469602058262e-10
6.377323543434658e-9
4.108569205705283e-8
1.7175629128015476e-7
4.998296435183315e-7
1.0883470994160722e-6
1.911053315874103e-6
2.904770129664461e-6
4.043737138284093e-6
5.350184837419378e-6
6.8718885188180656e-6
8.669414471270037e-6
0.000010814875246281962
0.000013394374947513104
0.000016511437946259954
0.00002029116292539768
0.000024885243519836098
0.00003047805631470901
0.00003729406052524116
0.00004560680633298271
0.00005574991341519619
0.00006813046027397254
0.000083245321725878
0.00010170111023278794
0.0001242385213900238
0.0001517620606418394
0.00018537634425989865
0.0002264304314735735
0.0002765719669534675
0.0003378133065772468
0.0004126122803369417
0.0005039708336865387
0.0006155555061535943
0.0007518445824439888
0.0009183078217344328
0.0011216259783088408
0.0013699589236869023
0.0016732731309254422
0.002043741664167397
0.0024962327264590137
0.003048906372928473
0.0037239433404878688
0.0045484352240283705
0.005555471786643939
0.006785468938645278
0.008287790784552827
0.010122730775053313
0.012363931494951958
0.015101340198353703
0.018444818708270444
0.022528552557160856
0.027516436323285095
0.03360865129577106
0.04104969945284478
0.050138216184172635
11.6
2.1590537194967078e-11
4.3501092679999394e-10
4.80090384869041e-9
3.1646530067891856e-8
1.3435859841266346e-7
3.946867611534916e-7
8.635756445381938e-7
1.519346662865296e-6
2.3106907533015894e-6
3.21705803322215e-6
4.256472161889176e-6
5.46710495580272e-6
6.897172385722008e-6
8.604048078234918e-6
0.000010656234436550359
0.000013136092899397984
0.000016143148894262108
0.000019798086136692447
0.000024247590091556463
0.000029670234975889534
0.000036283650569067006
0.000044353256460094616
0.000054202914267704804
0.00006622792534426683
0.00008091089560690863
0.00009884110420757215
0.00012073815337487788
0.0001474808485774767
0.00018014246807385666
0.0002200338373371582
0.00026875593708387217
0.0003282641562521319
0.0004009467686242883
0.0004897207826409247
0.000598149011191239
0.0007305830598042862
0.0008923379718585046
0.0010899055399342743
0.0013312148442456973
0.0016259504744681452
0.001985941206332709
0.0024256347319178578
0.0029626774979434976
0.0036186229112302013
0.004419796369453704
0.005398351774941144
0.006593561992056482
0.008053395003480871
0.0098364390340728
0.012014253900628557
0.014674242961332795
0.01792316091687614
0.02189139825250136
0.02673821426586816
0.032658128702054784
0.03988872851346386
11.8
1.5110330139605152e-11
3.17507292110908e-10
3.6169161872052257e-9
2.4393737755150028e-8
1.0517611520399408e-7
3.1186097557829584e-7
6.856310839573406e-7
1.2085993712937437e-6
1.839099544603051e-6
2.560741493280167e-6
3.388139258706485e-6
4.351801979769063e-6
5.4901321933912025e-6
6.848801032448151e-6
8.482336308152636e-6
0.00001045629752341498
0.00001284990667285296
0.000015759227696154418
0.000019301021861291718
0.000023617433804214157
0.000028881696292143714
0.000035305082662766086
0.000043145385965202366
0.00005271726510018023
0.00006440487318649758
0.0000786772749745528
0.00009610727206209898
0.00011739439143296908
0.0001433929599317029
0.00017514639139933533
0.00021392906253439665
0.0002612974581050909
0.00031915263814702926
0.00038981653417872433
0.00047612513646530405
0.000581542312267789
0.0007102988229948123
0.0008675621195167623
0.0010596437301122665
0.0012942525642579536
0.0015808042982381667
0.0019307992592853894
0.002358283975054445
0.0028804149053018057
0.003518147000469255
0.004297074687818783
0.005248459070442606
0.006410482544154184
0.007829781191205795
0.009563316449482308
0.011680661176018476
0.014266791849156767
0.017425498973306495
0.021283552556296534
0.02599578983506701
0.031751329437277716
12
1.05833454780394e-11
2.3191975180150364e-10
2.7269293699134447e-9
1.881641426067074e-8
8.238678573813873e-8
2.4656861924281e-7
5.446638944455852e-7
9.619234352130149e-7
1.4645140587913264e-6
2.0393658078287015e-6
2.698328832891091e-6
3.4657958293110846e-6
4.372367492751251e-6
5.454417844224799e-6
6.755373137681531e-6
8.327445274881867e-6
0.000010233727030614626
0.000012550724185138184
0.000015371425969783364
0.00001880903705133938
0.00002300152083278134
0.000028117136409037608
0.00003436119139535904
0.000041984281642724865
0.00005129234852922194
0.00006265895746178279
0.00007654029036789808
0.00009349345387762138
0.00011419883796923317
0.00013948742240787272
0.0001703741268812996
0.00020809854329060737
0.00025417468492571204
0.00031045174913473607
0.0003791883321062365
0.0004631430742663645
0.0005656853742021534
0.0006909306144606228
0.0008439053262994296
0.0010307489220346595
0.0012589600912175194
0.0015376977493683662
0.0018781486179633132
0.0022939761841260353
0.002801869069791796
0.003422210799258472
0.004179897864296144
0.005105338907245812
0.006235675126707413
0.007616270883748587
0.009302534333965736
0.011362141150434662
0.013877750586454789
0.016950322881569287
0.0207031711505995
0.02528691037162497
