1  11  50
-1  10  55
1
0.14326118744598615
0.2933539612462539
0.5626019446006092
1.013697604301881
1.7192580419134966
2.750460698841084
4.165118493401605
6.003579475194775
8.2967667150409
11.082200819966118
14.41978444109653
18.402335634182986
23.16112307085297
28.869254871532668
35.74559150002695
44.0607446208757
54.14587567521284
66.40464644226262
81.32863805930612
99.5166743281328
121.69867191558681
148.76486561877948
181.80151583769378
222.13449924264464
271.3825200695726
331.5220743151634
404.9667734568959
494.66421115177354
604.2142605239944
738.0135497112755
901.4319139894465
1101.027906120142
1344.8120140877434
1642.5681501438883
2006.2463135117775
2450.4421858482815
2992.982907189076
3655.642541671231
4465.015947182071
5453.586120387646
6661.027853444069
8135.800022714342
9937.090413627559
12137.19113433066
14824.399951822963
18106.56399138058
22115.408020371222
27011.821025682657
32992.31325369173
40296.90285644051
49218.7486628409
60115.91567182917
73425.74545802468
89682.40822472937
109538.34092978592
133790.43187155636
1.2
0.06507369368563595
0.1392818146514214
0.2764164181381586
0.5111378029280561
0.8837245294327015
1.4334927287042387
2.1918613432681986
3.1799115541179304
4.412934368018353
5.909556952850044
7.7006874223087625
9.835375171791993
12.383733452117994
15.43857679966676
19.11732110505173
23.565048469374496
28.959138567662812
35.51564551123386
43.49756576386769
53.225204985807586
65.08895987578052
79.56496340320616
97.23418829284984
118.8057625713728
145.14542925718195
177.31029165933427
216.59123864439786
264.56475253966784
323.15617890421487
394.7169974065576
482.11919495973154
588.8705286427139
719.2553043044776
878.5063208046337
1073.0148806035393
1310.5872951718918
1600.7581796796583
1955.173110581101
2388.0560034885593
2916.7799688493837
3562.564555869244
4351.327367528728
5314.72422499379
6491.419626870359
7928.638491293415
9684.061457709991
11828.13981347071
14446.9229513617
17645.511833877852
21552.277063881913
26324.010847637
32152.219616578936
39270.809852834434
47965.47557764994
58585.164255604424
71556.08128160007
1.4
0.03184878046353038
0.0712800575394509
0.14644158879212113
0.27800908078745257
0.49012624081538486
0.8062779630902872
1.2449151920401051
1.8178793140932974
2.5331935034927624
3.4007023884262026
4.437562936069535
5.671761582362877
7.143755572875304
8.90728600024641
11.030341874677989
13.596841140576055
16.709268694708715
20.492360449731294
25.0978955973751
30.71069947223396
37.55603178119434
45.90861953119857
56.103681379895534
68.5503809557738
83.74824801608169
102.30722632940696
124.972152860318
152.65265069250503
186.45963539680173
227.74989997375488
278.18056772036834
339.7755984086796
415.00701689376893
506.89412415524606
619.1246724450687
756.2028677343204
923.6301393140891
1128.125931469893
1377.8973783744034
1682.9686851989284
2055.5834346643405
2510.6959650058184
3066.5715400799663
3745.5193985092455
4574.788101816778
5587.659114820795
6824.782507705168
8335.808386058932
10181.379523954656
12435.565171372442
15188.833713393362
18551.683483923167
22659.077452041674
27675.859759727817
33803.371496106556
41287.53122231602
1.6
0.01645574062594232
0.03851668139507612
0.08193141771408831
0.15971201995642367
0.2871509511841972
0.4790845427212865
0.7469685769349643
1.0978013673085216
1.5359413060318585
2.066801632871704
2.700417952155623
3.4536723983508133
4.351248756107092
5.426028584221925
6.719588307375978
8.283171796440461
10.179284855494922
12.48395033647306
15.289644420664981
18.708966111155544
22.879144346101988
27.967542980152917
34.17837731477317
41.760909939459374
51.01945451247152
62.32558893661849
76.13306808472788
92.99603457641538
113.59125846688033
138.74529840557273
169.4676743370706
206.99138308108869
252.8223828241789
308.8000325095918
377.1709117700923
460.67898405682314
562.6757215273595
687.2546113912517
839.4154419248899
1025.2649615304997
1252.2619639917764
1529.5166360580326
1868.1561812264413
2281.7713934887834
2786.9621036145127
3404.00338864602
4157.65928193044
5078.176640730626
6202.499058810886
7575.749542572568
9253.041455738503
11301.690413811173
13803.915887738658
16860.140976732964
20593.022723093836
25152.37477833989
1.8
0.00885964843688906
0.021688119437360105
0.04776988929898908
0.09562169958047101
0.17533258733422935
0.29667460893648745
0.4670635698577132
0.6907918532930615
0.9702654822533223
1.3085321388804172
1.7116976632846639
2.190385631274531
2.7603023022728532
3.4424136634682823
4.263199918013036
5.2552434712094085
6.458238686713244
7.920433637899424
9.700504568745961
11.86989092929528
14.515657699000196
17.74398878043415
21.684448435001272
26.4951811445288
32.369258504225144
39.54242786397567
48.30257369673823
59.00127141379235
72.06789732019438
88.02686099360403
107.51865168196707
131.3255433859176
160.40299026119294
195.91797234875614
239.29583058134494
292.277470719802
356.9892320140469
436.0282246632301
532.5665609670868
650.4786633305805
794.4967584390292
970.4007981317731
1185.2504291601904
1447.668321608167
1768.1862269105084
2159.6676540217068
2637.824127196256
3221.845744623966
3935.171344451009
4806.429187654697
5870.585910676494
7170.349859396034
8757.8851246219
10696.90507099628
13065.229377251588
15957.907213546525
2
0.004926708508869829
0.012613150027157623
0.028766042756348992
0.05912742645993659
0.11056325329759695
0.18971961466006107
0.3015547874102323
0.4487756555659107
0.632708918437414
0.8550890204716655
1.1197470885310934
1.4335945477824514
1.8069571864366916
2.253635825331868
2.791032359095099
3.440519256983501
4.228103419542305
5.185379152065174
6.3507627199177685
7.771024725156072
9.503165240123888
11.616701144108651
14.196456054008527
17.34596459249424
21.19162759588889
25.88778502355682
31.622910162401123
38.627173721629596
47.181681391511674
57.62975560175654
70.39071425610005
85.97669943209637
105.01323143232328
128.2643131540387
156.66309212053054
191.34931105523825
233.7150497155955
285.46059395024
348.66267414023594
425.85781168116296
520.1441184930504
635.3056351299434
775.9641976139576
947.7649279433871
1157.6027926594736
1413.8993220641082
1726.940595800417
2109.290059345905
2576.292739192669
3146.6910926405967
3843.3772088334304
4694.3115465819055
5733.6450899559495
7003.089942983304
8553.593384939828
10447.382563136078
2.2
0.0028120557623601394
0.007528723726953763
0.017777719755472807
0.03752007003128613
0.07154274655469617
0.12448126860749721
0.1997370257106723
0.2990535148864142
0.4231465857580001
0.5730018868161934
0.7510839394839336
0.9620117896053595
1.2127529794956062
1.5126234960522789
1.8733457358470447
2.309289071392395
2.837919715381618
3.4804471461333595
4.262657256509087
5.215942777611512
6.378562397111261
7.797176122273402
9.52871790296172
11.642680590693073
14.223904930753088
17.375984519202035
21.225423377627973
25.926713003711253
31.668532657498496
38.681321722593545
47.24652804774843
57.707903437266665
70.4852996179173
86.091518362913
105.15289202763186
128.434420466264
156.87047316204587
191.60228875541128
234.0237769577974
285.8374610427141
349.1228060826728
426.4196751840521
520.8302631115882
636.1435982568872
776.9876096519013
949.0148620107981
1159.1294129993778
1415.7638973110274
1729.217957905984
2112.0716068477773
2579.690105391789
3150.8406257041333
3848.4454437108216
4700.501890182216
5741.205982087936
7012.324828796444
2.4
0.0016399284117408295
0.004591052437251902
0.011223469200008837
0.024319429698817917
0.047281237416605074
0.08340812631780423
0.1350825604282756
0.20344585110597438
0.288863961249246
0.3918883029363968
0.5141375359161021
0.6587680346011863
0.8305817418765228
1.0359962595731622
1.2830673519315592
1.5816507711782135
1.9437146569539279
2.383787058586974
2.9195292419466066
3.5724423869941386
4.368730188792237
5.3403504727199635
6.526297772360871
7.974168316991097
9.742070235386889
11.90095563905791
14.537468179614262
17.7574203627293
21.69004017553341
26.493157459480397
32.35953817605926
39.52462078168652
48.27596519964318
58.96479360947305
72.0200862262806
87.96579778302359
107.44188567366523
131.2299936904392
160.28482213377092
195.7724432875134
239.11709999405514
292.0583655204501
356.72095874164336
435.7000165693841
532.1652459085755
649.9881351249924
793.8973304671129
969.6684132434749
1184.3556941800232
1446.575327954196
1766.8511083501269
2158.0368278301958
2635.8321425944214
3219.4126562754736
3932.1995039771323
4802.79932466244
2.6
0.000973763686688335
0.002850259972497962
0.0072129769602428595
0.01604471562386848
0.031801486349322484
0.05687045905546658
0.09294931249583736
0.1407944448847386
0.2005712539967159
0.27257723136900985
0.3578945198808986
0.45872060517574537
0.5784231138338598
0.7214972519918552
0.8935705878180279
1.10151520384469
1.3536689479808475
1.6601503433630023
2.0332594132960193
2.4879703232862314
3.042532218219323
3.719201614125297
4.545135629809005
5.553481897369157
6.784708893069679
8.288230079377982
10.124387040721128
12.366871203141017
15.105681329974514
18.450735488225124
22.536282446542213
27.526289549694017
33.62102330383604
41.065086774579314
50.15723636688436
61.26237196859504
74.82618166418344
91.39302876249933
111.62779900774366
136.34258477895526
166.52927720863116
203.39937425664905
248.43260237719412
303.43630313725475
370.6179681792392
452.673833612244
552.8970894337427
675.3100468075728
824.8255675341901
1007.4442344808473
1230.495175860631
1502.930209245198
1835.6831090726682
2242.10841758793
2738.5174094773274
3344.832720595993
2.8
0.000587142772466484
0.001796673206079408
0.004706147564122143
0.01074539642924238
0.021710019964539203
0.03935091935448522
0.06489531883737985
0.0988491718525597
0.1412643133989912
0.19228978813569836
0.25266036436564676
0.3239303987798059
0.40849624112288235
0.5095504767414434
0.6310785713033341
0.7779386861689153
0.9560208672782106
1.1724715865584392
1.4359777114298968
1.7571146640670956
2.1487707978239166
2.6266646485438363
3.209975774454968
3.9221144991830252
4.791661450243292
5.853514599965998
7.150289843668676
8.734031325167507
10.668300151010842
13.03072532085632
15.916119251806046
19.440282933617205
23.744653429018946
29.001980239658522
35.42325835017482
43.26619619778024
52.845558416721445
64.54579844826654
78.83648800721062
96.2911626435683
117.6103397380156
143.6496327240703
175.4540898593976
214.3001356818836
261.746798408096
319.6982792097712
390.48037449292667
476.9338182740734
582.5282911451385
711.5016690574824
869.0301075266893
1061.4357755868155
1296.4405882750468
1583.476113882853
1934.0620959015769
2362.268780781917
3
0.00035873493562176413
0.0011474760381592235
0.0031106833864404052
0.0072895059374418385
0.015010618610116985
0.027572916867322207
0.04587439590629685
0.07025573228276921
0.10070641453356922
0.13728957135988148
0.18051105474451043
0.23148538689891454
0.29193883397814435
0.3641654399276315
0.45102059288308277
0.555979140175822
0.6832513803711621
0.8379449228143347
1.0262681385692691
1.2557790982366823
1.5356888824562493
1.877231253698503
2.2941135065575637
2.803066589612403
3.4245165771449524
4.1834044392108005
5.110187010351122
6.242059329300098
7.6244474064918775
9.312831329355898
11.374971873034898
13.893629982589607
16.969888238265746
20.727207698635382
25.316382782113898
30.921593198487944
37.767795722995096
46.12975250159127
56.34305822062326
68.81760869985506
84.05405145140637
102.66387842140784
125.39396730978604
153.1565563943878
187.0658558562404
228.4827649463789
279.06948965120665
340.85625285518154
416.32277438023357
508.4977905142963
621.0806085041783
758.5895720756922
926.5433987632674
1131.6826653577107
1382.2403309203269
1688.2721543403225
3.2
0.00022171869347147844
0.0007412543905399271
0.002079428905899262
0.0050005392086373435
0.010493480866952912
0.019531110778945315
0.03277738809766566
0.05046268511133612
0.07254436902408026
0.0990369941903351
0.13029321135279143
0.16712163940018815
0.21077889816752968
0.2629298365046568
0.3256405709582826
0.4014216139777825
0.4933132523714373
0.6050032938185993
0.7409742422077022
0.9066830886846061
1.1087803110907042
1.3553767805728172
1.656369279309842
2.023837693132337
2.472529819756821
3.020453249689011
3.6895980740617764
4.506819424204038
5.504915262356589
6.723942679055071
8.2128255248281
10.031317896099866
12.252402276887848
14.965218582149046
18.278641655558577
22.32565079926969
27.26866670023237
33.30606994265822
40.680162717426484
49.68689325978415
60.687733291172535
74.12418514862004
90.5355008237485
110.58032403863847
135.06312393105176
164.9664812256117
201.49052264835794
246.1010862261934
300.588550526144
367.13968877156145
448.42543185453525
547.7080620463469
668.9721399015397
817.0844186514462
997.989164099837
1218.9467188814522
3.4
0.00013842822524022842
0.00048365548495143485
0.0014038697106365657
0.00346397857051563
0.007406615213054534
0.01396640452483382
0.023638690379028344
0.03657957907355505
0.05273204087568829
0.07208437704630175
0.09488528854633138
0.12172750206437631
0.15353400298875036
0.1915233819095166
0.23720352075905252
0.29240409512622606
0.35933993557926497
0.4406973534370653
0.5397415036348475
0.6604473755375302
0.8076593196085161
0.9872854680597265
1.2065348489384728
1.4742067097361884
1.8010436620868107
2.2001628204899246
2.68758223817505
3.2828637678192973
4.009898147382966
4.897863819307733
5.98239796386796
7.307026744342916
8.924912164778823
10.90098564787919
13.314553960985828
16.2624820751167
19.863080696369515
24.26085448997438
29.63230155989989
36.19299693749175
44.20624436441693
53.993643596337925
65.94799733032129
80.54907575629467
98.38287141935606
120.16511715816783
146.7700109768806
179.2653006805579
218.95513634585075
267.43241043195434
326.64268616973055
398.9622798237527
487.29363061869776
595.1817858143224
726.9566758996874
887.9068899069947
3.6
0.00008720478765784461
0.0003183840195141833
0.0009561060677177875
0.002420337561331617
0.005272330937835441
0.010070710798909687
0.017187922358005592
0.02672973492384231
0.03863493084480996
0.052878819748819576
0.06963868630720067
0.0893529235404855
0.1127047381596311
0.14059271784426236
0.1741256053265173
0.21464709026715215
0.26378314593255736
0.3235057470957991
0.3962117698482819
0.48481916211956044
0.5928840496821792
0.724743455915691
0.8856893617819244
1.08218109160268
1.3221045484252145
1.6150887029997056
1.9728920381866193
2.4098744581601896
2.9435736017826537
3.5954086896321025
4.391540152533149
5.363919541498995
6.551571855663615
8.002161752525064
9.773906498011092
11.937912429775702
14.581028704200795
17.80933285798973
21.752388072178782
26.568442997519252
32.45078282847938
39.635486516776155
48.41090144862208
59.12921583780526
72.22059327531856
88.21043670467202
107.74047468683504
131.59451626287492
160.72990775042544
196.31595483850393
239.7808505066696
292.86899363333833
357.7109978074103
436.9092003317651
533.6421031578005
651.7919373280894
3.8
0.00005537716350848613
0.00021124955787814483
0.0006562454522510659
0.0017041372974591462
0.003781419066010001
0.007315455052255609
0.01258820483916255
0.019671156079562924
0.02850457679351368
0.039058544777147895
0.051460714620039746
0.06603789818762967
0.08329923682722823
0.10391166100317063
0.12869581885218484
0.1586451622200565
0.19496150670353424
0.2391023416788987
0.2928391931892485
0.35832870975073544
0.43819921561188685
0.5356561946173624
0.6546109375292094
0.7998375158591547
0.9771643821205587
1.1937082860930854
1.4581598949806909
1.7811325804008287
2.1755883702528167
2.657358160411685
3.245777064165737
3.964460398201036
4.842251448180402
5.914379051073337
7.223871452079267
8.823283179190188
10.776804240930538
13.162836296785615
16.077139191083706
19.636674131784485
23.98429775443316
29.294495460548553
35.78038412944586
43.70226524690763
53.37807171779016
65.19612762982688
79.63073306278046
97.26119942684763
118.7950992090947
145.09666345121423
177.22146626662476
216.4587887900893
264.383362541428
322.91856895394636
394.4136313781454
481.73789770936224
4
0.000035419459159677884
0.0001411619876422465
0.00045358328784791437
0.0012081254140155306
0.0027304137991447076
0.005349116205325422
0.009278979712023728
0.014568074183431803
0.021161096567879928
0.029027304995228327
0.03825949453932164
0.049102995503848654
0.06193947844667647
0.07726677800531376
0.09569586872706796
0.11796566036863264
0.14496983461878318
0.17779215763147968
0.21774990420683393
0.2664467190099202
0.3258369762046793
0.39830421534575366
0.4867568011895675
0.5947446465843069
0.7266016829365342
0.887619796096382
1.0842612083182175
1.3244178299293563
1.6177279894016634
1.9759632533168239
2.413500860665563
2.9479007319289767
3.6006102103460336
4.397824819104284
5.371539579663507
6.5608330843093325
8.013435857275926
9.787645948276696
11.954668637938672
14.601474155727745
17.83428810064028
21.782854647464294
26.605643636081332
32.49621052256528
39.69096443925553
48.478656123318544
59.21196649771878
72.32166099763184
88.33387768657285
107.89124305097896
131.77866283088036
160.9548230564547
196.5906654819977
240.11638158997908
293.27881119703335
358.21154926904137
4.2
0.000022801957865791053
0.00009493299813367953
0.0003154859438251823
0.0008617901004950211
0.0019834826231277997
0.003934491201080818
0.0068792474767996326
0.010849804041612838
0.01579660304214165
0.02169046484069321
0.028599453064565628
0.036708867005870116
0.04630631176290648
0.05776529197120391
0.07154306211396742
0.08819215397960241
0.108380709699592
0.1329189639640953
0.1627917229648019
0.1991978854087071
0.2435985584251807
0.2977756969238048
0.363903619701361
0.44463627248991455
0.5432137401172641
0.6635922824882166
0.8106031131861258
0.9901462930368381
1.2094275202662892
1.4772473204721286
1.8043542426159531
2.2038762360332265
2.69184752113676
3.287852098981276
4.0158097259896515
4.904935897766311
5.990914369518391
7.3173292704463435
8.937414287883001
10.916189122082432
13.333068955090752
16.285051660847255
19.890610670448254
24.294449726925375
29.673310354542767
36.243065116747395
44.26738134012002
54.06830301060636
66.03917552633939
80.66043203583291
98.51887490091086
120.33122613899593
146.97289199362834
179.51309606079187
219.25779098612918
267.8020709296136
4.4
0.000014765962170266543
0.00006421498969976326
0.00022068826653484397
0.0006181852811259223
0.0014487780021501316
0.0029094435812802026
0.005126686893518808
0.0081216104616879
0.011850768535098845
0.01628770630342479
0.02148277399201777
0.027576693658012442
0.034787187783755086
0.043395756776246096
0.05374622099079718
0.06625373496665124
0.0814202454093781
0.09985443623346402
0.1222961361970661
0.14964600951720383
0.18300170264195167
0.22370189665627765
0.2733800332540681
0.33402987048882377
0.40808549928464133
0.49851903205206616
0.6089598839949398
0.7438404342857017
0.9085739130050506
1.1097716530727975
1.3555084262510921
1.655646512087572
2.0222315058233096
2.469975750424185
3.0168487945626756
3.684798573701555
4.50063225780841
5.497092117212807
6.714169584880514
8.200710253037885
10.016374218296379
12.234030450810401
14.94268128190991
18.25103438016506
22.291865571824474
27.227347600930063
33.255558690962616
40.61843211958627
49.61146584987945
60.59558190253616
74.01161142246062
90.39798678116337
110.4123507582517
134.85795005532822
164.715872406512
201.18442107377683
4.6
9.613595540501517e-6
0.000043666901804662716
0.00015517916496620164
0.00044570122432304084
0.0010634835659135305
0.0021618713452833714
0.0038386051694474727
0.006107319805453584
0.008930515356645284
0.012284905757699586
0.016208039012843227
0.0208073023339858
0.02624819225011752
0.03274373617859702
0.04055355958601233
0.04999095317212947
0.06143465993127226
0.07534395532485627
0.09227706819646268
0.11291358382158798
0.13808171803195035
0.16879155642469296
0.20627559264413645
0.2520381926791677
0.30791597035245444
0.3761514970822676
0.45948330414760874
0.5612557895636516
0.6855534405174759
0.8373647581808078
1.022782463777093
1.2492480208774284
1.5258502874628992
1.8636902837080171
2.276326714898769
2.7803201298836147
3.3958975540468037
4.147764270858945
5.0660953316488015
6.187746586364935
7.557733838243783
9.23103948605475
11.27481916081911
13.77109691708233
16.820057146228955
20.544065327880112
25.092578991629914
30.64814594537937
37.433730614178714
45.72166233129843
55.84456489741841
68.20870593648877
83.31030184169877
101.75543268217643
124.28436632374992
151.8012679778166
4.8
6.289965202317783e-6
0.00002983806887334262
0.00010963515898245752
0.0003228389987148743
0.0007841982680590403
0.0016134692699296784
0.0028864574978287602
0.004611728502677784
0.006757283132245052
0.009303037966077815
0.012277207858636762
0.015762095626703367
0.01988396125514538
0.02480461111175664
0.030720849946885984
0.03787003155397836
0.046539070829727
0.057075886435869055
0.0699033577718069
0.08553629630248973
0.10460210674208498
0.12786596700811798
0.15626153749808672
0.19092843215934663
0.23325795519828843
0.2849489390035763
0.34807592425476186
0.4251724185236859
0.5193325748294876
0.6343353708636906
0.774796272633216
0.9463524693176554
1.155889113464728
1.4118156463371039
1.7244032983179503
2.1061973094509465
2.5725204139725566
3.142087795438711
3.837758192754359
4.687451301628226
5.725268289994276
6.99286039761825
8.541100546596857
10.432125050348796
12.74182736204609
15.56290394537296
19.008574510805268
23.21712591149677
28.357462097573418
34.635882807436474
42.30436310919524
51.67066604208342
63.11069423357279
77.08357618023247
94.15009269772578
114.99518301862751
5
4.134059971726021e-6
0.00002047957714299578
0.00007779645387712838
0.00023484322187065942
0.0005806596704867439
0.001209034678503116
0.0021789640286370635
0.0034955975040911083
0.005131866178798062
0.007070702308867915
0.009333459991735798
0.011983460145360215
0.01511734630999089
0.01885843272403897
0.02335642886183536
0.028791804365908592
0.03538269623365333
0.04339361994178588
0.05314608198355232
0.06503148290388833
0.07952682557416509
0.09721385899233824
0.11880242591292076
0.1451589513290042
0.17734121514951293
0.21664080462123647
0.26463495025993694
0.32324982564882704
0.39483785154807444
0.4822721067997978
0.5890616350695894
0.7194922750903575
0.8787986664192471
1.0733743339029505
1.3110282822790928
1.6012983989556187
1.9558342429222637
2.3888645824571926
2.9177684455585844
3.5637726013601316
4.35280346490858
5.316527615233406
6.49362268635214
7.931329636530273
9.687348693808834
11.832155068758627
14.45182737266323
17.651502251760462
21.559593895372444
26.332947742878215
32.163135244556436
39.28414229547069
47.981759913814656
58.60505403234544
71.58037474546593
87.42846723294375
5.2
2.7284719677319583e-6
0.000014114091138821468
0.00005542613514119013
0.0001715034575220681
0.0004315913225169866
0.0009093274107707174
0.00165076848714993
0.002658787647226047
0.003910640797896175
0.005391982527937964
0.00711908342615662
0.009140828265961203
0.011531411509627162
0.014385100614033277
0.017816146527532568
0.021962219042050573
0.02698971259836523
0.033100398090016664
0.040539518780417866
0.049605632703395214
0.06066259484393357
0.07415415991636638
0.09062179179918978
0.11072639438160228
0.13527483595724593
0.16525233168205183
0.20186198371759298
0.24657306594514827
0.3011799910858215
0.3678743267835407
0.4493327509094105
0.548824476043546
0.6703424544547633
0.818763629295252
1.000044663453453
1.2214610013510172
1.4918988580732657
1.822211854382184
2.2256566106272415
2.718424781467175
3.3202928838241905
4.0554159979481215
4.953297195601081
6.049971601919944
7.389452611514259
9.025498300536917
11.02376892719442
13.46446210765185
16.44553142958134
20.086617671958027
24.533850410408764
29.96571270981534
36.60020427743928
44.703590554551226
54.6010888855582
66.68992063104993
5.4
1.8077635899471254e-6
9.764124443870148e-6
0.000039635339971443666
0.0001257014980089733
0.00032192188647766934
0.0006862437817345689
0.001254724476864304
0.0020287433220265018
0.002989292148050755
0.00412441600124069
0.005446590136442794
0.006993670926676984
0.008822772257681967
0.011006159628986522
0.013631281889182431
0.016803476481295182
0.020650053622944475
0.025325389924352126
0.031017123046909723
0.03795368222585371
0.046413455936923184
0.0567359646034352
0.06933548674304707
0.08471768541894038
0.10349990227468885
0.12643593362156155
0.1544462829313647
0.18865510387282175
0.23043531654569907
0.2814637075848989
0.34378822549554344
0.4199101720176473
0.512884588147446
0.6264428636595356
0.7651424908803659
0.934549972857731
1.1414642266733954
1.3941894478564647
1.7028683869167434
2.0798894135186994
2.540383705272222
3.1028325150105025
3.7898088883600614
4.628883599321338
5.6537316622355105
6.9054838283537885
8.434377307347347
10.30177196269995
12.582612898935682
15.368438271356164
18.771053033853033
22.927016064235737
28.00312075148989
34.203089000129566
41.775747305432205
51.025013034967955
5.6
1.2020514753419997e-6
6.778654830405027e-6
0.00002844111616494354
0.00009244110302850533
0.00024090231605684392
0.0005195181034217271
0.0009565899991262463
0.0015525395288387837
0.00229154916129717
0.00316372279144703
0.004178681532561497
0.005365822668411555
0.0067692198679506705
0.008444415472790918
0.01045852642657115
0.012892375379471766
0.015843640642696485
0.019430766835966486
0.023797717928421638
0.02911975500080387
0.03561047008775002
0.043530358376159914
0.05319727279173201
0.06499918055260939
0.07940973365669696
0.09700727819894796
0.11849806543098813
0.14474459610365
0.17680023565071937
0.2159514894422285
0.263769634762123
0.3221737816830252
0.39350789369174743
0.4806348591742489
0.5870513891788682
0.7170283527084704
0.8757821816895713
1.0696842247016833
1.3065164515671333
1.595783771124383
1.9490954965937148
2.3806312680798203
2.9077101313173017
3.5514856117874887
4.337794679970085
5.298194679690251
6.471229835129674
7.903978165881971
9.653940893180744
11.791350165808485
14.401987722828757
17.59062761597468
21.485241160232604
26.24213287204999
32.05221351834183
39.14866203624389
5.8
8.019665569210499e-7
4.721472250183365e-6
0.000020473969292879937
0.0000681936027139009
0.00018081829477917518
0.0003944453738729223
0.0007313410673062917
0.0011913335596462095
0.0017613066607139484
0.002433112626544887
0.003214211447406783
0.00412748851381192
0.005207031157463558
0.00649563073693385
0.008044929509501907
0.009917099883376567
0.012187278305716129
0.014946574999009008
0.018305730228003622
0.02239955868682797
0.027392360085928925
0.033484513076382005
0.04092051714875116
0.04999880525587021
0.06108372097565427
0.0746201408977017
0.09115132908308149
0.11134074015853734
0.13599864608043724
0.1661146551932039
0.20289742868695734
0.24782318841511367
0.3026949628606068
0.3697149489997979
0.45157289419958535
0.5515540452235764
0.6736709967199965
0.8228247307340952
1.0050013103261393
1.2275121213005145
1.4992873037900725
1.831234150135507
2.2366748528250917
2.731881170856622
3.3367274725600238
4.075488363782061
4.977812913052898
6.079914572811172
7.426024552404357
9.070166971826266
11.078327039343938
13.531099269594876
16.526922024446744
20.186028190099147
24.655270544947957
30.114015477369485
6
5.367160252272948e-7
3.2986767073730432e-6
0.000014782737462584333
0.000050452586857487476
0.0001361017036517546
0.0003002944650069771
0.0005605865106720775
0.0009164582666711083
0.001357065138752614
0.0018757283053107445
0.002478260747484149
0.0031825185689353316
0.0040149199818678245
0.0050085058298206435
0.00620310461134809
0.007646655942770437
0.009397094430730052
0.011524671313676686
0.014114773722312781
0.01727135156075714
0.021121089381154593
0.02581849067959809
0.031552078663892556
0.03855196235181826
0.04709907165403674
0.057536432077804095
0.07028293154498284
0.0858501318351314
0.10486279935611151
0.12808397921352405
0.15644561889010697
0.19108597057057986
0.23339527319840286
0.2850715476460653
0.34818874425485835
0.42527997774420195
0.5194391899997032
0.6344453208245946
0.7749139700627917
0.9464826378271045
1.1560369771733674
1.411987139534737
1.7246053036287485
2.10643793405732
2.5728093149848505
3.142436567468948
3.8381808332487357
4.687964772633777
5.7258931989053705
6.9936218242237
8.542029049333511
10.43325789387559
12.743210011065713
15.564591890445211
19.010635493375723
23.21964264954052
6.2
3.6024734025874575e-7
2.3112371937948635e-6
0.000010703367540162234
0.00003742839634333738
0.00010271234054446299
0.00022919311652403466
0.00043073965599024544
0.0007066479151857667
0.001047973218859498
0.0014492607022249444
0.0019150604886990956
0.002459333016714297
0.0031025918153786687
0.0038704016636128776
0.004793546715699712
0.0059090737278630154
0.007261752618993456
0.00890587114049375
0.010907413541501485
0.013346708746455072
0.016321654236870254
0.01995164502103204
0.024382365374870815
0.029791635663482856
0.03639654889679606
0.04446218343430816
0.05431224151034516
0.06634204054138405
0.08103437860208071
0.0989789108070811
0.12089581424128228
0.1476646911949857
0.18035987069224277
0.22029352508683825
0.2690683321461986
0.32864179613757927
0.40140480934757383
0.49027760698456757
0.5988269664712897
0.7314093547465964
0.8933457685803146
1.0911352848569067
1.3327158913506467
1.62778306604717
1.9881788907181717
2.4283673152432677
2.966014646705036
3.622698560322871
4.424774087323852
5.40443133488474
6.60098738800981
8.062464242960939
9.847516097063925
12.027783349116378
14.69076777938057
17.94334430342014
6.4
2.4246327886620437e-7
1.6237305930438904e-6
7.770021860714465e-6
0.00002783695488356092
0.00007770440478105308
0.00017533840175791416
0.00033171526725482217
0.0005460530276348029
0.0008109891354689819
0.0011220818883825093
0.0014829075853140415
0.0019044010805041782
0.002402519034968432
0.0029970798486379517
0.003711925434340566
0.004575743675473459
0.00562320257785507
0.006896340344104585
0.008446252463060192
0.010335142350160588
0.012638817788914214
0.015449733363441956
0.01888070098554112
0.023069417432817454
0.02818399060389234
0.034429686278619184
0.042057166154525066
0.051372547780923004
0.06274969013104398
0.07664519787522485
0.093616746529672
0.11434546393305042
0.13966326629821857
0.17058624593092286
0.20835545058177016
0.2544866910500711
0.3108313759935904
0.3796508154587184
0.46370697519263193
0.5663733240266484
0.6917702230254781
0.8449302900443195
1.0320003763541092
1.2604882613660822
1.5395639661811509
1.880427778734803
2.2967597606788406
2.8052687762894206
3.426363077859243
4.184969360520342
5.111533157964011
6.243240729008508
7.625511471934017
9.313820765215082
11.375926388846997
13.89458788204931
6.6
1.636094652472395e-7
1.1436089034408853e-6
5.654456196922513e-6
0.00002075280248577566
0.00005892039762466376
0.0001344336948098628
0.0002559942380086968
0.00042280974844164005
0.0006288304646835151
0.0008704489212620406
0.0011504865002160594
0.0014775225757978406
0.0018639895063255237
0.0023252786383807186
0.002879890227386083
0.0035500819530089184
0.004362750933101077
0.005350512426799844
0.006553008771112378
0.00801850036658212
0.009805802536623852
0.01198664599297348
0.014648555640991394
0.017898363261441147
0.0218664950449914
0.026712206053179432
0.032629971683188486
0.039857292648435884
0.0486842267161321
0.05946502974385356
0.07263237321107167
0.08871470884481268
0.10835747724296685
0.1323490116717891
0.16165217664789958
0.19744301107218024
0.24115792680022077
0.2945513568936674
0.3597661671792185
0.4394196569783637
0.536708600519115
0.6555375447104128
0.8006755123194477
0.9779473996001218
1.1944677498330407
1.4589262849274938
1.7819366544737176
2.17646239876794
2.658337221202526
3.2469004503790693
3.965773195239722
4.843806343261302
5.916238447565307
7.226109974092293
8.825990666472594
10.780089354450473
6.8
1.1066818792888691e-7
8.073668177272215e-7
4.124421785368284e-6
0.000015506161078659417
0.00004477359116127489
0.00010328453951541204
0.00019794785935306242
0.000328002118676385
0.0004884836288150205
0.0006764688589591338
0.0008941911135266842
0.0011483919822304256
0.0014487726799382594
0.0018073065998489683
0.00223837459687253
0.0027592764423405684
0.003390917740168893
0.004158648473231256
0.005093280371532043
0.0062323234948608065
0.007621491643208133
0.009316537012074208
0.011385487723815346
0.013911378035065073
0.01699558079302722
0.020761875883752678
0.025361417953574224
0.030978802775846092
0.03783947572748288
0.04621877970346645
0.05645300559409009
0.06895288881915357
0.08422009358254388
0.10286734641820722
0.12564302705738456
0.153461203534965
0.18743831694923618
0.22893798816324984
0.27962574469805285
0.3415358642001718
0.41715301714640013
0.5095119853943029
0.6223194586340595
0.7601027968605055
0.9283917292269629
1.1339402814917576
1.384997838787194
1.6916402224104143
2.06617406791065
2.5236307335853807
3.082369561662832
3.764814703192667
4.598355077918125
5.616443587840248
6.85993969961336
8.378749278410305
7
7.502904025626539e-8
5.712620407925844e-7
3.0149579900298823e-6
0.000011610416373457713
0.00003409251511694766
0.00007950682733630018
0.00015334668263089835
0.0002549048398734768
0.00038011389695583525
0.0005266090209772634
0.0006961633502573628
0.0008940817680151301
0.0011279450963628103
0.001407082573059133
0.0017426915256337412
0.0021482408171834486
0.0026400065558364223
0.0032377250272674256
0.003965384772468194
0.004852189331996541
0.00593372928660891
0.007253410632233303
0.00886419681498097
0.010830734340214327
0.013231947263812441
0.01616420469163037
0.019745188410086885
0.024118615869497494
0.029460008069967073
0.0359837338353813
0.04395161318706753
0.05368342510053315
0.06556974135857367
0.08008760156831107
0.09781965843562695
0.11947756166408127
0.14593051895628803
0.17824018037101627
0.21770324606775474
0.26590350743713553
0.32477541021050854
0.39668169055944064
0.48450819999445377
0.5917797247188287
0.7228014476757626
0.8828317306559443
1.0782931508198021
1.3170302612701101
1.6086244205120865
1.9647783260126706
2.399785684547717
2.9311048688084607
3.5800595832687288
4.372694659247361
5.340821325473911
6.523293904384062
7.2
5.09769089793337e-8
4.050579611541094e-7
2.208475842935572e-6
8.710750130331343e-6
0.000026009165486833704
0.00006131489986614226
0.00011900156368415549
0.00019842765798308982
0.0002962638990045069
0.00041060047306163273
0.00054284896625014
0.0006971890800346591
0.0008795525947870718
0.0010972193710643457
0.0013589216013232216
0.0016751621319386213
0.0020586328008630563
0.0025247236324371937
0.0030921404882880118
0.003783655799173779
0.004627022502596359
0.005656087865629054
0.0069121518945801375
0.008445624849267924
0.01031805038376125
0.012604575509290238
0.015396966507665727
0.01880729183441086
0.022972419819359744
0.0280595116732901
0.03427273025429745
0.04186143384012873
0.05113018375142804
0.06245096746692391
0.07627812778708712
0.09316659720601858
0.11379416930080707
0.13898870096833307
0.16976133722801656
0.20734709202314433
0.2532544136661811
0.3093257241662012
0.3778113620933266
0.4614598965668608
0.5636284369852494
0.6884173656135275
0.8408349003211941
1.0269980919503332
1.2543783230443202
1.532101160663116
1.8713125974419502
2.285626379358681
2.791670373268234
3.40975390147656
4.164682826209132
5.086755095950699
7.4
3.4706024557643586e-8
2.8778419871754684e-7
1.6208723576182847e-6
6.547570274792548e-6
0.000019878230482681716
0.00004736689216507885
0.00009249996340624845
0.0001547056012563481
0.00023126130339858332
0.0003206268921190088
0.00042392882401191503
0.0005444641478609467
0.0006868801274217545
0.0008568654380310925
0.0010612398809663212
0.0013082056093571433
0.0016076742223029503
0.001971664446717868
0.002414784488363389
0.002954818310409114
0.003613439366321948
0.004417080431653866
0.005397994444128363
0.006595548927286616
0.008057805947443781
0.009843451013149412
0.012024148330706811
0.014687416940426109
0.01794014316298874
0.021912870322792162
0.02676503790995592
0.03269138044686907
0.03992974286833739
0.04877062607394849
0.059568845749190254
0.07275777236475081
0.08886672385506802
0.10854220900613863
0.13257387412206373
0.1619261943049521
0.19777718122672946
0.24156566087391976
0.29504901868656563
0.36037372960643194
0.44016150365341367
0.5376145043538716
0.6566438628066081
0.8020266451067585
0.9795975727815971
1.1964831906525426
1.461387880101781
1.7849431964603906
2.180134550653609
2.6628223593361637
3.252378579102342
3.972464171123646
7.6
2.3674304833505e-8
2.0485154600712295e-7
1.191805031693183e-6
4.930353512367582e-6
0.000015218449461616116
0.000036651313374548084
0.00007201130146976651
0.00012079535409298418
0.00018077902348768673
0.0002507217535275095
0.00033152438271286783
0.00042579052058031345
0.0005371653677252488
0.0006701001202655127
0.0008299284123067921
0.001023064647144193
0.0012572600585098036
0.0015419137305637772
0.0018884498146517915
0.002310776020597822
0.0028258417819351446
0.003454318496186924
0.004221429140624471
0.005157960558916092
0.006301499045268289
0.0076979388143719575
0.00940332389738723
0.011486097385717358
0.014029848292562798
0.017136666273523494
0.020931238842957712
0.025565855521724582
0.031226519750385564
0.038140413860376955
0.04658501669866159
0.05689923982815148
0.06949702923863917
0.0848839784532726
0.10367761977101185
0.12663220800697586
0.1546689913860998
0.18891318446921138
0.23073912696426513
0.28182544080439575
0.344222399140259
0.4204342110004411
0.5135195239927127
0.6272141785721568
0.766081140436054
0.9356936283589851
1.1428587870311155
1.3958908816761835
1.7049449787082387
2.0824245042037095
2.543479036941246
3.106612314191861
7.8
1.6178859072250316e-8
1.460804707078429e-7
8.778509560900136e-7
3.7188536676792826e-6
0.000011669851016585299
0.000028403498446037197
0.000056142643449858044
0.00009444928784913754
0.00014150725778559777
0.00019631841182767178
0.0002596045192086229
0.00033342365283922675
0.0004206382022495169
0.0005247354637773895
0.0006498922436479978
0.0008011314820346019
0.0009845229397658223
0.0012074267599650936
0.0014787888556079068
0.0018094999403988822
0.0022128326113863466
0.0027049740248525334
0.0033056755437428937
0.004039045429216334
0.00493451638981741
0.006028026819404469
0.007363463131087374
0.008994421073096894
0.010986356714325742
0.013419213426212514
0.016390630290947953
0.02001986070066577
0.024452558414800006
0.02986662315687613
0.03647934035506441
0.044556101569353045
0.05442105558670355
0.06647011765003512
0.08118685892707556
0.09916191391925601
0.12111668469811161
0.1479322933034266
0.1806849442645262
0.22068911646681846
0.2695503178049758
0.32922951985200666
0.4021218585339486
0.49115275934447045
0.5998953449417915
0.7327138370766073
0.8949387082881931
1.093080612175877
1.3350916790965281
1.6306846629241616
1.991722747997145
2.4326956603601513
8
1.1075857118949894e-8
1.0434867357876818e-7
6.476756795470233e-7
2.8095463181891226e-6
8.962441095768585e-6
0.000022043808177876823
0.00004383126395414225
0.00007394660032898416
0.00011090794059935471
0.0001539129560836798
0.00020354090523153233
0.00026142013883007217
0.0003298007121493241
0.0004114180136672445
0.000509546989987113
0.0006281258766299201
0.0007719136602048733
0.0009466810493371522
0.0011594420730047905
0.001418735578132957
0.0017349679235328973
0.0021208306235909326
0.0025918097033138447
0.0031668072068912613
0.0038688998030976325
0.004726264933030921
0.005773311669764792
0.007052061675281897
0.008613835677296514
0.010521313150267556
0.012851047862795506
0.01569654024914712
0.01917198990998801
0.023416878843339085
0.02860156934691177
0.034934141255297535
0.04266874291434797
0.05211579104666918
0.06365442886464699
0.07774774241882225
0.0949613458671043
0.11598608155693382
0.14166574595439763
0.1730309541591833
0.21134050210726485
0.2581318864717449
0.31528300980286383
0.3850875473511048
0.470347000308633
0.5744831298714238
0.7016752846186493
0.8570281322691945
1.046776528097579
1.2785357414801992
1.561607083411896
1.9073512007752789
8.2
7.595021191033605e-9
7.465994481181269e-8
4.786085939633274e-7
2.1258131460065117e-6
6.893186392682314e-6
0.000017131738968450575
0.00003426435502685925
0.000057966651518341515
0.00008703020561882034
0.00012081063511406787
0.00015977350695115197
0.00020520828375684904
0.0002588854456186626
0.00032295302520307043
0.00039998185905456554
0.0004930633696055038
0.0006059332444432741
0.0007431213479569661
0.0009101335204401703
0.0011136725467937052
0.001361907162819763
0.0016647998952707764
0.0020345068930270153
0.002485865796038245
0.0030369912219130745
0.003710001769122496
0.004531907714023663
0.005535695028098993
0.0067616492207952916
0.008258972138481521
0.010087756607303515
0.012321398169292555
0.015049540703178646
0.01838167414800475
0.022451528718825813
0.02742244196979766
0.03349391410374192
0.04090961461577838
0.049967161605745575
0.06103006623755553
0.07454232171857561
0.09104622230600602
0.11120412747954578
0.13582504475301463
0.1658970979865013
0.20262718426640586
0.24748941092322102
0.30228425663464736
0.3692108309568387
0.4509551323034845
0.5507978465386865
0.6727460123289039
0.8216938377653458
1.0036191220740625
1.2258231656973642
1.4972237971171654
8.4
5.2163754177756075e-9
5.350089283465495e-8
3.542068072811206e-7
1.6108087328896823e-6
5.309033972676787e-6
0.000013331722873064663
0.000026818805525471463
0.00004549361449682321
0.00006837121786064197
0.00009493447871311836
0.00012555806775226276
0.00016126390611730803
0.00020344643628598981
0.00025379427110213293
0.00031432777052742636
0.00038747634721089685
0.0004761757102305171
0.0005839856764683624
0.0007152330384156222
0.0008751852135476743
0.0010702616442832687
0.0013082914327479033
0.0015988275501307634
0.001953530230964397
0.002386634939277941
0.0029155236877479915
0.0035614226389031715
0.00435025398556334
0.005313676299441324
0.006490355100798024
0.007927514641532532
0.009682833180223649
0.011826757813170432
0.01444533176372296
0.017643647598953708
0.02155006496337906
0.02632136210219509
0.03214902792274303
0.039266947116723995
0.04796078677410191
0.058579461206468855
0.07154913510349058
0.08739032701826815
0.1067387996045391
0.1303710750042857
0.15923559940784685
0.19449080752975623
0.23755161466137908
0.2901462021896581
0.3543853755825587
0.43284727843242365
0.5286808623940015
0.6457322656878655
0.7886991721235498
0.963319345647177
1.1766009069552625
8.6
3.588106087797819e-9
3.839512073892034e-8
2.625164528610909e-7
1.2222592392446333e-6
4.094341440537467e-6
0.000010387553292336183
0.000021015882328226636
0.0000357444618660059
0.00005377087802578135
0.00007468039407034004
0.00009877486993605283
0.00012686480135202987
0.0001600494521491456
0.00019965763579779533
0.0002472787871342695
0.00030482410453539887
0.00037460308356195726
0.00045941619965277644
0.0005626673009552947
0.0006885002167035826
0.0008419650636369657
0.0010292209249140663
0.0012577830357471424
0.0015368243961803672
0.0018775439157899115
0.0022936158652434833
0.0028017386727991873
0.003422305090868379
0.004180220628761541
0.00510590309823658
0.006236503387085869
0.007617396454707566
0.009304002388549733
0.011364010606812535
0.013880096472474325
0.016953239345900806
0.020706775241139085
0.025291346733223478
0.030890948773653674
0.03773031305384846
0.0460839272770089
0.05628705131343933
0.06874917235632007
0.08397043908057679
0.10256173436534644
0.12526919216887197
0.15300414250410108
0.18687968631200255
0.22825536811069214
0.278791739289682
0.3405170018724629
0.41590840737574175
0.5079916776204783
0.6204624375678894
0.7578345337262673
0.9256211906606147
8.8
2.471660579267478e-9
2.759331110129566e-8
1.948279030572957e-7
9.286577164302527e-7
3.1615422703938004e-6
8.103199819591027e-6
0.000016487018417253474
0.000028114408156843317
0.00004233191225784168
0.00005880712072875265
0.00007778347096528719
0.00009990422515815213
0.0001260366980351747
0.00015722758823785314
0.00019472857711067836
0.00024004470756735114
0.0002949946749930216
0.00036178381452294276
0.00044309260883873715
0.0005421842653505513
0.0006630356801694359
0.0008104970449097461
0.0009904865019099182
0.0012102276600656843
0.0014785395036183047
0.0018061903289549545
0.002206329914155819
0.0026950172657634218
0.0032918651230927675
0.00402082708633397
0.004911158958631405
0.005998592884187442
0.0073267714046741155
0.008948998987669632
0.010930381322107004
0.013350438238172448
0.016306295117303846
0.019916580874778166
0.024326188954615934
0.029712092412245164
0.03629044646460097
0.0443252635580004
0.0541390091145295
0.06612554320177898
0.08076592752024597
0.09864773209850647
0.12048861654156047
0.1471651322306548
0.17974790140799501
0.21954458500705806
0.26815236367554435
0.3275220382439232
0.40003632221576757
0.48860546842093194
0.5967840676839778
0.7289137070341748
9
1.7049513950063386e-9
1.9857173368820187e-8
1.4478196906285553e-7
7.064727132895183e-7
2.444192778919676e-6
6.328372935359582e-6
0.000012947909391464579
0.000022135456967091263
0.00003335905424449358
0.00004635242284006155
0.00006131205255422638
0.00007874881356853173
0.00009934757571366628
0.00012393358497524788
0.00015349348629585958
0.00018921362019944525
0.000232527561055801
0.0002851736493971482
0.00034926475760132516
0.00042737308687952803
0.0005226333987432891
0.0006388688239889613
0.0007807442983615052
0.0009539537828064228
0.0011654487821149925
0.001423717333217571
0.0017391246599120275
0.002124329165691121
0.00259479045991425
0.003169389806220884
0.0038711878939336974
0.004728350344492708
0.005775278096740337
0.0070539880373869344
0.008615799286205792
0.01052339281250326
0.012853327042504813
0.015699110417814365
0.01917495421750624
0.023420356257777452
0.02860569942911488
0.034939089759985546
0.04267470844237083
0.05212301304236612
0.06366319711749498
0.0777584088563431
0.09497433857088788
0.11600192196980372
0.14168506980774417
0.17305453698823334
0.2113692903719505
0.25816703554626763
0.315325930343536
0.38513996190992567
0.4704110124658898
0.5745613086772031
9.2
1.1776305794710561e-9
1.4308420227848438e-8
1.0772634231815421e-7
5.380945314441392e-7
1.8917783989340406e-6
4.947631959171039e-6
0.000010178846225412807
0.000017444819314146995
0.000026312634310312047
0.00003656909454194098
0.00004837291382563586
0.00006213006916568769
0.00007838178852407948
0.0000977792968423658
0.00012110103297502838
0.00014928297878997023
0.00018345617471188266
0.00022499211108344401
0.00027555777087358475
0.0003371825315576669
0.00041233961116164333
0.0005040453271841045
0.0006159801520093335
0.0007526364231876983
0.0009194986367148657
0.0011232635591116142
0.0013721089921809118
0.0016760219769090265
0.002047199608482137
0.002500538548548981
0.003054232880555535
0.0037305043021978045
0.004556493960176306
0.005565351719712104
0.00679756658503524
0.008302591665290977
0.010140828901451453
0.012386053208292504
0.015128373320764898
0.01847784817392116
0.022568903954417675
0.027565729095415447
0.03366886373483844
0.04112324810916352
0.05022805279543267
0.06134868561685769
0.0749314566019326
0.09152149004263241
0.11178460223249248
0.13653402301357945
0.16676303353938812
0.2036848301464711
0.24878121417174281
0.30386206185561826
0.37113796101196106
0.4533089296975298
9.4
8.14434135041101e-10
1.0322930943619252e-8
8.025100177563225e-8
4.103201730006239e-7
1.4658237189314845e-6
3.872144702473143e-6
8.009743887333669e-6
0.000013760791003425131
0.000020773073765329934
0.00002887597326255789
0.000038197772235789685
0.00004906127951446568
0.00006189452958836173
0.00007721185901083277
0.00009562797224458493
0.00011788197178518005
0.00014486698876520955
0.00017766602666699594
0.0002175954260465513
0.00026625769390265365
0.00032560581790946604
0.00039802164666854025
0.000486411481656967
0.0005943227173108496
0.0007260862104194499
0.0008869900926133307
0.0010834920016569976
0.0013234782491264715
0.0016165803257801455
0.0019745614471059158
0.0024117886524595913
0.002945809404800806
0.003598055831995049
0.004394704873358154
0.005367728852144542
0.0065561786371418325
0.008007750891152184
0.009780702305544908
0.011946187645834222
0.014591115442260693
0.01782163593426632
0.021767401252325153
0.02658676881316323
0.03247315676603183
0.03966280650646773
0.04844426394464583
0.05916995979427026
0.07227035388983763
0.08827121104628942
0.10781470184402923
0.1316851751876552
0.16084063699034815
0.19645119830424745
0.23994603599547915
0.29307075061743704
0.3579574235034287
9.6
5.639363685498502e-10
7.456402366165658e-9
5.985198661711642e-8
3.13232865592737e-7
1.1369716392593124e-6
3.0334376294529086e-6
6.308716554408508e-6
0.000010864282978563696
0.000016413657985791775
0.00002282035394439801
0.000030188114701233994
0.0000387737601407324
0.00004891604871165944
0.000061021532802977774
0.00007557602575745546
0.00009316364999553475
0.00011449025862772064
0.0001404117633412607
0.0001719684851367468
0.00021042690606303216
0.00025733049758878653
0.00031456166553142125
0.000384417297612443
0.00046970094562765705
0.0005738353418223188
0.0007009997651576405
0.0008562977704452185
0.0010459620119267791
0.0012776043815682242
0.0015605215010152942
0.0019060678276607806
0.002328111348888371
0.0028435901531002447
0.003473192214678258
0.004242185675036327
0.005181432941857795
0.00632862930588104
0.007729815785273961
0.009441226913354004
0.011531547627863086
0.014084669838688297
0.017203059304772263
0.021011867944790603
0.02566395662670051
0.03134602999298127
0.038286129609834726
0.04676278603965697
0.0571161972685274
0.06976188204235934
0.08520735609411693
0.10407250052735696
0.12711443983083653
0.15525792793323062
0.18963246183254903
0.23161761226907784
0.2828983907509541
9.8
3.9094015321071586e-10
5.391999972304577e-9
4.468749514569133e-8
2.3937142335075495e-7
8.827849584237869e-7
2.3786444795048393e-6
4.973339022791886e-6
8.584647849599241e-6
0.000012979611528513045
0.0000180490875595163
0.000023877014884390597
0.000030667820675049724
0.00003868979323092723
0.00004826453800623152
0.000059776308461264166
0.00007368711206623967
0.0000905552382114512
0.00011105766402713958
0.00013601722385007747
0.00016643563245495428
0.00020353368738553203
0.00024880026384612044
0.00030405206849158184
0.00037150655024512146
0.0004538708943080199
0.0005544506710079688
0.0006772824999438491
0.0008272960537030535
0.0010105119029304684
0.0012342831429704804
0.0015075904993999865
0.0018414027560796937
0.00224911697096449
0.002747096147079405
0.0033553259372854152
0.004098216738703134
0.00500558336765998
0.006113841632956306
0.00746746983013716
0.009120793811666382
0.011140167274136269
0.013606634765100411
0.016619184285319662
0.020298720024824045
0.024792914672569027
0.03028213603994349
0.03698668585439645
0.04517564124124779
0.05517765373354829
0.06739413921283403
0.08231538813409103
0.10054024261072993
0.12280013004382234
0.1499884178767328
0.18319626756365223
0.2237564267138893
10
2.7131672002670984e-10
3.9034188689069746e-9
3.3400562613660456e-8
1.8311307706523977e-7
6.860879561133791e-7
1.866885987956529e-6
3.923948077519629e-6
6.788780015447543e-6
0.000010271982926279185
0.000014286311468172556
0.0000188997082356164
0.000024274976800788585
0.000030624736017095005
0.00003820358328650872
0.0000473156746802464
0.0000583267102369244
0.00007167860147439621
0.00008790720666970813
0.0001076638367317576
0.00013174139459520392
0.00016110619719927581
0.00019693675717980016
0.00024067108071630641
0.00029406437977632434
0.0003592595149268587
0.0004388729958568252
0.0005360999910982372
0.0006548425613574399
0.0007998662629118276
0.0009769914061178552
0.0011933266449009093
0.0014575542719978813
0.0017802786701651993
0.0021744519017061867
0.0026558935233960256
0.00324392547765073
0.003962147551525975
0.0048393845186839165
0.005910842978808186
0.0072195243220494155
0.008817950525803654
0.010770272046083638
0.013154842400561372
0.016067362770358938
0.01962472282446718
0.02396969191259882
0.02927664890047876
0.035758580606020954
0.04367562970817679
0.05334553518664401
0.06515638429987838
0.07958218789514522
0.0972019041227028
0.11872267406173777
0.14500820177437967
0.17711341778272668
10.2
1.884994869109553e-10
2.8287645885934472e-9
2.498987011309981e-8
1.4021392752885957e-7
5.337126445072924e-7
1.466505587226091e-6
3.098496961683057e-6
5.372716362416811e-6
8.13520911783081e-6
0.000011316256400458212
0.000014970872098674621
0.000019228772404939806
0.000024258565721096762
0.00003026194696622942
0.000037479846513936
0.00004620194390370692
0.00005677828752837546
0.00006963334319367087
0.00008528302942053314
0.00010435542306705608
0.00012761596625808594
0.0001559981862656526
0.00019064116123353338
0.00023293523538900875
0.000284577818431739
0.00034764150854836356
0.0004246572730553077
0.000518716025002948
0.0006335926723692493
0.0007738976183725377
0.0009452617931399705
0.0011545626427053822
0.0014102001450669623
0.001722433930798626
0.002103795038048973
0.00256958882709862
0.003138509238224195
0.003833389045130074
0.004682116214358885
0.005718753147295003
0.006984903723936298
0.00853138301268002
0.01042025665743926
0.012727331789864672
0.015545199435709282
0.018986950517808344
0.023190714591891048
0.028325203470667998
0.03459648221938157
0.042256239280304066
0.05161188759330537
0.06303890217586942
0.07699588924814067
0.09404299170690762
0.11486436963003786
0.1402956580227447
10.4
1.310972040309913e-10
2.05204807256256e-9
1.8715430226018434e-8
1.0746606645917221e-7
4.1554901006549237e-7
1.152954454603113e-6
2.448595095785059e-6
4.255151516050548e-6
6.447501424183227e-6
8.969948341331755e-6
0.000011867050856433306
0.000015242208825356378
0.000019229212258186317
0.000023987955795349858
0.000029709420296160224
0.000036623228150747275
0.000045006854743911584
0.00005519676444775215
0.0000676019141178276
0.00008272016596786504
0.00010115826852845815
0.00012365620759582268
0.00015111690446035152
0.00018464245330845148
0.0002255783521314467
0.0002755675022845619
0.00033661614388764917
0.0004111743732844852
0.0005022344740122259
0.0006134510076469618
0.0007492874841911591
0.0009151954984027498
0.0011178335214345938
0.001365334128661313
0.0016676303884844946
0.002036854511242551
0.0024878247574230444
0.0030386401464616727
0.003711406833967016
0.00453312530934433
0.005536774020285887
0.006762632913584266
0.008259900041179566
0.010088665898169594
0.012322325371620684
0.015050523028855792
0.01838275102120858
0.022452743358265193
0.027423843122089273
0.03349555800463592
0.04091156723906879
0.0499695013173303
0.06103288693829368
0.07454573661309935
0.09105036844598183
0.11120917126419638
10.6
9.126612945207529e-11
1.4900505640962166e-9
1.4029601684819948e-8
8.244124858971862e-8
3.2382414533995466e-7
9.071702830369642e-7
1.9364543605742282e-6
3.3724221920787585e-6
5.113399760521768e-6
7.1149050543261265e-6
9.413037435811683e-6
0.000012090254846060233
0.000015252781968225805
0.000019027459627463764
0.000023565776094737737
0.000029049869901990793
0.00003569983698943235
0.00004378256388590254
0.0000536224388020908
0.00006561437046856377
0.00008023963720965414
0.0000980852023324143
0.00011986727102523841
0.00014646003418695356
0.0001789307527766479
0.0002185825907435558
0.0002670069155727031
0.0003261471654486888
0.0003983768462543963
0.00048659478869630474
0.000594341488558787
0.0007259411992316431
0.0008866754791821011
0.0010829951594409051
0.0013227792381011357
0.0016156510921790975
0.001973364697525079
0.0024102763571341715
0.0029439208700094257
0.003595715264198172
0.004391818337367243
0.00536418050112634
0.006551826081150237
0.00800241941043907
0.00977417794690998
0.011938208563852581
0.01458136140835806
0.017809715484816677
0.021752835977212295
0.026568974158230715
0.03245141856117793
0.0396362523358331
0.0484118280890587
0.05913034048893179
0.07222196107336896
0.0882121025441868
10.8
6.359793401774553e-11
1.0829834381776085e-9
1.052653824436956e-8
6.329891239720215e-8
2.5255409610470095e-7
7.143322640920749e-7
1.5325302632466335e-6
2.6746211846753554e-6
4.057996447367832e-6
5.647139708490833e-6
7.471303219942005e-6
9.596271531973099e-6
0.000012106431595328248
0.00001510246714595839
0.00001870461775819477
0.000023057450357560838
0.000028335659400003142
0.00003475107794741607
0.00004256117927213145
0.00005207941016350389
0.00006368777064796558
0.0000778521449914275
0.00009514099927079095
0.00011624819591368916
0.00014202084083369997
0.0001734932807651932
0.00021192861523018164
0.00025886938915619897
0.0003161995006210582
0.00038621980829761475
0.00047174047299088323
0.0005761937392584224
0.0007037716834976522
0.000859594456379527
0.0010499157730978548
0.0012823738962947904
0.0015662981866727183
0.0019130835229261784
0.002336647618246515
0.002853989587007147
0.0034858721789448595
0.004257655061143296
0.00520031260104394
0.006351676923875927
0.007757956354272571
0.009475589813243514
0.0115735119624742
0.014135919784116786
0.01726565170097777
0.021088314845166496
0.02575732610959708
0.03146006931104967
0.03842541555775473
0.04693290865153845
0.05732398416220172
0.07001567243542887
11
4.435868210687789e-11
7.878351928165443e-10
7.90508101881427e-9
4.864214146698304e-8
1.9712631175177489e-7
5.629033322699027e-7
1.2136968106571536e-6
2.122581682891705e-6
3.2224481408207173e-6
4.484945313387981e-6
5.933781239815314e-6
7.6214592574313444e-6
9.61505496474396e-6
0.00001199453783222896
0.000014855403635070621
0.00001831246894672405
0.000022504477936666985
0.00002759967064478947
0.00003380253504487119
0.00004136201386508396
0.000050581495533592935
0.00006183099022151398
0.00007556197965033761
0.00009232553663870791
0.0001127944415893319
0.00013779018352894144
0.00016831592934786498
0.00020559678440881218
0.0002511289603273102
0.00030673982319734844
0.00037466123220886773
0.00045761911199374185
0.00055894285355261
0.0006826989344060152
0.0008338541206150819
0.0010184748005460519
0.0012439704503299145
0.0015193910021805337
0.0018557900498545417
0.002266668468363232
0.002768516251331653
0.0033814743123791098
0.004130142816840474
0.005044568442043344
0.006161450317557557
0.007525612828654242
0.00919180460678474
0.01122689577840095
0.01371256169780394
0.016748560866523647
0.020456738590698263
0.024985917063092535
0.030517868118736666
0.03727460837744503
0.04552730955045445
0.055607181512909686
