5  16  55
-1  10  55
5
0.0013770053745902214
0.006821499443189304
0.025913057828268412
0.07822343674587928
0.19341071308508434
0.40271482797808983
0.725786563086378
1.164341248907413
1.709362553570387
2.355165418022115
3.108862633837659
3.9915456329142804
5.035405209593003
6.281515845186866
7.779743954839982
9.590201793674863
11.785548157128384
14.453889951145737
17.702317099964446
21.661200391062216
26.48942371148116
32.38076061611071
39.57165114083892
48.35069097134186
59.07021380129705
72.16043172069472
88.14670113752756
107.67060717504421
131.51571273562237
160.6390056313103
196.20930586477849
239.65417448018303
292.7172066003644
357.5280080212433
436.68766376999724
533.3731287802268
651.4647302484855
795.7018987894318
971.8733784276606
1187.0495492210782
1449.8661864384017
1770.8710445429685
2162.9471756150156
2641.8299714672594
3226.738680168422
3941.147741952824
4813.728901107051
5879.501902851547
7181.239960463228
8771.186392733312
10713.15133266808
13085.072651823446
15982.143881680291
19520.63466244225
23842.557053795226
29121.3649766393
5.2
0.0009088210112290703
0.004701233046577927
0.018461775229234846
0.05712572734403108
0.1437578493773672
0.3028859620947154
0.5498510168106168
0.8856100069094487
1.3025871500713941
1.796004163327898
2.3712805830150923
3.0446993358878576
3.840973699938499
4.791503024876216
5.934342919717359
7.315349527018327
8.989946822439903
11.025342250175163
13.503223375017894
16.523036266937503
20.20597662055919
24.6998537639566
30.185022765980914
36.88162271840589
45.058411690666986
55.04355293489973
67.23778522944733
82.1305059331056
100.31941221961951
122.53448876388649
149.6673045900054
182.80679486686225
223.28296369992395
272.7202618659247
333.10278172639374
406.8538858207387
496.9334649139556
606.9567288059106
741.339297394469
905.4744150062924
1105.9494002286292
1350.8100181338693
1649.8833850824924
2015.1723654080774
2461.337288507347
3006.2843193359226
3671.8840957330494
4484.849473642743
5477.8076083572405
6690.609396282413
8171.9288316033935
9981.216464456473
12191.085360595733
14890.225317993358
18186.962300525352
22213.605938960263
5.4
0.0006021441866762255
0.003252311753901188
0.013202052349908592
0.04186964861086191
0.10722828669872815
0.2285795034882107
0.4179335471881624
0.6757498626533361
0.9956970586393414
1.3737930846666322
1.814193297234747
2.329507196318878
2.9387587264587296
3.666018651486745
4.540415125163679
5.597034775691279
6.878283096725071
8.43558106992481
10.331428530798176
12.641912494721192
15.459760795817814
18.898063580551394
23.09481201240115
28.21843634165252
34.47456560295263
42.11428023032104
51.44418879660746
62.83873329207924
76.75521679632178
93.75215665646914
114.51169974937464
139.86699943106808
170.83565290627834
208.66054097727985
254.85970921455214
311.2872924557388
380.2079277469914
464.3876421787327
567.2048632678952
692.7860071107748
846.1710859556692
1033.5159815881639
1262.3395024825372
1541.825139986247
1883.1896340726714
2300.133140501817
2809.3890661895825
3431.3956395069
4191.116168299979
5119.040904933927
6252.410727254621
7636.711745763047
9327.500820942634
11392.635255144152
13914.996144355771
16995.81468779512
5.6
0.00040038880746787013
0.00225788793529827
0.009473391795552693
0.030791013331660573
0.08024164773376703
0.17304519661091344
0.318628558628804
0.5171321388891692
0.763287309043673
1.0537977961933778
1.3918682768009507
1.7872906305265461
2.2547452634218184
2.8127326576859226
3.4836086554568175
4.294294303949158
5.277325067193051
6.472153415414584
7.926732005471358
9.699438183553003
11.861416872973676
14.499435869766625
17.719368139009635
21.65044086855233
26.45042181001446
32.3119510524539
39.47027234558668
48.212674257456605
58.89002007346613
71.9308291719237
87.85847501130893
107.312189944927
131.07271985969268
160.09365824996246
195.53971727276414
238.83347173623733
291.71245202168365
356.29887727865076
435.18482753102126
531.5362729497812
649.2201353524571
792.9594813533348
968.5230756105049
1182.9569016071637
1444.86694170859
1764.764565452777
2155.4883877172533
2632.7195274138962
3215.610945850889
3927.556122320726
4797.12791656422
5859.22529795792
7156.473963694125
8740.937057678078
10676.204647278662
13039.945816126316
5.8
0.0002671253602208476
0.0015726652997166434
0.006819631536143391
0.022714464253528036
0.06022838697020831
0.1313849831690976
0.24360086385463156
0.39681879938418346
0.5866699454512407
0.8104403870892086
1.0706149568267271
1.3748165014416707
1.7343990988336948
2.163616032976151
2.6796687151489085
3.3032660225429877
4.059434996921742
4.9785233514061
6.09741732876589
7.4610220730139325
9.124063830473766
11.153286306212864
13.630129323285018
16.653997288693887
20.346248641460157
24.855066392738973
30.3614052304231
37.08625386611108
45.29950408812467
55.330782466549735
67.58267942490136
82.5469066074576
100.8240309940203
123.14757776155723
150.4134692251389
183.71598134623702
224.3916608693226
274.0729656356546
334.75378084839843
408.86944068683516
499.3944668180144
609.9619463955049
745.0093406035041
909.9565755551416
1111.423562958052
1357.4958804152857
1658.0492740449095
2025.1460068478275
2473.518959675468
3021.1629134690297
3690.056743002608
4507.045506300846
5504.917831077101
6723.721837492107
8212.372409826117
10030.614322587546
6
0.00017877361635325255
0.0010987493133032106
0.004923951049659301
0.016805146451645256
0.045333831318635796
0.10002445419330921
0.18672458633829123
0.3052611639465083
0.4520219838395752
0.6247824113217968
0.8254786801016967
1.0600584423373638
1.3373212849820908
1.6682727133854347
2.066179118684976
2.5470086072411178
3.13005849579985
3.83872862219094
4.701460406882947
5.752878305650269
7.035179410546253
8.599826967379629
10.509615776457565
12.841192368404238
15.688131098577287
19.16468961450571
23.410394416458153
28.595640545799423
34.9285301363575
42.663224283678495
52.11014342223672
63.64842558745436
77.74114255627767
94.95388454355003
115.9774593232571
141.6556167700865
173.01891150450538
211.32606266820332
258.1144707429097
315.26191882990616
385.0619346792241
470.31583801137526
574.4451673138362
701.6289981943889
856.9716643589894
1046.7076124459193
1278.4516122600053
1561.5043642221638
1907.2257691342534
2329.4908408855895
2845.2465593833867
3475.192012842108
4244.609123907586
5184.377302949015
6332.212746740697
7734.182121971556
6.2
0.00011999403180186885
0.0007698451545393474
0.003565162269008974
0.012466946120655902
0.034212238316275706
0.0763414549936758
0.14347416955832684
0.23537587355016334
0.3490672038300513
0.4827312109149066
0.6378834858805956
0.8191740819156181
1.0334358074520935
1.2891839811391772
1.596672432430127
1.9682409877377811
2.418801965546645
2.9664379592315657
3.6331275240922185
4.445627253270278
5.436545613775895
6.645651638770693
8.12147099849686
9.923233505807586
12.123250216541727
14.809815526090828
18.09075073348837
22.097731288747383
26.99157139103039
32.96867802707085
40.268933473212705
49.18532261345153
60.07569145154993
73.37710872765875
89.62340702151218
109.46660732826496
133.70308695042903
163.30554091529376
199.4620196417346
243.62360957505163
297.56267038112804
363.44396596300004
443.9115440372863
542.1948510529378
662.2383412165909
808.8597812897951
987.9436044854813
1206.677073434448
1473.8387302709132
1800.1507103519339
2198.7090591471897
2685.509322779236
3280.088504947171
4006.309155990559
4893.317060569379
5976.710960391908
6.4
0.0000807615855655173
0.0005408450213107322
0.002588100302381491
0.009272152980133223
0.025882397387711486
0.05840310088484333
0.11049034338338667
0.18188365892293798
0.2701306720059056
0.3737519052941936
0.4939385807084686
0.6343329659377938
0.8002500317685508
0.9982910475116877
1.2363974659591244
1.5241248740867916
1.8730207653187834
2.2970875564900353
2.8133445369259826
3.4425109119508726
4.209837337346392
5.146119316833017
6.288933133755721
7.684143919274589
9.38774638113356
11.46811206788556
14.00873335919111
17.111574308194903
20.90116281700739
25.529588378625057
31.182605962338513
38.08709101287751
46.520144758610634
56.820215256813796
69.40068050258054
84.76643873923302
103.53417179764466
126.45709470342975
154.45518484063882
188.6521038744405
230.4202942391881
281.43606007228243
343.7468431851088
419.85339409198343
512.8101359090253
626.34774907861
765.0228966748318
934.4010992921977
1141.2800989289465
1393.9626762419475
1702.58987026109
2079.5479740261108
2539.9656397506246
3102.3210450226015
3789.1834868193346
4628.11916666749
6.6
0.00005449633399614642
0.0003809222936380985
0.001883430967813571
0.006912507500173312
0.019625671798921822
0.04477823774818498
0.08526858439717516
0.14083281326714703
0.20945582200002333
0.28993600747974996
0.38321313793848377
0.4921448991710108
0.6208723593621165
0.7745221898978017
0.9592566020963633
1.1824893598454569
1.4531795677774038
1.7821909742250437
2.182727962166251
2.67086548730624
3.266194222495508
3.9926068002210187
4.8792567078332345
5.961728319360242
7.283465021392079
8.897512748716183
10.868648903929122
13.275982102068273
16.21612707710512
19.8070821704278
24.19296501863057
29.549796500293667
36.09256507188657
44.08385500940566
53.84438483736583
65.76587888930781
80.32678858074075
98.11149434440352
119.83375886892915
146.36537290173092
178.77114327276064
218.351627331385
266.69532887940585
325.74245040612226
397.8627602269799
485.9506996066491
593.5415468501687
724.9533004345108
885.4599754489751
1081.5032683390639
1320.9510847930308
1613.4133064741766
1970.6274692124002
2406.9298316324816
2939.8307394998155
3590.717377388088
6.8
0.000036862234853020996
0.0002689241217785283
0.0013737950112895738
0.005164914706271417
0.01491354167342659
0.03440283087267805
0.0659340377454642
0.10925353850292305
0.16270798848541632
0.22532359494067242
0.2978442445582069
0.3825154793309359
0.4825686565939047
0.6019919688018839
0.745575504787081
0.9190816091370813
1.129473685660249
1.3851955070404993
1.6965100878704213
2.075911575376875
2.538626683422382
3.103225793998018
3.7923682518517046
4.633711763557963
5.661022398402648
6.915529739295532
8.447581570695002
10.31866451199553
12.603871691456284
15.394916497087678
18.803813356964465
22.967373271523755
28.052694519386666
34.26386889800375
41.850172644101455
51.11607076432984
62.4334362850286
76.25647482250898
93.13995344926029
113.76146544448844
138.94862449160155
169.7122797212742
207.28708463641257
253.18104809228967
309.23605598708565
377.701792610081
461.32602837146277
563.4648974769435
688.2175913776182
840.5908737161486
1026.7000193301308
1254.0142417111904
1531.656458753264
1870.7694274957073
2284.962942080526
2790.860042578881
7
0.00002499126582338574
0.00019028047629951025
0.0010042460401708997
0.0038672892645063776
0.011355804432061722
0.026482762540329642
0.05107792523633043
0.08490571905474519
0.1266113415490886
0.17540709548309477
0.23188359178468504
0.2978078228908564
0.37570486895617056
0.46868218623971936
0.5804694691084978
0.7155530329524074
0.8793542525273017
1.0784470458785083
1.3208217058658587
1.616205578628548
1.976453456143857
2.41602335065425
2.952556745459632
3.607586609588355
4.407401591457038
5.384101074629166
6.576883438784355
8.033619228341495
9.812772365486248
11.985746512636199
14.639750752148359
17.881299592996047
21.840487772012057
26.676211412472785
32.582545083447314
39.79653069369597
48.607690815779556
59.36964824347883
72.51431811616281
88.56924218988874
108.17876094039713
132.1298732088364
161.3838212286129
197.1146686512931
240.75641984350978
294.06057151717306
359.1664064425178
438.6868503771905
535.813337951505
654.4438961460547
799.3395858036387
976.3155797064247
1192.4745459016726
1456.4917026860735
1778.9629855885032
2172.8302994642168
7.2
0.000016979791808688144
0.00013491990763184097
0.0007356165914799883
0.002901445510760401
0.008663338439433281
0.020423251533743032
0.039637981523840016
0.06609385286589965
0.09868192140810514
0.13676605131083638
0.18081642482924495
0.23222524996716776
0.2929683310208254
0.36547050149088595
0.45264034906768896
0.5579762448454313
0.6857056865366682
0.840954905104934
1.0299545968083526
1.2602899828969985
1.5412052311773625
1.8839744569244752
2.302354192710688
2.813135486362848
3.4368177846728045
4.19843164816846
5.1285433153959215
6.264481433407438
7.651835187430546
9.346283954938768
11.41583191458747
13.943537292673426
17.03084578139451
20.801661910678376
25.407321772026712
31.032666667244026
37.90346143885734
46.295455206180975
56.545448145253495
69.06480846292989
84.35598204721411
103.03265738499552
125.84439503584485
153.70671012910196
187.7378152007154
229.30349798851273
280.0719352897794
342.0806427534899
417.8182475375013
510.324365654569
623.3115924392612
761.3145020167783
929.8716357202893
1135.7477831660178
1387.205477031148
1694.3365974983308
7.4
0.00001156015700628125
0.00009585743580559387
0.0005398929776611912
0.002180916464821434
0.006621198144004564
0.015777338871481587
0.030810619011562897
0.051530564594170665
0.07703034302659938
0.1067969397409831
0.14120556380424143
0.1813544222879735
0.22879146253992858
0.2854115135095131
0.3534861685158347
0.4357474655602911
0.5354968384208123
0.6567375796644325
0.8043355059421611
0.9842142402864495
1.2035929479038932
1.4712760666230045
1.7980066598960134
2.1968975736591814
2.683957700885159
3.278734474662963
4.005098375324351
4.892200936642478
5.975644699232417
7.298912065512512
8.915110401200268
10.889103420364162
13.300114394022657
16.24490565818232
19.8416620261374
24.234733960002053
29.60043086156845
36.15409698784445
44.158753971851624
53.935656804650925
65.87718692595679
80.46259986909337
98.27725946833398
120.03613056488756
146.61247305645827
179.0728888830937
218.72012850816674
267.14537486873274
326.292103133813
398.53407918693784
486.77062718589116
594.5429896214141
726.1764498124736
886.9539207129621
1083.327966758108
1323.1797679317442
7.6
7.88562459625202e-6
0.000068233572268946
0.0003969758410205146
0.0016422411217042394
0.00506908144654363
0.012208109182671515
0.023986093533545114
0.04023547141289314
0.060215306178004864
0.08351238358787556
0.11042676205123497
0.14182567241371338
0.1789232869044652
0.22320224511254805
0.2764391160475696
0.34077045986408977
0.41877811876608945
0.5135928140041731
0.6290197922149937
0.7696915433253624
0.9412537186396159
1.1505917106494854
1.4061069880088621
1.7180542759727897
2.0989531145303504
2.564090311498599
3.132133455797149
3.825880113344351
4.67317277341732
5.708016265508764
6.971942492539764
8.515677251946975
10.401176040045682
12.704110543637539
15.516905610503208
18.95244858306936
23.148619863805433
28.27382654005276
34.533761151461654
42.17965685413839
51.51837028919208
62.92469681721832
76.8564123721197
93.8726456166733
114.65631773904282
140.0415504779172
171.04714235670525
208.91745664552008
255.1723620284637
311.6682302705448
380.6724389347595
464.95436920501817
567.8965508769951
693.630415155701
847.2021034961832
1034.774986978313
7.8
5.388982271567036e-6
0.000048657637930536594
0.00029240153575237613
0.0012387051766863696
0.003887086225262457
0.00946086178837618
0.018700435480591172
0.03145991540615721
0.04713435601974038
0.06539128848313581
0.08647112539805105
0.11105938595840655
0.14010949749568374
0.1747830362407342
0.21647124582814334
0.26684720687651087
0.32793268330330566
0.40217924976105784
0.49256668165992523
0.6027225440103218
0.7370677783552617
0.9009941306666017
1.101080541046174
1.3453571796934636
1.6436277258322343
2.0078628237771645
2.4526805069232887
2.9959328707587494
3.6594225401320606
4.469777685143973
5.459520703114853
6.668373456579191
8.14485145110335
9.948210932873423
12.150827049917483
14.841098520922255
18.126995386202978
22.14039222452981
27.042360743016857
33.02963415028994
40.342502750925725
49.274457639090976
60.18396952667051
73.50887543160107
89.7839506147718
109.66237098894618
133.9419273616075
163.5970435812961
199.8178835880825
244.05811686129522
298.0932593310099
364.0919309639627
444.7028901999784
543.1613378774731
663.4187572128034
810.3015006963334
8
3.6892340423933606e-6
0.000034757281058342425
0.0002157329351357391
0.0009358258967615641
0.002985280727112664
0.007342525881330867
0.014599663878300535
0.024630718175859715
0.03694209356771417
0.05126654407430105
0.067797013678967
0.08707588633380092
0.10985262823453765
0.13703836419830595
0.16972393932775418
0.20922113224145472
0.2571151038183741
0.3153280073040901
0.3861961309155952
0.4725636612852019
0.5778968306666761
0.706423028996588
0.8633004638992156
1.0548251776714461
1.288683729566747
1.5742616844050432
1.9230202882449696
2.348956448435494
2.8691644786473827
3.5045221537065223
4.280528608005971
5.228327705300104
6.385957951311647
7.799879112528504
9.526836809764257
11.636139919168727
14.21244218078786
17.359139650391228
21.202520346238188
25.896832630678045
31.63047573853377
38.633560899910044
47.187146511832644
57.63451799858415
70.39496506113736
85.98060924508098
105.01695717642515
128.26800433880607
156.6668968948135
191.35338211218132
233.7195504528684
285.46570499241705
348.6686006113861
425.86479143138234
520.1524316442238
635.3156153180098
8.2
2.5298096959666006e-6
0.00002486832459509583
0.00015941873381614507
0.0007080826469489624
0.0022960370134187283
0.00570637503978537
0.011413042227627268
0.01930799050658878
0.02898870885000069
0.04024056133619018
0.05321862268413294
0.06835239729859038
0.08623161068252365
0.1075717465364026
0.1332291194185964
0.16423344475016727
0.2018290348828485
0.2475247328553484
0.30315446747560915
0.37095085532304056
0.4536348034914332
0.5545247091439691
0.6776696384424682
0.8280118297910172
1.011585043216393
1.2357567163419658
1.5095236455295056
1.8438730589102017
2.2522235724223214
2.7509637259886506
3.3601097131678372
4.104108701281898
5.0128199820814565
6.122713329966701
7.478332662088134
9.134083742146155
11.156417674719805
13.626497821419335
16.64345717157143
20.32837689716049
24.829145765405137
30.326395434259364
37.04074983508707
45.241679585690775
55.258316792379745
67.49266427705699
82.43572936199023
100.68722971769829
122.97966213882067
150.20770020945798
183.46410071062135
224.08355975645586
273.6962788660614
334.29339065937796
408.30687000356306
498.70713770364995
8.4
1.7375115589235976e-6
0.000017820500302983458
0.00011798200332805198
0.0005365409059849405
0.0017683750028439377
0.004440635640100016
0.00893301974360221
0.015153372737722076
0.02277362571062925
0.03162152661450278
0.0418218737271592
0.05371505661980824
0.06776554721582094
0.08453580202948392
0.1046987785275199
0.12906368467925855
0.15860836967079037
0.1945185654490876
0.23823547425984892
0.29151360915402486
0.35649120875731216
0.43577605229370814
0.5325501189219046
0.6506972917326437
0.7949592316142465
0.9711256767515889
1.1862668051497656
1.4490169857047857
1.7699213057396603
2.1618587823888107
2.640559242776372
3.2252346172089195
3.939349981396902
4.81156529233428
5.876885613004663
7.178065988469901
8.767327355951593
10.708452354401922
13.079345145760843
15.975157982514823
19.512110001691312
23.832151506900757
29.108660932441705
35.55340312864233
43.42502822886089
53.03945218751952
64.78253559661125
79.1255696261058
96.6441905934157
118.04148226945422
144.17619310184955
176.09720079981952
215.0856074850964
262.7061548155408
320.87002256260683
391.91153096617467
8.6
1.1951547392367964e-6
0.000012788950324167595
0.00008744105527747279
0.00040711976920831125
0.0013637756122521023
0.0034599683628724178
0.007000136213708905
0.011906047913662763
0.017910429104641745
0.024875135995774858
0.03290071448083215
0.0422571308841292
0.053310536691991636
0.06650354359923683
0.08236557312541254
0.10153322233364877
0.12477575626159082
0.1530259794057998
0.1874176724142025
0.22933109468451543
0.280448379020791
0.34282104152825627
0.4189523161583695
0.511897618277219
0.6253871692123631
0.7639757031311375
0.9332252645166608
1.1399284325441688
1.3923809311296174
1.7007145654621854
2.077303846920705
2.53726262566468
3.0990506625099132
3.7852144839465853
4.623292253413542
5.646918974490136
6.897176381690365
8.42424169471667
10.289401406470791
12.567510925205358
15.349998784892263
18.748535993318253
22.89951778173096
27.969537624385023
34.16207321961326
41.72565276431939
50.963829263161536
62.2473631764761
76.02910233938012
92.86215633513558
113.42209472640064
138.5340600307119
169.205883590133
206.66853338018203
252.42551707721185
308.31322310065843
8.8
8.232802438986143e-7
9.190998183163824e-6
0.00006489481803962052
0.0003093246531073518
0.001053071491004232
0.0026990778506526345
0.00549162642216033
0.009364569309630253
0.01410024796311611
0.019587940634992588
0.02590873337736412
0.03327688904561549
0.041981299685301794
0.052370607953950245
0.06486173376816248
0.07995598871880295
0.09825915824130847
0.12050581279541729
0.14758878874159204
0.18059502099923555
0.2208491655618644
0.2699667625925234
0.3299190737234462
0.40311219570731455
0.49248362552813346
0.6016201524685293
0.7349018085587397
0.8976776546423115
1.0964804569664464
1.339288870032569
1.6358476480153368
1.9980587359636375
2.4404589366462237
2.980803323488944
3.640777814013631
4.44686950185265
5.431429676818868
6.633972195758925
8.10275931237105
9.896738610906253
12.087908779700225
14.764209171356386
18.033049117710476
22.02561864348834
26.902153582621903
32.85836640489409
40.13330084454438
49.018925564663405
59.871851884814895
73.1276458456114
89.31830900269475
109.09362951750512
133.24726043885377
162.7485717844796
198.7815547648069
242.79233950722684
9
5.678986880682861e-7
6.614184274065813e-6
0.00004822512273813717
0.0002353175159176127
0.0008141310518293704
0.0021079044822765723
0.004312792011652885
0.0073730529845142
0.011111497486751677
0.01543943140945643
0.02042230312858246
0.026230277322560842
0.0330914758484045
0.041280778162465497
0.05112682376151965
0.06302476832515008
0.07745211813666793
0.09498789340190181
0.11633586635444418
0.14235280610663703
0.17408286380262472
0.21279947806940921
0.26005648258063396
0.31775046685804925
0.3881968930682776
0.47422302364891283
0.5792813892782985
0.7075883510548402
0.8642933178701727
1.0556854102712696
1.2894458649494847
1.5749563097396422
1.9236752812863345
2.3495980963530823
2.869818533024958
3.5052148640434506
4.281287775200168
5.229183797396639
6.3869453262922855
7.801037397218145
9.528212490192232
11.637788206227498
14.214429226018446
17.361545209806902
21.205440945208696
25.900385492004293
31.634803451015653
38.63883714984516
47.19358305365786
57.64237315370334
70.40455408390635
85.9923169766719
105.03125348939358
128.28546299438838
156.68821857016042
191.3794225268036
9.2
3.922545024271628e-7
4.7659617156972656e-6
0.000035882341662090275
0.0001792327801008719
0.0006301285033797521
0.001647996363349415
0.003390450563219293
0.005810658316189447
0.008764420234039125
0.012180723083977536
0.016112432518650622
0.020694774567843174
0.026108025719469324
0.03256910112491073
0.040337289351276326
0.04972435463794246
0.06110703287029315
0.0749421508931209
0.09178496057100115
0.11231142299539319
0.13734533717684894
0.16789140199139746
0.20517553827445242
0.25069408932863585
0.3062738744344138
0.3741455055215976
0.4570329094591821
0.5582626488051368
0.6818974284405289
0.8328991461834979
1.0173280311700985
1.2425858621285535
1.517713026749114
1.8537513441849962
2.264187212025468
2.7654928627850444
3.377787452432232
4.125644512761697
5.039078173508698
6.154747734762135
7.51742893339508
9.181810950613064
11.21469128079957
13.697656554141107
16.73035687134341
20.43450515866331
24.958761888414447
30.484701368904677
37.234098954376165
45.477831669100865
55.54674945144348
67.84495332734258
82.86601339954493
101.21277755304484
123.62156585129388
150.99172165192962
9.4
2.712781596956617e-7
3.4384434401305007e-6
0.00002673063804518476
0.00013667268675077992
0.00048824815144801926
0.0012897645663012504
0.0026679488099793335
0.004583553044688382
0.006919259618209085
0.009618237435115019
0.012723215924730528
0.01634171880372752
0.020616319183517647
0.025718336349056094
0.03185252092194005
0.03926505900390058
0.048253441772666966
0.0591784045891332
0.07247840457119711
0.08868721741762157
0.108455359701031
0.1325761963818345
0.16201778132995745
0.19796170872586996
0.24185053458380043
0.2954456715892511
0.36089808077561225
0.4408345971428948
0.5384633537685891
0.6577025354540957
0.80333762923763
0.9812134827922044
1.1984688786854465
1.4638230387899835
1.7879255572724648
2.1837838062007213
2.6672849670568284
3.2578336391136626
3.97913061413789
4.8601240723826935
5.9361713747052836
7.250458077607231
8.855731121246476
10.81641575172101
13.211201120513806
16.136198380303895
19.70879793913093
24.072380761398176
29.402072747768983
35.91177315143933
43.86273910572906
53.57407079311291
65.4355180524135
79.92312241165783
97.6183223019162
119.23128822751298
9.6
1.878403834804117e-7
2.4836374420157594e-6
0.00001993597282461807
0.00010433407893679211
0.00037871150121778803
0.0010104013845490735
0.0021013571795282476
0.003618761255247396
0.005467190949744374
0.00760118388373728
0.010055295877817089
0.012915070529218505
0.016293344179898164
0.020325534513315632
0.02517346007797155
0.031031684987078763
0.038135320374361535
0.046769460070479135
0.057280622417911216
0.07009065726886612
0.08571367630107009
0.10477668612436018
0.12804475225761539
0.15645170389469562
0.19113761174810495
0.23349454309090187
0.2852224303026716
0.3483972951265714
0.4255545667096224
0.5197908372781758
0.6348881392561349
0.7754657315058996
0.9471654864058588
1.1568783179988749
1.4130207385684743
1.7258726428291542
2.1079898761964353
2.5747081449499576
3.144758491973785
3.8410190392765178
4.691433167358009
5.730130981185403
6.9987990711408505
8.548353543468865
10.440983456362423
12.752646697331027
15.576118427845527
19.024714482330186
23.2368391292956
28.381539720923485
34.66529115526623
42.34028244200991
51.714537929777414
63.16427940719307
77.14902520175907
94.23003226640309
9.8
1.302174365626153e-7
1.7960099738354247e-6
0.000014884864131978184
0.0000797317258897147
0.0002940449922523576
0.0007922977061094739
0.0016565590753112491
0.002859442366271983
0.004323351610062266
0.006011932760019137
0.007953144862397647
0.010215080135589116
0.01288710216715307
0.01607633384402663
0.019910765346240804
0.024544285774083734
0.030162854570879482
0.036991964630585024
0.04530569211849129
0.055437696110177154
0.06779460950176508
0.08287235861567183
0.10127606646532943
0.12374433846672502
0.15117890526664898
0.18468081235995343
0.22559460891158784
0.27556230923538316
0.33658929259356796
0.4111247861087153
0.5021601608474485
0.6133489860449053
0.7491536596667047
0.9150245001078391
1.117618486607236
1.3650664271988517
1.6672992765872767
2.0364467002299778
2.4873238804022537
3.038026101481577
3.710654977246271
4.532205466242122
5.535649274249855
6.761258124616608
8.258220003913115
10.086613248540932
12.31981769933535
15.047459692217682
18.37900907776421
22.448172630937435
27.418260172166534
33.488738766355546
40.903238034092105
49.959327865365786
61.020460942828265
74.53055937538497
10
9.037231782996736e-8
1.3001816128752593e-6
0.000011125323422472056
0.00006099275119400694
0.00022852759985852347
0.0006218371423600834
0.001307019643960693
0.002261260511970505
0.0034214732717774035
0.004758597555257546
0.006295264218860642
0.008085701163348807
0.010200729157138927
0.012725151515439624
0.015760278946766026
0.019427921710791825
0.023875275189136878
0.02928082729260991
0.03586152180727474
0.04388146511040251
0.053662525686721536
0.06559725184096253
0.08016462603865544
0.09794928815666798
0.1196649991316928
0.14618328669408365
0.1785684228358762
0.21812013678242353
0.2664257776897042
0.32542402054004455
0.39748267197589915
0.48549369869446957
0.5929892923305367
0.7242836281804634
0.8846460092664717
1.0805123409059347
1.3197434267246126
1.6119404501899912
1.968830303828298
2.4047362305913147
2.9371526658895357
3.5874473507127145
4.381718894101432
5.3518442019692545
6.53675780926132
7.984014459553128
9.751697643882636
11.910750695193787
14.547823993385837
17.768752549501922
21.702803535367913
26.507864230985188
32.37677859363084
39.54508676381884
48.300478118031855
58.99433725365927
10.2
6.278689916428885e-8
9.422272701857708e-7
8.323823478952311e-6
0.00004670356335421813
0.0001777732265616992
0.0004884752735296672
0.0010320718612138718
0.0017895868366195732
0.00270973976073969
0.0037693081354032818
0.004986616421428143
0.006404871513588446
0.008080234831197597
0.010079888512276243
0.012484083550185815
0.015389308695818962
0.018912160834947723
0.023194024393491525
0.028406745590674017
0.03475952923125518
0.042507334828899485
0.0519611090267866
0.06350026497731083
0.07758790952618548
0.09478942931397685
0.11579518172831056
0.1414482013699098
0.1727780339908607
0.21104205578062155
0.25777593628779166
0.31485527023089666
0.3845708517002049
0.46972061176808944
0.5737219092871586
0.7007486815001788
0.8558989587963048
1.0453994665760489
1.276855525594978
1.5595562801998684
1.9048475043026907
2.32658694712641
2.8417004933393044
3.4708614582368087
4.239320280474664
5.177917910830733
6.324323567852054
7.724546535857127
9.434782679068585
11.523669778334966
14.075042209572812
17.191295504853386
20.997495851081542
25.64639943328566
31.324583075384982
38.25993222431229
46.73078679319034
10.4
4.366689302503173e-8
6.835123931829158e-7
6.233883442729993e-6
0.000035795646921533655
0.0001384143491336249
0.00038403518369458284
0.0008155974103306359
0.001417339503386782
0.0021475847410292004
0.0029877812998086468
0.0039527711067581794
0.0050769954032329236
0.006405018023384777
0.007990097937993467
0.00989584856135795
0.012198754334317892
0.014991238951449574
0.018385374625518945
0.022517379938726365
0.027553086772756245
0.033694595724447156
0.041188387112294354
0.050335213097177554
0.06150216792261668
0.07513742069554906
0.09178820198629498
0.11212276611304262
0.13695721053367085
0.16728822870234875
0.20433311087767556
0.24957859825474032
0.3048405511096642
0.3723368256483923
0.45477628436365697
0.555467512198276
0.6784516016753164
0.8286643361344015
1.0121342800395747
1.2362247264472337
1.5099292118038468
1.8442324581571055
2.2525512285924365
2.7512727991542656
3.3604125869573367
4.104417541162766
5.013147182883157
6.1230720234059755
7.47873724379417
9.134550449027374
11.156965238224403
13.627148216620139
16.64423650120119
20.32931643845962
24.830283225467408
30.327776463337205
37.04242985874895
10.6
3.039964384480957e-8
4.963178205455561e-7
4.673090631360929e-6
0.00002746018276763755
0.00010786190611768767
0.000302167448937342
0.0006450095258405461
0.001123313042297479
0.0017032116129962788
0.0023698888178963046
0.0031353689179598257
0.0040271176560216955
0.005080517189239195
0.0063378166623153384
0.007849474986037821
0.009676160302407703
0.011891183907019787
0.014583442474603529
0.017860985794622097
0.021855353188754884
0.026726852645713357
0.0326709945436793
0.039926338168312134
0.048784065934558835
0.05959966955923189
0.07280721719188421
0.08893677409398172
0.10863567601867741
0.13269450906769806
0.16207883868763842
0.19796796120151725
0.2418022331110711
0.29534087766059874
0.36073258864280294
0.44060176502498444
0.538153837295281
0.6573039126435603
0.8028339019561408
0.9805844346952689
1.197689263861778
1.4628615685644384
1.7867436444660674
2.1823340224446506
2.6655091153162407
3.2556604541653322
3.9764728784378365
4.8568751216660315
5.932200817172991
7.245606560636031
8.849803936917116
10.809175018610583
13.202356247451547
16.125394389123706
19.69560122772332
24.056261699549854
29.382384420643596
10.8
2.1183702596047818e-8
3.6072868443176903e-7
3.5062625693537085e-6
0.000021084102110950114
0.00008412271473791683
0.0002379354372276576
0.0005104672945350873
0.0008908839667251234
0.0013516695346247045
0.001880993934010855
0.0024886007361809006
0.0031964019791510274
0.00403250593554299
0.005030449140019196
0.006230281940476133
0.007680157831249937
0.0094382654226643
0.011575163745487872
0.014176614032561749
0.01734702161824037
0.02121362609098842
0.0259316078648502
0.03169031611437057
0.03872086802183809
0.04730542432120962
0.05778851339914576
0.07059085842907642
0.08622626246908201
0.10532222918289035
0.1286451467652455
0.15713104579103818
0.1919231654089481
0.2344178355632478
0.2863205165135457
0.3497142451514025
0.4271432343771422
0.5217149814009011
0.6372249824932943
0.778309059581812
0.9506294120577454
1.161101860730267
1.4181734039764742
1.7321612289521318
2.115666758986602
2.5840814281195614
3.156204358303248
3.8549968515714075
4.708503904305501
5.750979751298303
7.024262609020883
8.579453788905704
10.478968573890661
12.799041161901565
15.632784212208184
19.093925783403666
23.321373639599333
11
1.4775340485785792e-8
2.6241837375831913e-7
2.633086874386496e-6
0.000016202108989640116
0.00006566039017620018
0.000187496291590269
0.0004042677278095064
0.0007070062856703862
0.0010733584997790332
0.0014938810378940885
0.0019764707611285293
0.002538615896111844
0.003202658513418945
0.003995235476424199
0.004948155272807698
0.006099661914465988
0.007495969406123369
0.009193116470182108
0.01125921557739964
0.013777186539535411
0.016848084372488824
0.020595154988937544
0.025168781489580083
0.030752519565009528
0.03757046423000135
0.04589624354334355
0.05606400026277085
0.06848180216679352
0.0836480192476701
0.10217132504907839
0.12479512487256127
0.15242739124258375
0.1861771040320427
0.2273987577184578
0.2777467220031097
0.33924163747703906
0.41435151102090356
0.5060907655950367
0.6181412195851224
0.7549998511625873
0.922159277755323
1.1263281940829566
1.375700617676342
1.6802847333348427
2.0523045772374373
2.506690609961183
3.061678938450722
3.739543193024326
4.567488446325672
5.578743048622368
6.813892197654254
8.32250676580754
10.165132752776863
12.415721209302557
15.164596152540597
18.52207958587527
11.2
1.0314810425025644e-8
1.9106746972010687e-7
1.979033013120651e-6
0.000012460622909802821
0.00005128922451024373
0.00014785511667963298
0.00032037463371243426
0.0005614307836245216
0.0008528660453469313
0.0011871440148945186
0.0015706657867808392
0.0020173941969559564
0.0025450974639371626
0.0031749447030268046
0.003932213624441746
0.004847296085526353
0.005956917558554368
0.00730561104936316
0.008947504363313907
0.010948492444192378
0.013388881969622369
0.016366614340038516
0.02000119641099686
0.024438496722911464
0.029856599717697302
0.036472952892747705
0.04455309373265155
0.054421306660559055
0.06647363771091276
0.08119378924738292
0.09917253263708138
0.12113141797988619
0.14795173244748006
0.18070986943195855
0.220720527991965
0.2695894763429639
0.32927799697229604
0.40218159979359175
0.4912261623699808
0.5999853556528052
0.7328240679527344
0.8950735832175184
1.093245545370602
1.3352932875069372
1.630931038974147
1.9920237796252207
2.433063429022824
2.9717504568919493
3.629704265121202
4.433330850286393
5.414882568910163
6.613752537987573
8.078055618875243
9.866559435711528
12.051042926571455
14.719177084141748
11.4
7.2070866124735825e-9
1.3923394762536422e-7
1.4886591524069842e-6
9.590636431904483e-6
0.000040093085015406984
0.0001166752742588852
0.0002540529517605037
0.0004460973306493881
0.0006780607271549083
0.0009439298884297416
0.001248894080886463
0.0016041054947557882
0.002023702123746252
0.0025245172066096127
0.003126650031252331
0.0038542663000694756
0.004736567808759164
0.005808964414831742
0.007114495159521291
0.008705555575657631
0.010646000504324757
0.013013706813866788
0.015903698872070382
0.01943196220769914
0.023740098416968853
0.029001008132819504
0.03542583013452416
0.043272415088041784
0.0528556739987911
0.06456021669597448
0.07885578757546338
0.0963161180918056
0.11764195261600041
0.1436891717675874
0.1755031419089736
0.21436066936877238
0.2618212431617711
0.3197896227591677
0.39059228277562
0.4770707825621312
0.5826958079626754
0.71170646211992
0.8692803962517202
1.0617416035526128
1.2968142301075989
1.5839325651411644
1.9346196755785212
2.36294986650764
2.8861135324773537
3.5251070683146177
4.305575528282853
5.25884185211606
6.42316396452123
7.845270200068696
9.582234675382589
11.7037678737137
11.6
5.039880849978153e-9
1.0154463595382906e-7
1.1206753751009717e-6
7.387252082574649e-6
0.00003136333853368581
0.00009213176269375436
0.00020158453280310888
0.0003546612148417502
0.0005393847301076397
0.0007509581178315566
0.000993588642258101
0.0012761867536113798
0.001610007509859529
0.0020084436413141137
0.0024874856695166992
0.00306635923179543
0.0037682965567666904
0.004621468853947446
0.00566011692330853
0.006925925358827816
0.008469695497570437
0.010353384255742764
0.012652590677294151
0.015459589988995737
0.01888703692925701
0.023072486978349013
0.028183916942910506
0.034426466454823466
0.042050670945087396
0.0513625165103004
0.06273572020906848
0.0766267286399438
0.09359303674580262
0.11431556204371106
0.1396259722355968
0.17054006295333773
0.20829852520419787
0.25441673865717
0.31074558915025513
0.3795457512374968
0.4635784169979748
0.5662161123663205
0.6915780488327673
0.8446954399009844
1.0317134252873161
1.2601376930219976
1.539135711021383
1.8799046493764129
2.296120762171555
2.8044882632502524
3.425409725608295
4.183804907693436
5.110110871060012
6.241503526488196
7.62338963386125
9.311229134764035
11.8
3.5272055910306797e-9
7.41157529702968e-8
8.442970391732956e-7
5.694232184284341e-6
0.000024551269109472207
0.00007279773284376374
0.00016004691958252285
0.0002821234493460811
0.0004293011559809219
0.0005977540946380724
0.0007908936221834487
0.0010158414893839587
0.0012815620035508371
0.0015987161809383906
0.0019800324529441636
0.0024408143796541375
0.002999554757702585
0.0036786778003285838
0.004505439099792724
0.00551301949000288
0.006741856709873406
0.008241268311769849
0.010071430948074247
0.012305795471525093
0.015034034775826034
0.018365642683737714
0.022434328318719336
0.027403382321389357
0.03347223027641652
0.040884436361410065
0.049937478432552196
0.06099468685562848
0.07449982622906537
0.09099490521570615
0.11114192925334386
0.13574946915788927
0.1658051119083809
0.20251509598094813
0.24735272193399327
0.3021174811323969
0.3690072756555068
0.4507066278227115
0.5504944197246676
0.6723754851549604
0.8212413398961802
1.0030664931816562
1.2251482268437446
1.4963994606365407
1.8277064590257588
2.232365735080564
2.7266176864659792
3.330298379419236
4.067635639809531
4.96822140085459
6.0681993313418685
7.411715407877212
12
2.4704711940149103e-9
5.4137046488521466e-8
6.365473441704569e-7
4.392317108242981e-6
0.000019231554082391682
0.000057556532804430196
0.0001271409370921404
0.00022454186556346433
0.00034186163562186623
0.00047604932606179056
0.000629871118491753
0.000809021001763255
0.0010206420987487442
0.0012732252001259018
0.0015769072998792464
0.0019438762264748816
0.0023888597314531564
0.002929716565309946
0.0035881532118629705
0.004390595045669934
0.005369246875086147
0.0065633854342987425
0.00802093569660105
0.009800394271828631
0.011973177080702318
0.01462648552648559
0.017866806193542004
0.021824184527746676
0.02665744401695855
0.03256056033520676
0.03977044626758853
0.048576459852196885
0.05933201733419306
0.0724687770006532
0.08851396314320799
0.10811152542045951
0.1320479828180813
0.16128398941807992
0.1969928888199461
0.24060780453897485
0.29387915628579153
0.3589449104537647
0.43841638434511726
0.5354830468682273
0.6540405243961
0.7988469446601697
0.9757138977552355
1.1917396755313014
1.4555941509923929
1.777866730624866
2.171491344687206
2.652265531038896
3.2394844458872774
3.9567152461441015
4.832742922211745
5.9027255406491035
12.2
1.7316352840390504e-9
3.957295143253535e-8
4.802593441494474e-7
3.3903808530321056e-6
0.00001507419108081619
0.00004553344952441281
0.00010105615489571257
0.00017880506659386845
0.0002723676742724426
0.0003793115136897189
0.0005018797128794979
0.0006446261833889629
0.0008132454244972756
0.0010145030953936027
0.0012564763379790114
0.0015488763877957172
0.0019034382855299247
0.002334391845087472
0.0028590327459923873
0.003498416669740017
0.004278204338219702
0.005229691368581667
0.006391064276259217
0.007808933033895262
0.009540201693204506
0.011654352144370729
0.014236232668313382
0.017389463196029915
0.021240593940349804
0.025944184300280664
0.03168900587239156
0.038705618517807946
0.0472756235389884
0.05774296532876137
0.07052773506641788
0.08614303045209161
0.10521554811844555
0.12851073516762293
0.1569635092508897
0.19171578009656043
0.23416227835751832
0.2860065310482649
0.3493292301378987
0.4266717376666945
0.5211380802448007
0.636519523823197
0.7774467308640176
0.9495756050152881
1.159814282402636
1.4166003792869282
1.7302396234291082
2.1133194589127244
2.5812142247170162
3.1527021805796798
3.8507191448473947
4.703278989182016
12.4
1.2146475836867216e-9
2.8947565272914835e-8
3.625941276656658e-7
2.6187261138673806e-6
0.000011822892860508198
0.00003604267038257897
0.00008036577656859829
0.00014245536012359592
0.00021710511356166058
0.0003023759907629779
0.0004000870300649948
0.000513881460154178
0.0006483009235835676
0.0008087390029698149
0.0010016346184121678
0.0012347293480693673
0.0015173781018944354
0.0018609245668235576
0.002279156468768932
0.002788858922467351
0.0034104880770732607
0.00416899209324375
0.005094812400442991
0.006225105418374106
0.00760523377457126
0.00929058686592062
0.011348803829675675
0.013862488139461183
0.01693252277278093
0.020682118999092985
0.02526176128068394
0.03085524674252876
0.037687061596270784
0.04603139056012141
0.056223120854269414
0.06867128240106607
0.083875463632012
0.10244586172512403
0.1251277719610947
0.1528314990392007
0.18666889080172136
0.22799796059088284
0.27847738913336584
0.34013309302141287
0.4154395322602313
0.5074190186358345
0.6197630118982596
0.7569802709638243
0.9245778062581554
1.1292818952972454
1.3793080319861666
1.684690643056538
2.0576858050292017
2.513263123356385
3.0697065154967276
3.749348008568413
12.6
8.526121090212485e-10
2.1189743706763296e-8
2.7394045184320767e-7
2.0239949601334754e-6
9.27843942013453e-6
0.000028546021851105517
0.00006394442563141916
0.00011354990535479076
0.00017313570140777142
0.00024115635068701008
0.00031908701423441797
0.000409843226279682
0.0005170487062957105
0.0006450051820573122
0.0007988479806605552
0.0009847513536736028
0.0012101762562066758
0.001484169781117777
0.0018177282506180057
0.0022242385372943795
0.002720015326303491
0.003324955880975064
0.004063338589864906
0.004964797343717218
0.006065510847557448
0.00740965459915747
0.009051173806893785
0.011055948400321444
0.013504437023122403
0.016494906120956217
0.020147373718967694
0.024608426174083684
0.030057101162237955
0.03671207316520816
0.04484042956908798
0.0547683898570009
0.06689439793486994
0.08170511308393887
0.09979494130718375
0.12188989092884182
0.14887670985803608
0.18183847389530153
0.22209805439022226
0.27127120960210477
0.33133143097508533
0.40468914605669165
0.4942884575294852
0.6037253003675218
0.7373917593460723
0.9006523387586669
1.1000592589420077
1.343615419742666
1.6410955851220796
2.0044386785923103
2.4482269343013923
2.990271133188613
12.8
5.988948972840326e-10
1.5521376126133752e-8
2.0709666011306654e-7
1.565301203296747e-6
7.285834791933559e-6
0.00002262083343748558
0.000050903769845168506
0.00009055171219693613
0.00013813332071958194
0.00019241702216473376
0.0002545991242067797
0.0003270134932092677
0.0004125526392660334
0.0005146489817527033
0.0006373999950059863
0.0007857321081224258
0.0009655984096307204
0.0011842175657630473
0.001450363530878797
0.0017747176770621285
0.002170297475082314
0.0026529789312056762
0.0032421337470822705
0.003961406774133281
0.004839664964471787
0.0059121559030469815
0.007221922417006505
0.008821530035445098
0.010775176628699557
0.013161268894275305
0.016075569092916693
0.019635038329809104
0.02398253058718929
0.029292526010787814
0.03577813335619961
0.043699642818741405
0.05337497238756035
0.06519242701046336
0.07962628263543746
0.09725582056937983
0.118788576071203
0.14508873424426702
0.17721181273786507
0.21644702350337827
0.26436901333120877
0.32290105992661494
0.3943922598393704
0.48171180594469654
0.5883641382378504
0.7186295892644229
0.8777361689969816
1.0720693831234096
1.309428505904567
1.5993395923319225
1.9534377922655177
2.385934309785764
13
4.209578767742821e-10
1.1376713377275188e-8
1.5666176901139525e-7
1.211287804917653e-6
5.724387769539799e-6
0.000017934881306649503
0.00004054206043715879
0.00007224398859778447
0.00011025518238252393
0.0001535943573618713
0.00020323168592119672
0.00026103594059125675
0.0003293168907240819
0.0004108144909541632
0.0005087995192194703
0.0006272044587077218
0.0007707813153883227
0.0009452923326519179
0.0011577412503709092
0.001416654389573841
0.0017324228436412775
0.0021177195093705268
0.0025880076948311863
0.003162161716196826
0.003863224390335073
0.004719331823955978
0.005764842614375887
0.007041716780642116
0.008601199766460742
0.010505879099768422
0.012832196249985148
0.01567351449644272
0.019143865905292885
0.02338252787540998
0.028559612790791264
0.03488289524701028
0.04260615077176443
0.052039340727269116
0.0635610521486849
0.07763369177079728
0.09482204403410441
0.11581593788141563
0.14145793195095474
0.17277712952284863
0.21103047997072918
0.25775322455815597
0.31482051107998954
0.3845226501213226
0.4696570332704931
0.5736404023023618
0.7006459747195936
0.8557709303079978
1.0452409781557988
1.2766602165406185
1.5593163120758453
1.9045532463440262
13.2
2.960785764192549e-10
8.344053833385904e-9
1.1858174198563513e-7
9.37885599893372e-7
4.50004255277184e-6
0.000014226831324264032
0.00003230453868404532
0.000057662769921370315
0.00008804042303559698
0.00012265575452520897
0.00016229554695419867
0.00020845657425698938
0.00026298398233967835
0.0003280658656766175
0.0004063141841488724
0.0005008693174972603
0.0006155260952283417
0.0007548860964194389
0.0009245423272443759
0.0011313036879509455
0.0013834682379316489
0.0016911562259847445
0.002066716251441388
0.0025252208568012336
0.003085071441795017
0.0037687367761673153
0.004603654750303684
0.005623333554094892
0.006868696478275792
0.008389724309759174
0.010247461236106972
0.012516464765840911
0.01528779796941942
0.018672684187301645
0.022806970785861427
0.02785658120271563
0.0340241740344238
0.04155727643705997
0.05075821826061629
0.061996265607151047
0.07572244077618298
0.09248762395802235
0.11296465904556369
0.13797536312408298
0.1685235029926815
0.20583508276256543
0.2514075471396625
0.30706987913529077
0.37505600358195124
0.45809444235156094
0.559517819576798
0.6833966115022007
0.8347025090154966
1.0195079490539827
1.2452298228251057
1.5209271416835037
13.4
2.0837587199837415e-10
6.1235469331143646e-9
8.981103915351279e-8
7.266043684027412e-7
3.539442757549741e-6
0.0000112909590502679
0.000025752339421356757
0.000046043879233699
0.0000703302054661348
0.00009798863119470315
0.00012965721131625422
0.0001665350921528759
0.00021009681297942434
0.0002620904597095717
0.0003246027168674175
0.000400142420810952
0.0004917412450970204
0.00060307537217199
0.0007386130314675771
0.0009037938251657993
0.0011052470385032958
0.001351057696280321
0.0016510910432951617
0.002017388471251844
0.002464650782089904
0.0030108281827885986
0.0036778406902002996
0.004492457858281944
0.005487373134306347
0.00670251596168446
0.008186654288729946
0.009999351799573066
0.012213358404434306
0.014917529967849221
0.018220394387940896
0.022254507210918345
0.027181771549225256
0.03319993582143637
0.040550530091042994
0.04952855951576804
0.060494343940441515
0.07388797917102059
0.09024699768387556
0.11022794546212279
0.13463272773022145
0.1644407940897204
0.20084844690484202
0.24531685312504306
0.2996306860293653
0.36596975043010305
0.446996465926545
0.54596271911181
0.6668403732209844
0.8144806729406922
0.9948089419031542
1.2150623867145218
13.6
1.4674121956659113e-10
4.4966285455373775e-9
6.805989608579056e-8
5.632284745818289e-7
2.78533239959111e-6
8.965199734701953e-6
0.00002053804534448223
0.00003678113306871514
0.000056204707820579546
0.00007831284867374737
0.00010362299203397614
0.00013309608925818247
0.0001679109423612739
0.00020946465322571457
0.00025942491611521566
0.0003197968117914128
0.0003930032764075851
0.0004819823424363147
0.0005903050522166796
0.0007223187764471734
0.0008833216894097606
0.0010797754033202338
0.0013195642955151875
0.001612311936194084
0.0019697673160823364
0.002406276374687169
0.0029393577532196074
0.0035904058791720573
0.004385549599826182
0.005356700824630471
0.006542835262175905
0.007991556653570457
0.00976100727107125
0.011922201384827854
0.014561875301874303
0.0177859684049907
0.02172387487102066
0.026533636713290572
0.03240828656278235
0.039583594745250736
0.0483475315722772
0.05905182483867557
0.07212607469697938
0.08809499742032449
0.10759948171365183
0.13142231101557153
0.1605195791135651
0.19605906153135658
0.23946708252710605
0.29248575835183677
0.35724291464930263
0.4363374834766875
0.5329438076010421
0.6509390380162742
0.7950587376300836
0.9710869360250517
13.8
1.0339833578540908e-10
3.3038601145077403e-9
5.1605429559351705e-8
4.3682031017921595e-7
2.192989260127544e-6
7.1217938575491e-6
0.00001638645255228426
0.000029393380412954655
0.00004493339077329865
0.00006261157808129766
0.00008284755637401943
0.00010641159231167115
0.00013424639964163055
0.00016746898774259547
0.0002074126943518432
0.00025568060066109426
0.0003142098672303525
0.00038534947903704283
0.0004719545184912009
0.0005775007499175816
0.0007062241141804404
0.0008632907318660027
0.0010550042378418513
0.0012890587682532586
0.001574847753225765
0.0019238409082011304
0.002350044553887518
0.002870563739086182
0.0035062887263676173
0.004282733391652974
0.0052310591856396145
0.00638932575316116
0.007804018395750988
0.009531913699200097
0.011642358168233986
0.014220051349645747
0.017368445121746966
0.021213895581304546
0.025910734157579367
0.031647461474359165
0.0386543125418741
0.04721249704690157
0.05766548452580401
0.07043279052561814
0.08602681171603416
0.10507339092124977
0.1283369342418297
0.15675108934751872
0.19145621607679042
0.23384515299352832
0.285619116988029
0.3488559790240575
0.4260936564146193
0.5204319683534756
0.6356570425432849
0.7763932657932928
14
7.289949265056017e-11
2.4288457931441123e-9
3.915031517251834e-8
3.389581797476146e-7
1.7274562966802001e-6
5.659957865567064e-6
0.000013079423449795214
0.00002349848678724085
0.00003593571357870942
0.0000500766818905212
0.00006626167132272404
0.0000851082553394901
0.0001073706034792347
0.00013394211186434544
0.00016588918750532288
0.00020449397871759762
0.00025130583132285567
0.00030820346933355217
0.000377470394744339
0.00046188653248501225
0.0005648397985676319
0.0006904620690534821
0.0008437950067481718
0.001030992400828742
0.0012595671400132801
0.0015386927311673534
0.001879571464340613
0.002295883999999919
0.0028043384219749727
0.0034253407915239725
0.00418381411422219
0.005110198588340219
0.006241673273627544
0.007623648224003418
0.009311586946062819
0.01137323234746236
0.013891325497126822
0.016966926314729798
0.020723469460244587
0.02531171820024845
0.030915815067089878
0.03776067224059719
0.04612099758382082
0.056332320596578174
0.06880445743132099
0.0840379587316269
0.10264419839312162
0.12536991014009272
0.15312715659488735
0.1870299335071942
0.22843887834926602
0.2790158774877484
0.34079076348069004
0.416242779410194
0.5084000796049101
0.6209612601077311
14.2
5.1425449686862534e-11
1.7865499350374632e-9
2.971695846888699e-8
2.631529373531129e-7
1.361390594075206e-6
4.500136680263049e-6
0.000010443948624489008
0.000018792783942933307
0.000028750080093433118
0.000040065530830923776
0.000053015075583806087
0.0000680939837269984
0.00008590579268764683
0.00010716530336249893
0.00013272573394669312
0.0001636129142660594
0.00020106645531881075
0.00024658949921554376
0.00030200904555027997
0.0003695492753088664
0.00045192081506088974
0.0005524295239226376
0.0006751091692918179
0.0008248833160936366
0.0010077629267310213
0.0012310876021144747
0.0015038201456130038
0.0018369062718249405
0.0022437138965408017
0.0027405696381386994
0.003347414062106419
0.00408860196640221
0.004993879822762583
0.006099579611539217
0.007450076947209115
0.009099572029778775
0.011114264888659412
0.013575012222361063
0.016580572461630184
0.020251569292136312
0.0247353327064076
0.03021181193380316
0.03690079713276441
0.04507074094784967
0.05504953185139602
0.06723765376016093
0.08212425880174175
0.1003067987047255
0.12251500264627005
0.14964016381896625
0.18277091018903266
0.2232368949372026
0.2726621601167005
0.3330303151642409
0.40676414610781014
0.49682285048036257
14.4
3.629674767844224e-11
1.314803501260648e-9
2.256817453379142e-8
2.0440105171551322e-7
1.0733906564727263e-6
3.5794928391767056e-6
8.342730403668846e-6
0.000015034824674525903
0.000023009272646100835
0.00003206683728606265
0.000042431278797214204
0.00005449987768300992
0.00006875578347019348
0.00008577110067945867
0.00010622871332327108
0.00013094965722725487
0.00016092607067118154
0.00019736101238073967
0.00024171674449872417
0.00029577341829864034
0.0003617005179056312
0.00044214392931264136
0.0005403321290761855
0.00066020575441429
0.000806575754815739
0.0009853164723382614
0.0012036013995767258
0.0014701910771108512
0.0017957846847605958
0.0021934494372374937
0.0026791450173531363
0.0032723640944394014
0.003996914632063739
0.004881875388286892
0.00596276294527219
0.007282957115943258
0.008895441927867046
0.010864932058378874
0.013270470061741809
0.016208598624475955
0.019797235162248666
0.024180404297526558
0.029534017883716953
0.03607293534605504
0.04405958636454872
0.05381450328755591
0.06572918518303753
0.08028181006991357
0.09805642588590158
0.11976639036975932
0.14628300062821775
0.17867046133635664
0.21822859501204142
0.26654500845897666
0.32555880899801515
0.3976384276565973
14.6
2.5632266194586758e-11
9.681236556808664e-10
1.7147684796036403e-8
1.5884189938145612e-7
8.466945754590969e-7
2.8483633431788157e-6
6.666749773214471e-6
0.000012032531545565588
0.000018421004636268473
0.000025673603780203683
0.000033971773005524496
0.00004363426487389126
0.00005504797806619814
0.00006867096018168387
0.00008504994905027027
0.0001048422910050367
0.00012884232222406958
0.00015801324822988167
0.00019352580070939874
0.0002368052230866424
0.0002895884705457704
0.0003539939201418334
0.0004326063887106167
0.0005285808706423799
0.0006457691588855171
0.000788874430924782
0.0009636400038031115
0.001177079833603251
0.0014377600101336313
0.0017561425441884836
0.002145005244788405
0.002619954537671082
0.0032000518050212096
0.003908578387653439
0.004773969944933391
0.005830957678658085
0.007121962217902683
0.008698796107864159
0.0106247432291492
0.012977098602267395
0.01585027050795154
0.019359569446732124
0.023645835835462425
0.028881092665966633
0.03527544915353938
0.043085533276148814
0.052624791132706954
0.06427606663554729
0.07850696638167769
0.09588862634422496
0.11711863357028415
0.14304902279294562
0.17472047157907386
0.21340406637567833
0.2606523156680533
0.3183614576005196
14.8
1.8110476822625387e-11
7.132128520774869e-10
1.303544268805471e-8
1.2349476077261873e-7
6.681660201037791e-7
2.267474446266224e-6
5.329394593833166e-6
9.633023377571037e-6
0.000014752514876171094
0.000020561690526507948
0.000027207677518390284
0.000034946280593512774
0.00004408741834375165
0.00005499793917896585
0.00006811572042483815
0.00008396722470201453
0.00010318862853539054
0.00012655135435160457
0.000154993030369997
0.0001896551209146212
0.00023192873738576248
0.00028351046844510465
0.00034647047007629677
0.00042333554821196665
0.0005171905683285921
0.0006318022619322017
0.000771770398715307
0.0009427123914682811
0.0011514887425786878
0.0014064783800799869
0.0017179149334540199
0.0020982974452601654
0.0025628920008752003
0.003130344411548124
0.0038234285348420073
0.004669960270204894
0.005703913908569104
0.00696678563988075
0.008509258940938352
0.01039323868136828
0.012694335583194083
0.015504900759477545
0.01893773201473781
0.023130600965276412
0.028251782149606764
0.03450680655033142
0.042146710259548276
0.051478109438990755
0.062875505901723
0.07679631718679229
0.09379923433108006
0.11456664410053359
0.13993201556815527
0.1709133501311173
0.20875403760251382
0.2549727575632524
15
1.2802373811235545e-11
5.25678401137196e-10
9.91406554505581e-9
9.605682037697494e-8
5.27503794620102e-7
1.8057506078847882e-6
4.26181788147722e-6
7.714556130458082e-6
0.000011818355726531508
0.000016472823916399185
0.000021797258783836152
0.000027996993866551735
0.000035320359164879784
0.00004406125461893825
0.00005457048293073132
0.00006726981633261072
0.00008266892366425134
0.00010138582517269494
0.00012417169583520325
0.0001519410126479886
0.00018580825579935986
0.00022713263667290163
0.00027757264777320136
0.0003391526238523064
0.00041434398557161755
0.0005061644262929708
0.0006182990227051933
0.0007552481298935296
0.0009225079963906121
0.0011267913479281251
0.0013762967926904976
0.0016810378603474149
0.002053244879665812
0.00250785582553136
0.003063115831354881
0.0037413094308178826
0.004569654914380585
0.0055813966948014895
0.006817139522175303
0.008326478095206978
0.010169987470426366
0.012421654161190527
0.015171845430263267
0.018530936137510647
0.022633738378464226
0.027644912013031462
0.03376557303454045
0.04124136506146217
0.05037231787564009
0.0615248886754305
0.07514666928654316
0.0917843495939844
0.1121056581270354
0.1369261603510388
0.16724199016994193
0.2042698282808377
15.2
9.054474309659688e-12
3.8763971794974875e-10
7.543591946689386e-9
7.474790031768528e-8
4.1662520419431943e-7
1.4385896074202264e-6
3.4092659608534686e-6
6.180134595072138e-6
9.47070683032511e-6
0.000013201117389896248
0.00001746809695223292
0.000022436501831101268
0.00002830537119210626
0.000035310234569252516
0.00004373222164248803
0.000053909336324574874
0.00006625002196187624
0.00008124955360000455
0.00009950991511073705
0.00012176395891787026
0.00014890481793859568
0.00018202175014340162
0.00022244385430025785
0.0002717934113895586
0.00033205099240645895
0.00040563494565891656
0.0004954984535614198
0.0006052480542183108
0.0007392883844610953
0.0009029989533898865
0.001102950040962431
0.0013471663864655476
0.0016454492486024871
0.002009769767820359
0.002454749404059194
0.002998246753090612
0.0036620742718924647
0.004472873689638385
0.005463185233854959
0.006672753584078438
0.008150122965240378
0.009954585403655125
0.01215856029575413
0.014850500909751813
0.018138444268898404
0.022154347084953698
0.02705938163872454
0.033050404190217916
0.04036785550858931
0.04930541060995683
0.060221764962303206
0.0735550301955517
0.0898403170595209
0.1097312112983804
0.13402600433876516
0.16369973153050418
15.4
6.406822490228389e-12
2.859817355517295e-10
5.742485264649731e-9
5.819102542090633e-8
3.2918465767689065e-7
1.1465036904788184e-6
2.7281719238914525e-6
4.952445340256989e-6
7.591687459270017e-6
0.000010582372222776437
0.00001400293019197668
0.000017985747884554018
0.000022690403084336777
0.000028305703887159375
0.000035057011975180525
0.000043215281047339906
0.00005310793108706619
0.00006513198887581619
0.00007977002207217349
0.0000976095063458174
0.00011936640283931496
0.00014591389220256572
0.00017831741839850792
0.00021787744870971695
0.0002661816660568129
0.00032516868829049115
0.0003972058717298161
0.000485184321486003
0.0005926349216611627
0.000723870042124934
0.0008841566090592015
0.001079927485244351
0.0013190396432037283
0.0016110894935504646
0.00196779802219242
0.0024034811948707283
0.0029356245071026927
0.0035855847384800633
0.004379447075238157
0.005349072000430934
0.006533373966851801
0.007979883174267031
0.009746653105659938
0.01190459045247318
0.01454030081399395
0.01775956450163391
0.021691581870794313
0.02649415858534791
0.03236003891010004
0.039524641220493796
0.04827550616360269
0.058963836675861345
0.07201859298978842
0.08796370831526834
0.10743911611672557
0.13122643289229088
15.6
4.53548418203004e-12
2.1107905902427934e-10
4.3733273108854295e-9
4.532048372032439e-8
2.601975807107319e-7
9.14048348012215e-7
2.183853418941009e-6
3.969835223381686e-6
6.087251524812399e-6
8.485579994900415e-6
0.000011228411818409128
0.000014422081097572453
0.00001819456358924012
0.000022697257840670116
0.00002811087274480738
0.00003465267567620782
0.00004258521215628715
0.000052226842726938916
0.00006396451987719286
0.00007826931780476057
0.00009571533827803091
0.00011700275135570346
0.0001429858956699402
0.0001747075660349596
0.00021344086446446246
0.0002607402942270616
0.0003185041475181082
0.0003890506905929322
0.0004752112039309072
0.0005804436114623398
0.0007089712596310417
0.0008659524129613734
0.001057687277561031
0.0012918708464302589
0.0015779017284329835
0.001927259347185053
0.002353964650613274
0.0028751428208000315
0.003511710567682791
0.004289215590118853
0.005238861894631311
0.006398762123998523
0.007815467140637996
0.009545834297727563
0.01165930930288035
0.014240713328964484
0.017393647183484143
0.021244649173264088
0.02594827352834091
0.031693293211072275
0.038710276033135996
0.04728083815341217
0.057748946322903345
0.07053472247898732
0.08615130471216562
0.10522544130121038
15.8
3.2121893106567256e-12
1.558633282700354e-10
3.332036454441472e-9
3.531100252389503e-8
2.0574639945459622e-7
7.289772912219133e-7
1.7486879956509269e-6
3.1831178588066285e-6
4.882336694691134e-6
6.806169911750081e-6
9.006175892120604e-6
0.0000115677806691945
0.000014593644262412356
0.00001820520206680197
0.000022547398552981832
0.00002779450131241474
0.00003415709500262583
0.00004189053284891833
0.000051305184866152555
0.00006277889409676482
0.00007677214077911774
0.00009384652303617434
0.00011468729578026719
0.00014013087239844822
0.00017119839295853798
0.00020913670614674824
0.0002554684096812648
0.000312052957506697
0.0003811612862091444
0.0004655669556752157
0.0005686574621166543
0.000694570188556404
0.0008483584557505563
0.0010361943265820763
0.0012656163140643854
0.0015458319281092122
0.001888087205218896
0.002306118051397
0.0028167015122957137
0.0034403290950095677
0.004202029164110521
0.00513237141919498
0.0062686937576581095
0.007656600788794221
0.009351794093731823
0.01142230773202258
0.013951238686049191
0.01704008183514255
0.02081280329914567
0.025420815638620253
0.031049054568263908
0.03792340107835773
0.046319746831690774
0.056575066665315955
0.06910094257259788
0.08440008193520147
16
2.2759897437174374e-12
1.1514099773329617e-10
2.5397363132879504e-9
2.7523153044797935e-8
1.627505320540051e-7
5.815754370742129e-7
1.400666084420298e-6
2.5530361555097422e-6
3.9170078933654825e-6
5.460639804364964e-6
7.225733473637299e-6
9.280931713131878e-6
0.000011708608571225727
0.000014606193019893575
0.000018089975280302287
0.00002229977176694596
0.00002740453639440698
0.000033609141291170986
0.00004116259903771626
0.00005036805641532073
0.00006159496075108499
0.0000752938871363535
0.00009201462158724984
0.00011242822588771014
0.00013735396965506953
0.00016779221050749124
0.00020496454192585936
0.00025036282009102315
0.00030580903730994125
0.0003735284449644667
0.00045623886090918506
0.0005572597438162931
0.0006806454171331042
0.0008313477809606569
0.0010154150502981762
0.0012402344909672603
0.0015148288965222704
0.0018502187046190394
0.002259864285880964
0.002760206155871169
0.003371324790629038
0.004117746527551576
0.005029427889401183
0.006142957852763029
0.007503026284143017
0.009164217505213946
0.011193200952525177
0.013671406856451417
0.016698294320315166
0.02039534296726653
0.0249109283404365
0.030426276736110952
0.03716273845101097
0.045390671347385746
0.055440291262267655
0.06771492472958553
