60.
300
1.145837555468996
1.1316986818857941
1.0914678128207467
1.030859181141268
0.9571622287789132
0.8773250495728854
0.7968240079709947
0.7193700732134362
0.6471283490822919
0.5811200984851933
0.5216121944251395
0.46842018626553117
0.4211177352904264
0.37917031914295257
0.34201524767196567
0.30910641347078655
0.279937056341752
0.2540493966389
0.23103676592956982
0.21054169298442083
0.19225200947668156
0.17589617144925768
0.16123846343426831
0.14807443579888352
0.13622674067942617
0.12554142624173303
0.1158846910719858
0.1071400707373556
0.09920601512269792
0.09199381093284317
0.08542580451529898
0.07943388341873506
0.073958179426014
0.06894596038586132
0.06435068258840192
0.060131179479828926
0.056250966109130406
0.05267764183329064
0.04938237650122893
0.04633946763236859
0.04352595805050743
0.040921305074783254
0.03850709375103126
0.0362667877681433
0.03418551267968399
0.03224986687065245
0.030447756398164744
0.02876825041427893
0.02720145436709154
0.025738398587583356
0.02437094021698577
0.023091676723101175
0.021893869502727842
0.020771376278347287
0.019718591176555566
0.01873039152838952
0.017802090561905546
0.016929395268618915
0.016108368820633566
0.015335396996945657
0.014607158147540399
0.013920596284259278
0.013272896939441342
0.012661465478269344
0.012083907589612948
0.011538011713831158
0.011021733195219121
0.010533179972186172
0.010070599640370366
0.009632367743181705
0.009216977161113426
0.008823028485896
0.008449221278478134
0.008094346121145048
0.007757277384034943
0.007436966635069362
0.007132436630027324
0.006842775826298041
0.006567133369859198
0.006304714510346035
0.006054776403786718
0.005816624266757053
0.005589607849416363
0.005373118198184421
0.00516658468175364
0.004969472256746645
0.004781278951662185
0.004601533549836279
0.004429793454008697
0.004265642716752488
0.004108690222518568
0.003958568008387535
0.003814929711824616
0.0036774491348146995
0.0035458189147280737
0.003419749293143264
0.003298966974643512
0.0031832140683159204
0.0030722471053259612
0.0029658361265215145
0.0028637638345471203
0.002765824805425246
0.0026718247549935782
0.0025815798559785086
0.002494916101840929
0.002411668713853104
0.0023316815881591585
0.002254806779838864
0.002180904021237731
0.002109840272048116
0.0020414892988283037
0.0019757312818309367
0.0019124524471809325
0.0018515447225968835
0.0017929054149909084
0.0017364369084109004
0.001682046380907107
0.001629645539013389
0.001579150368632567
0.001530480901206489
0.001483560994135062
0.0014383181244852453
0.0013946831951018382
0.0013525903522966956
0.001311976814353004
0.0012727827101362027
0.001234950927154089
0.0011984269684553051
0.00116315881779874
0.0011290968125661903
0.00109619352392752
0.0010644036438015245
0.0010336838781872862
0.0010039928464698532
0.0009752909863310486
0.0009475404639212116
0.0009207050889707747
0.0008947502345420041
0.0008696427611411811
0.0008453509449298798
0.00082184440979119
0.0007990940630226063
0.000777072034442104
0.0007557516187076744
0.0007351072206633559
0.0007151143035367172
0.0006957493398238106
0.0006769897647079081
0.000658813931867991
0.000641201071541855
0.0006241312507171095
0.0006075853353310821
0.0005915449543679674
0.0005759924657482753
0.0005609109239120794
0.0005462840490033563
0.0005320961975683875
0.0005183323346862512
0.0005049780074543559
0.0004920193197564629
0.00047944290824491
0.0004672359194726934
0.000455385988114834
0.00044388121622188905
0.00043271015345179093
0.0004218617782292373
0.00041132547978472685
0.00040109104102806865
0.0003911486222136965
0.00038148874535751044
0.0003721022793672326
0.00036298042585030375
0.0003541147055654038
0.0003454969454854678
0.0003371192664418517
0.0003289740713209585
0.000321054033786137
0.00031335208749917726
0.0003058614158170632
0.00029857544194094405
0.00029148781949551935
0.0002845924235181564
0.00027788334183817017
0.00027135486682768604
0.0002650014875065007
0.0002588178819842437
0.00025279891022401036
0.0002469396071124428
0.00024123517582201219
0.00023568098145195968
0.00023027254493505702
0.00022500553719797978
0.00021987577356370738
0.0002148792083849302
0.00021001192989799898
0.00020527015528747585
0.00020065022595181149
0.00019614860296116471
0.00019176186269880048
0.000187486692677923
0.00018331988752620274
0.00017925834513061043
0.0001752990629355454
0.0001714391343875681
0.00016767574552036644
0.00016400617167389327
0.00016042777434188734
0.00015693799814227272
0.00015353436790518506
0.00015021448587361152
0.00014697602901187696
0.0001438167464174142
0.0001407344568314793
0.0001377270462446603
0.0001347924655932283
0.00013192872854254968
0.00012913390935395468
0.0001264061408316203
0.00012374361234617875
0.00012114456793190668
0.00011860730445450029
0.00011613016984656163
0.00011371156140805937
0.00011134992416914247
0.00010904374931279919
0.00010679157265497075
0.00010459197317982092
0.0001024435716279792
0.0001003450291356494
0.00009829504592258693
0.00009629236002701737
0.00009433574608566142
0.00009242401415710398
0.00009055600858682422
0.00008873060691226914
0.00008694671880642897
0.00008520328505842813
0.00008349927658971797
0.00008183369350450639
0.00008020556417312473
0.00007861394434707888
0.00007705791630458965
0.00007553658802547346
0.00007404909239425718
0.00007259458643047809
0.00007117225054514774
0.00006978128782241248
0.00006842092332547447
0.00006709040342587833
0.00006578899515530297
0.00006451598557903561
0.00006327068119033204
0.00006205240732490302
0.00006086050759480033
0.000059694343340991226
0.00005855329310395793
0.000057436752111664435
0.00005634413178427402
0.00005527485925501719
0.0000542283769066332
0.00005320414192283581
0.00005220162585426801
0.000051220314198436055
0.000050259705993132595
0.000049319313422873
0.00004839866143789254
0.00004749728738526544
0.00004661474065172616
0.00004575058231778598
0.00004490438482275644
0.00004407573164030333
0.000043264216964170694
0.000042469445403726525
0.00004169103168899545
0.00004092860038485528
0.000040181785614088486
0.000039450230788986626
0.00003873358835122258
0.000038031519519710145
0.000037343694046185545
0.000036669789978251486
0.00003600949342963645
0.00003536249835742857
0.000034728506346054126
0.00003410722639777746
0.00003349837472950785
0.00003290167457570646
0.0000323168559971937
0.00003174365569566413
0.000031181816833723746
0.00003063108886027031
0.000030091227341043296
0.000029561993794177695
0.00002904315553059972
0.000028534485499109636
0.00002803576213600154
0.000027546769219075314
0.000027067295725901493
0.00002659713569620343
0.00002613608809822653
0.00002568395669896938
