4  16  60
-1  10  55
4
0.0013789359299337838
0.005495660897113842
0.01765871946297316
0.04703424560329435
0.10629935579349153
0.20824960922360292
0.36124545155681914
0.5671583191293871
0.8238351761019232
1.1300791925313731
1.489503028364587
1.9116577828697066
2.411402498452439
3.0081186700625357
3.72559250944759
4.592590949718857
5.643906441687649
6.92173172699365
8.477350410597674
10.373194932180644
12.68535218914669
15.506617170755744
18.950217146851383
23.154355875780947
28.287760206462004
34.556451679284514
42.21201489393399
51.56169448272088
62.98072591647614
76.92739502158447
93.96143059932939
114.76646830798003
140.1774873622248
171.2143211808599
209.12258688274065
255.42367627543135
311.975814650412
381.048637888696
465.4142809180071
568.4586332208596
694.317226468544
848.041207927546
1035.8000607353235
1265.1292069210997
1545.2324303506196
1887.3512568890483
2305.216116306233
2815.5973927364807
3438.9784785606876
4200.3778459040295
5130.35312473086
6266.227488344811
7653.587563282975
9348.112980704369
11417.810995494987
13945.745856183172
4.2
0.0008877165185449851
0.0036958927428201315
0.012282370020626016
0.0335508605107859
0.07722013605854017
0.15317600584243388
0.26782005546443827
0.42240014333004816
0.6149869033152264
0.8444443256730221
1.1134222357658112
1.4291346300166219
1.802778432745777
2.2488947740028955
2.785285298730442
3.433460949035916
4.219433561724929
5.174746863111946
6.337740925969395
7.75509078550811
9.483679668236089
11.592881915508098
14.167347219418401
17.31039791217827
21.148175654080777
25.834703941258393
31.558069609403262
38.547971418874084
47.08493867248176
57.51158984145116
70.2463830476576
85.80041025733951
104.79790919631945
128.00131620176666
156.34186546949616
190.9569627520393
233.23583344519483
284.87527708106273
347.9477658511349
424.9846201922833
519.0775995639606
634.0029856112106
774.3731376065101
945.8216026224627
1155.2292095565506
1411.0002209550184
1723.399625578217
2104.9651084663856
2571.0102321421596
3140.2390238869907
3835.496633787479
4684.686190944024
5721.888653991931
6988.730599638321
8536.054843346594
10425.960940022387
4.4
0.0005748624134781604
0.0024999917739606916
0.008591745533656742
0.024066937094036178
0.05640323395837728
0.1132692702126223
0.19959008202591622
0.31618722420518747
0.4613692845140881
0.6341063350727253
0.8363585903074454
1.0736045839203685
1.354320598745408
1.689465893752439
2.0924259427072958
2.579363372714371
3.16981976807911
3.887492162566878
4.761183267478883
5.825957374566585
7.12454760741582
8.709070951733887
10.643119892967768
13.004314606038054
15.887418125491134
19.4081395188265
23.70777769765833
28.95889223915049
35.372228807758844
43.205177118746484
52.77210089118222
64.45695436778838
78.7286917468906
96.16008796098296
117.45072614591922
143.45507436856192
175.2167784305452
214.01054703878347
261.39331034168555
319.26670500276356
389.9533935570377
476.29028101398853
581.7423698166366
710.541822556029
867.8578135161516
1060.003985788142
1294.6918399362453
1581.3402235976812
1931.4533428833934
2359.0824666169847
2881.3898530362744
3519.337531503941
4298.528582342971
5250.234678349024
6412.651126821826
7832.429781349639
4.6
0.0003742725784401643
0.0017000220013491422
0.006041371924521597
0.017351858182357054
0.04140310819883245
0.08416509299213809
0.1494430099883213
0.23776768237397164
0.34767917947552296
0.4782709377004623
0.631004760626652
0.810061403365286
1.0218839092467302
1.2747657747507735
1.5788146325939434
1.9462273884509957
2.391749110018458
2.933260122137759
3.5924931623436356
4.395905567254677
5.37574109765073
6.571323993801249
8.030637195307513
9.812248064943036
11.987658902561476
14.644176583464205
17.888416489857907
21.85058136047813
26.689686783683445
32.599943051370154
39.818549499874926
48.63521415221467
59.40378071830273
72.55642958543818
88.62102273474113
108.24228869590529
132.20769776688982
161.4790659619721
197.23115606556522
240.8988249876293
294.2346096095922
359.3790622429747
438.9466585096421
536.1307254285551
654.8316008415737
799.8131676660645
976.8940454531431
1193.1811109653988
1457.3547242109473
1780.0170996597687
2174.1178113818924
2655.473504722129
3243.402673802766
3961.5009805442646
4838.588231408492
5909.865017431331
4.8
0.0002448783584302503
0.0011616435209753546
0.0042682712692863195
0.012568636152936543
0.03053008695427775
0.06281492718790282
0.1123743853919152
0.179541932099337
0.26307178937378617
0.3621820776858941
0.4779712462355284
0.6136434746992646
0.7741142652834503
0.9656829974686453
1.1960115934828042
1.4743406143523339
1.8118401137502702
2.2220551190357556
2.721448998416529
3.3300641817603065
4.072326533366006
4.978025647662801
6.083510410235372
7.433147806225349
9.081103523228666
11.093515810536584
13.551149839301114
16.552639092428382
20.21844387258901
24.695685797133713
30.16405230515184
36.8430081453435
45.000603266984406
54.964230605564815
67.1337655108501
81.99761414872454
100.15231495553842
122.3264798201474
149.41003583734158
182.48994120690648
222.89380868274839
272.2431873342739
332.5186410041896
406.1392352897537
496.05962313904917
605.8886254484012
740.0340657830434
903.8796714774764
1104.0011421912136
1348.4300551523245
1646.9762008857595
2011.621284442172
2456.9997935149104
3000.9863313699784
3665.412987877794
4476.945537729065
5
0.0001609455357806174
0.0007973025399686643
0.0030287397949524297
0.00914282047839741
0.0226060053341866
0.04706964471726986
0.08483053836523455
0.1360891755361835
0.19979171984683108
0.2752736968571036
0.3633664555741063
0.46653518013562467
0.5885423574120978
0.7341888070109331
0.9093029570929255
1.1209107781344454
1.3775046907001123
1.6893827033852389
2.069061575783623
2.531779154186886
3.0961059197265968
3.7846902869894294
4.625167564419487
5.651269056274703
6.904175818307576
8.434171398135618
10.302659890557896
12.584630299477798
15.371666109947816
18.77562085499535
22.933107190629013
28.010979641421457
34.213031058445274
41.78817154194461
51.04041807764444
62.341095805863404
76.14374060320566
93.00230106976164
113.59337043147464
138.74334060197899
169.46156819175144
206.98088353298252
252.80706848956686
308.7792887704758
377.1439061073341
460.6446326383655
562.6326457308647
687.2010823917094
839.3493114359709
1025.1835755036336
1252.1620561199395
1529.3941966658927
1868.0062964354215
2281.588047874835
2786.7379388733
3403.729408262399
5.2
0.00010622375720535833
0.0005494840364992732
0.0021578276748663843
0.006676902620644162
0.01680253724325148
0.03540156367528234
0.064267045091554
0.10351083567639233
0.15224747167858782
0.20991846340254702
0.2771572507718874
0.3558669958359369
0.44893620712252225
0.5600348667939236
0.6936109461475779
0.8550241493420613
1.0507524768430365
1.2886511907385843
1.5782680016803503
1.9312262492048757
2.361691387104642
2.88693949282943
3.528050617134774
4.310754800531465
5.266464710158532
6.433536340417361
7.8588083736970535
9.599481981158219
11.725416506589958
14.321933167164705
17.49323929345419
21.36661053551816
26.097498881631157
31.875771492397792
38.933330736579386
47.55342124741617
58.08199752429867
70.94160830155693
86.64835491283823
105.83260424978133
129.26428759874585
157.88380068674638
192.83974506393045
235.53502551681342
287.6831535632265
351.37701668620974
429.17287326343893
524.1929441601883
640.2507184785384
782.0040022022096
955.1418523365453
1166.6128987276606
1424.904217016739
1740.3819447049914
2125.707310729278
2596.344775000889
5.4
0.00007037911436665891
0.00038013290827786084
0.0015430668812691545
0.004893759423870592
0.012532931513575374
0.02671656286623096
0.048848421301848424
0.07898220711795334
0.1163779020293096
0.16057008065722062
0.21204442453243325
0.27227474252082556
0.3434845691147847
0.42848731525166006
0.5306875038184593
0.6541860891606557
0.8039394607175135
0.9859577456797555
1.207545976908983
1.4775972681733873
1.8069497260049046
2.2088214209716823
2.69934087526323
3.2981943569029553
4.0294159588319856
4.922352171429364
6.012839660217851
7.344643517080454
8.971213707076242
10.957830203207509
13.384222900943183
16.347771458887387
19.967413486395987
24.388417927457706
29.788215213491817
36.38351816956111
44.43901946097193
54.27801463926436
66.29537712820448
80.97340588008919
98.90118172685389
120.79820926191972
147.54329308594743
180.2098073211646
220.1087738837089
268.84147839654185
328.36373540564216
401.0643820762572
489.86115063391304
598.3177671856689
730.7869765707599
892.5852332927384
1090.2060695060857
1331.5807032619455
1626.3963461326553
1986.4849850490168
5.6
0.00004679777750152612
0.00026390382360512866
0.001107257928204284
0.0035988792994849322
0.00937871066064204
0.02022566679603105
0.037241571478092095
0.06044283537212927
0.08921365680590568
0.1231687646558743
0.16268272417777419
0.20890001842685266
0.26353650549710117
0.32875453716628894
0.4071670828948957
0.5019206971174145
0.6168181519847932
0.7564706850968088
0.9264830429508004
1.1336784184211866
1.3863722894372208
1.6947061483116908
2.071054515437589
2.5305215722289263
3.0915473449789213
3.7766477678432193
4.613318326341153
5.635137547732441
6.8831146252249535
8.407335260884125
10.268971780717344
12.542738194916195
15.319888733418171
18.711880198570018
22.854845117958153
27.915055220734082
34.095594505924964
41.644509716390836
50.86476532556678
62.1264025655623
75.88139048110882
92.68176503429548
113.2017842460577
138.26498853804551
168.87725230135237
206.26715316777137
251.93527914391046
307.7144524768598
375.84328724642893
459.0560328084881
560.6923088222112
684.8311359131869
836.4546410935762
1021.648008012533
1247.843696740197
1524.1197345008338
5.8
0.000031221834725321075
0.00018381443089269243
0.0007970842174364212
0.0026548855122237023
0.0070395440635133205
0.015356386329262168
0.02847227198468433
0.046380511981454285
0.06857047215602496
0.0947249478653196
0.1251343684061491
0.16068969846280431
0.20271801212270388
0.2528852450953632
0.31320191266685726
0.38608848566208454
0.4744701455799229
0.5818939584217798
0.7126712189836474
0.8720504779217637
1.0664281845153667
1.3036053986370546
1.5931008746774349
1.9465330825708897
2.3780864978104765
2.90508087423597
3.5486663465762085
4.3346722596151785
5.294643790500181
6.4671079674541705
7.899119894697102
9.648151239005477
11.78439676949203
14.393591520161824
17.580451637863412
21.472877008944973
26.22708433078049
32.03387663634933
39.12630088990464
47.78900097993224
58.36964147784804
71.29286063798192
87.07731262173021
106.35648291017071
129.90411230073687
158.66524984220678
193.79418097132287
236.70075304034037
289.10695744158096
353.1160391683317
431.29690742141867
526.787234955477
643.4193839037392
785.8742119267606
959.8689314649611
1172.3865615542754
6
0.000020895209269589947
0.0001284227354383388
0.000575515502312969
0.0019641995227046034
0.005298655985810689
0.011690941566656315
0.02182452526779255
0.035679179247216974
0.052832706187023924
0.07302508892996643
0.09648263608555699
0.12390051419481604
0.15630722631443442
0.19498910508167439
0.24149673734892824
0.2976964886954456
0.36584384558491284
0.44867380056433603
0.5495106105612063
0.6724012108225128
0.8222776326345758
1.005154943057072
1.2283726506831916
1.5008892658896318
1.8336418373156127
2.239984894026832
2.7362264096563007
3.342282298646241
4.082475711831124
4.986513209876647
6.090676991869061
7.439281027362769
9.086449531572011
11.098289160171495
13.555542101504972
16.55682654410845
20.22259457088802
24.69996632414294
30.168634453449787
36.848075812633844
45.00635983654853
54.97090710875165
67.14162989917521
82.00698204770512
100.16356233185351
122.34005807050072
149.42648990459634
182.50993145055597
222.9181373814605
272.27283088415226
332.554789093827
406.18333869164485
496.113451866446
605.9543398371327
740.1143031154247
903.9776520959584
6.2
0.00001402500244022313
0.00008998014325275917
0.00041669913721378556
0.0014571470525553765
0.003998754926941199
0.008922852882753221
0.016769380509582828
0.027510928263177817
0.04079926569683015
0.056422026240708315
0.07455635344285559
0.09574574939530577
0.12078883844207854
0.15068089812356758
0.18662040457182774
0.23004964698202296
0.2827115895665725
0.3467197409091913
0.4246429728702689
0.5196086183551925
0.6354279821640575
0.7767493020363717
0.9492442987514139
1.1598358021976867
1.4169755888457878
1.7309835812137728
2.1144620225911197
2.582801249313886
3.154797359003002
3.8534065639537745
4.706666504543562
5.748821498187846
7.021696884035836
8.576377620690163
10.4752585049671
12.79454829417568
15.627328231135634
19.087287721282166
23.31328708769658
28.474930523443337
34.77937290335829
42.479633636546076
51.88475122367871
63.372186057135515
77.40296923190267
94.54020534220471
115.47167184606519
141.03742198964815
172.26349909365229
210.40311527445533
256.98694724081906
313.88456775426175
383.37947808930465
468.26075301672415
571.9349761377227
698.5629580512131
6.4
9.439481427734043e-6
0.00006321441683191623
0.00030249932026933776
0.0010837369677453015
0.003025156177107675
0.0068262031046594784
0.012914203417481594
0.021258713637049304
0.031573098071390374
0.04368443417622933
0.057731952962419994
0.07414136571293184
0.09353389064278247
0.11668108961054398
0.14451116623695565
0.17814098549140595
0.21892022802900268
0.2684855079990501
0.32882605412180826
0.40236354438299476
0.49204929647431034
0.6014827145356271
0.7350557458804412
0.8981291452628177
1.0972476207899486
1.3404024960376595
1.637352429923357
2.0000150659555986
2.442945329114811
2.9839195660940523
3.644648972512503
4.451650939428538
5.437313289350495
6.6411941132759384
8.111609375781294
9.907572004329067
12.101160285255386
14.780410618484673
18.052850727375393
22.04981512381391
26.931716023323197
32.894481250517245
40.17741751065208
49.072814607970535
59.937676061845785
73.20804691153776
89.41651373467708
109.21357921666353
133.39376910750053
162.92751932991382
199.0001229772752
243.0593003028258
296.87330078553623
362.60186922163166
442.8829238511067
540.9384252821152
6.6
6.369576934802723e-6
0.00004452251514167822
0.00022013698117247314
0.0008079396375152174
0.002293864875924687
0.005233717746263817
0.009966263207318351
0.01646065658495911
0.024481371036184453
0.033887962187371994
0.0447902709327006
0.05752230596946482
0.07256807879827536
0.09052679904330417
0.11211871109903078
0.13821034186728715
0.1698488389640314
0.20830396634827122
0.2551190633070148
0.31217298405998184
0.38175550277683673
0.4666592102548149
0.5702915903920015
0.6968117744808747
0.8512974617518666
1.0399487052715013
1.2703367418408582
1.5517078523147536
1.89535444731865
2.315068271334004
2.8276939138338215
3.453804841802649
4.218529085204365
5.152557713055589
6.2933765737889615
7.686770733972416
9.38866199379285
11.46735322525238
14.006269606249417
17.10730676589345
20.894920213880983
25.521120177092595
31.171572303744544
38.073049077754
46.502530994798995
56.79832276212626
69.37363065433541
84.73314593204188
103.49329987425568
126.4070033300475
154.39386367338568
188.57709188196785
230.32858092567398
281.32396466042945
343.6098668924442
419.68603957880515
6.8
4.308488730667401e-6
0.0000314320754752736
0.00016057030584251572
0.0006036795353172955
0.0017431071797599158
0.004021031543773651
0.00770642528122384
0.012769644632297813
0.01901744529527693
0.026336009561715227
0.03481228352783965
0.044708728013220594
0.05640302675619657
0.07036132301464725
0.08714348636334883
0.10742302444004559
0.1320138256851712
0.1619028052870755
0.19828951294455333
0.24263427499812257
0.29671680245400295
0.3627076170358976
0.4432551618422785
0.5415920926675529
0.6616650158305487
0.8082928793425613
0.9873603742110124
1.2060541077537756
1.4731510273845176
1.7993706703279828
2.1978053762905527
2.684445729021827
3.278822314587019
4.004789552362585
4.891483056644328
5.974488951151142
7.297272065121191
8.912920329524631
10.886275382137791
13.296534890141597
16.240431030587374
19.836112692311673
24.227887205696394
29.59201190252288
36.143767941601126
44.14610029755275
53.92017066591676
65.85824680966448
80.43944564187277
98.2489618697408
120.0015539127668
146.57022966870665
179.02128338405808
218.65708978797298
267.0683729621934
326.19804768390503
7
2.9209999771987913e-6
0.000022240140649944284
0.00011737711411545325
0.00045201199224065004
0.0013272758859652035
0.0030953273564909775
0.005970030470048025
0.009923851203682568
0.01479843911835485
0.020501727504621953
0.02710274745995543
0.03480802653300585
0.04391269819664429
0.054779964528192476
0.06784575531359811
0.08363443483453546
0.10277965789065113
0.12604978950179702
0.15437874175655322
0.18890345497845493
0.23100952713360953
0.2823868227422472
0.34509729307490167
0.4216577294972177
0.5151407711451326
0.629298220721224
0.768711617510439
0.9389761106398469
1.1469250120584356
1.4009040413375
1.7111062687031182
2.089981198733457
2.5527344126906972
3.1179378218876708
3.808275023699234
4.651451673972404
5.681307412276668
6.939173965458931
8.475533934967425
10.35204684090427
12.64402373506842
15.443449697899405
18.86267552273861
23.038926747647654
28.139810998100153
34.37004466948437
41.97966891486707
51.27408467441855
62.62630948747669
76.49194799615523
93.4274769596364
114.11257861907436
139.37741873520787
170.2359640524953
207.92667634622137
253.9622162416729
7.2
1.9846122175855e-6
0.000015769551246479393
0.00008597948027624131
0.0003391233693670696
0.0010125782168412668
0.002387086660034834
0.004632920314864505
0.007725104605690515
0.011534025215852664
0.01598533005825951
0.021133974426743835
0.02714268075306249
0.03424238268999625
0.04271649679796338
0.05290498123023245
0.06521672851584133
0.08014585211063695
0.0982915101618464
0.12038195164079153
0.14730374352871675
0.18013735186294919
0.22020050463270033
0.26910107682974316
0.3288016201177661
0.4016981269220726
0.4907161900176738
0.5994284168397913
0.7321978107656472
0.8943528737587364
1.0924014578614483
1.3342919481498143
1.6297322593342622
1.9905794484638837
2.431315580258859
2.969628943217651
3.627123942742209
4.430188161779878
5.411051387205878
6.609079104285412
8.07235237187062
9.859597484090623
12.04254286274203
14.70879777071245
17.965368379310927
21.94295230165926
26.80118394680446
32.735041209074474
39.982670615590315
48.83494498258822
59.647137162859956
72.8531783931928
88.98307347646167
108.6841717395166
132.7471474304885
162.13773225469475
198.03547357847296
7.4
1.351160785147749e-6
0.000011203896984700267
0.00006310314117672315
0.0002549073339876478
0.0007738911571885243
0.0018440685161585698
0.0036011708276913216
0.006022935335422768
0.009003370690161733
0.012482515321668879
0.016504223978385607
0.021196856018087983
0.02674133681684276
0.033359135561410104
0.04131575797207685
0.050930526927331264
0.0625893167585581
0.07676003563734281
0.09401140426903483
0.11503578065042419
0.1406769468273217
0.17196397283075665
0.21015251687031222
0.2567752193072858
0.313703212894158
0.3832212179012354
0.4681192359633912
0.5718045226429671
0.6984383325582678
0.8531029251422545
1.0420055335597533
1.2727274827686126
1.554528454710273
1.898718111859069
2.319109993688249
2.8325759025116244
3.459723028147204
4.225720986822321
5.16131196620719
6.304044517391448
7.699780510060248
9.40453573036085
11.48672799108629
14.029922978729932
17.13618803791165
20.93018849229199
25.564190901744325
31.224174054046124
38.13729294664796
46.58099531431719
56.894156580917056
69.49068012004261
84.87610865071285
103.66791344176691
126.62027560197201
154.65435401602664
7.6
9.216783747022627e-7
7.975196792764194e-6
0.000046398867138787436
0.00019194651095120552
0.0005924784640527175
0.0014268939755286373
0.0028035146022500016
0.004702755431046075
0.007038015169619029
0.00976099699310681
0.012906771978390918
0.01657670278946021
0.020912702888351363
0.026088064425867658
0.032310434268447555
0.039829535347568695
0.048947135531743846
0.060029156129891854
0.07352035754020338
0.08996218904604879
0.11001451907697385
0.13448211804570942
0.16434695661031987
0.20080761560491947
0.24532738929723688
0.2996930125249801
0.3660863686386722
0.44717205614237865
0.5462043283867841
0.6671576981826769
0.8148864489562273
0.9953194541867944
1.2156981239175186
1.4848670279666847
1.8136288595699144
2.2151779853905307
2.7056299817789142
3.304668409454257
4.036334783875385
4.9299934457061205
6.021510054894117
7.354691005540851
8.983041530312061
10.971913053291868
13.401125972100466
16.36817313071424
19.992132549617533
24.418446444875556
29.824758334947166
36.428042498829825
44.49331191572264
54.344254166407836
66.37622215240965
81.07210099611119
99.02168791624085
120.94536286117749
7.8
6.298687390873197e-7
5.687145272675476e-6
0.00003417613518665181
0.00014478089339000594
0.0004543258775126398
0.001105793410522965
0.002185722483944752
0.0036770611314161728
0.005509102813436
0.0076429882951147814
0.010106817201700345
0.01298071358789092
0.016376114834777945
0.020428786940282863
0.025301339619880715
0.031189323930621553
0.03832904532412044
0.047007045888911414
0.05757160425828336
0.07044671325387203
0.08614909620764477
0.10530894488228204
0.12869521127978534
0.15724646838542736
0.1921085783972837
0.23468068019920846
0.28667134171710595
0.35016713074959555
0.42771635625931476
0.522431340959599
0.6381133297534718
0.7794050470382288
0.9519770255373673
1.16275518468937
1.4201987921133241
1.7346399637209682
2.1186983278067557
2.587787495041829
3.1607336607911085
3.8605311664365525
4.715265343035416
5.759239674269858
7.034352515695052
8.59177862286153
10.494022973944572
12.81742931398585
15.655244097444163
19.121358795823312
23.354880762323315
28.52571609717857
34.84138858201418
42.55536832587368
51.977244422683334
63.485149842658885
77.5409372373006
94.70871470797219
8
4.312007494885698e-7
4.062459976873462e-6
0.00002521504525084318
0.0001093801107323116
0.00034892209932272744
0.0008582005442829287
0.0017064208814793192
0.002878858867674956
0.004317822683795121
0.005992076397025278
0.00792417146093881
0.010177502163879535
0.012839666739411278
0.016017158215492957
0.019837475476834183
0.02445394030161213
0.030051827614436054
0.0368558002885747
0.04513892563789658
0.05523363456633607
0.06754506318847697
0.0825673123632192
0.10090327769654694
0.12328884585925233
0.15062242830287148
0.1840010176655022
0.22476421393829887
0.27454798731725405
0.3353503354306355
0.4096114699996646
0.5003117511032216
0.6110912994922646
0.746396087417018
0.911656371104233
1.1135046260064931
1.3600417313303197
1.661162086762847
2.0289507094728623
2.47816824828316
3.0268433803359613
3.696996365209603
4.5155227952537915
5.5152730101474265
6.736370496375281
8.227822183623775
10.049485264944247
12.274469476082988
14.99207124588248
18.311357475511745
22.365542775490724
27.317335839183627
33.365469507095185
40.752676620436
49.77543173890777
60.795849706456956
74.2562185914331
8.2
2.956862656120795e-7
2.906630503976847e-6
0.00001863299446826233
0.00008276128989262099
0.0002683627196493515
0.0006669658703523262
0.0013339658872129762
0.0022567340217206967
0.0033882244496250464
0.004703350345522985
0.006220236971807907
0.007989085161258002
0.01007882252213755
0.012573075385642746
0.015571930511009727
0.019195741894818746
0.023589945801752315
0.028930897063646894
0.035432946807974014
0.04335704512120137
0.0530212138920596
0.06481331014653899
0.07920659211213135
0.09677871273237582
0.11823490290774753
0.1444362748877004
0.17643438172894277
0.21551341981222188
0.2632417681514986
0.32153493295118396
0.39273242359594096
0.47969164537667563
0.585902577197983
0.7156278366857265
0.8740737539994293
1.067599320142246
1.3039713955978334
1.5926764217128742
1.9453011448974662
2.3759976334423905
2.902051249710899
3.54457437242337
4.329353710545959
5.287885214464673
6.458638119064172
7.888598849198282
9.635156749899954
11.768407322305109
14.373965402235225
17.5564011838224
21.443436990336483
26.191073215936658
31.989849172787913
39.072490100921996
47.723247249624066
58.28930587813993
8.4
2.0308179905194104e-7
2.0828749270465586e-6
0.000013789834875375621
0.000062711348245581
0.00020668914409899456
0.0005190251944478337
0.0010440987924253671
0.00177113883443037
0.002661800352634946
0.003695950384134646
0.004888175455647755
0.006278260583938483
0.007920493634502096
0.009880614993480584
0.012237280490428342
0.015085071027195857
0.018538278431594477
0.022735492041777258
0.027845160777321736
0.034072353585837045
0.041666989579906145
0.050933868168557286
0.062244901727724955
0.07605404174988957
0.09291549751138596
0.1135059784364396
0.13865185282258377
0.16936231290228113
0.20686987727013798
0.25267985618221933
0.30863076494205743
0.3769681099751388
0.4604345088863329
0.5623797613343483
0.6868952882539853
0.8389783349441975
1.0247325280684587
1.2516128356240548
1.5287247609839825
1.8671897787189018
2.2805916784217986
2.785521729880275
3.4022445489890134
4.155511387939541
5.075553489878208
6.199295374842749
7.571836750402148
9.248262521277292
11.295853539983595
13.796786823616563
16.851433606417316
20.582387589175628
25.13938505555215
30.705314314575865
37.503555650714645
45.80694635903197
8.6
1.396906819658946e-7
1.4947831722206487e-6
0.000010220183414348292
0.000047584497919343306
0.0001593992301328326
0.0004044039857957728
0.0008181817545831695
0.0013915888026685432
0.0020933858803311883
0.002907426626164844
0.0038454629280284653
0.004939048674898427
0.006230979957647715
0.007772989600039884
0.009626956830500433
0.011867287644309015
0.014583894380172348
0.01788580400504928
0.021905533745964115
0.02680440947163238
0.03277904026608393
0.040069209041434545
0.04896749586812992
0.059831020240546574
0.07309577353622203
0.0892941168805573
0.10907614666815617
0.13323578521396676
0.16274264364295574
0.19878093578949715
0.24279700485648673
0.2965573702464747
0.3622196241880066
0.44241902348756634
0.5403742516382365
0.660016595889838
0.8061477236099515
0.9846323900551743
1.2026338115921247
1.468901150721988
1.7941206506920881
2.191344511959339
2.6765147228239705
3.2691028673961355
3.9928915886356204
4.876929069320332
5.9566948376162765
7.275523685119945
8.886344844203935
10.853806223922332
13.256868957779389
16.1919763908999
19.776924690472534
24.155590419366547
29.503704807819812
36.03590646474508
8.8
9.622568102996043e-8
1.0742515274409785e-6
7.5849604159174395e-6
0.00003615412324685481
0.000123083873500063
0.0003154704686001378
0.0006418658729524653
0.0010945386653568334
0.0016480487330985296
0.0022894548260394246
0.003028234349526731
0.003889430524664834
0.004906809294501313
0.006121120303407303
0.007581093498696939
0.009345322596904352
0.01148461230458596
0.01408481982926818
0.017250300628853164
0.021108096562574025
0.025813034526923444
0.03155394020255188
0.03856121629188747
0.04711608938862855
0.05756189658838042
0.07031786481173241
0.08589593585270452
0.10492131240060651
0.12815754961882925
0.1565371992949229
0.1911992364181153
0.23353477024482078
0.28524287439764606
0.3483987766557116
0.42553714513204766
0.519753813404792
0.6348300271888901
0.7753841990034893
0.9470572612826798
1.1567390568007307
1.4128448522541424
1.725653072464001
2.1077178096503792
2.574372663237214
3.1443461310352703
3.8405132496198706
4.690813649868355
5.729372872449918
6.99787194559562
8.5472201911337
10.439598394258534
12.75095433681376
15.574050848576167
19.02218870509363
23.23375378578074
28.377770985134156
9
6.63764719491089e-8
7.730713702247126e-7
5.636592536528969e-6
0.000027504107374449955
0.00009515631583595569
0.0002463736326194997
0.0005040827246098456
0.0008617685775443339
0.0012987210865915613
0.0018045736103844423
0.0023869758096492642
0.0030658166738165697
0.0038677592756511552
0.004824931755096433
0.0059757457704242515
0.007366387446787672
0.009052668116534608
0.011102264143878689
0.013597433014007116
0.0166383146148032
0.020346950202191776
0.02487218034418267
0.030395618415518817
0.03713893938012317
0.045372776385740506
0.055427582222321886
0.06770689155289678
0.082703516176569
0.10101932329611851
0.12338939056243892
0.1507115073215707
0.18408220605351203
0.22484077007084582
0.2746229836606121
0.33542678185137653
0.4096924345611506
0.5004004831975705
0.6111913602499761
0.7465114926276349
0.9117917523840745
1.1136654166814095
1.3602343844954339
1.6613943342654043
2.029231873262164
2.4785096103248656
3.027258641728734
3.697502191851208
4.516139487743444
5.516025318520182
6.737288613452113
8.228942956596523
10.050853674369835
12.276140441057308
14.994111828097015
18.313849570695808
22.3685864008539
9.2
4.5847033149225236e-8
5.570495772909194e-7
4.1939579978668425e-6
0.00002094887671107951
0.00007364994462514205
0.0001926191883911214
0.00039627868743606875
0.0006791545866082864
0.0010243927412365295
0.0014236930654896664
0.0018832345409072753
0.002418822498548196
0.003051527804562548
0.0038067036826212614
0.0047146559965395365
0.005811824010440508
0.007142240928580154
0.00875930105329806
0.010727902685273601
0.013127052720223615
0.01605303747305684
0.019623286985721227
0.023981087907144333
0.029301334089591558
0.035797545693037926
0.043730438498835386
0.053418387349557124
0.06525020364934124
0.07970073973055171
0.09734994634542637
0.1189061481259921
0.14523447113865792
0.1773915634309342
0.2166680020277188
0.26464008831883107
0.32323311056855264
0.39479861249381987
0.48220876897041465
0.5889716564956184
0.7193720446157418
0.8786433587726813
1.0731777160437912
1.3107824632417542
1.6009935136971982
1.9554580542291662
2.388401993094305
2.9172008901905144
3.5630773019971365
4.351952516745937
5.315486866783174
6.492350368635788
7.929774686993928
9.685448706808765
11.829833791292833
14.448991643112688
17.64803826342322
9.4
3.1707217388887166e-8
4.01888134886792e-7
3.1242992520782914e-6
0.000015974417530669937
0.000057066850848045705
0.00015074875740117132
0.0003118320803832494
0.0005357294998037188
0.0008087288306984646
0.0011241876072709198
0.001487100080831289
0.0019100337129946247
0.002409652567843384
0.003005980586180897
0.003722949191298945
0.00458933281993975
0.005639902488885941
0.0069168212477562436
0.008471336329901427
0.01036583588384243
0.012676352828729162
0.01549561632232588
0.018936773307727132
0.023137929497488767
0.028267692040782326
0.0345319363202535
0.042182068454099345
0.051525115106329705
0.06293604554470494
0.07687282047423437
0.09389477160817716
0.11468504961366065
0.14007804134666205
0.17109285672626767
0.20897422919406458
0.2552424712377058
0.3117544898692192
0.38077831082344293
0.46508410239434333
0.5680553520153728
0.693824657490404
0.8474395826542532
1.035065233831966
1.2642316874795803
1.5441361972020922
1.8860123146238177
2.303580728469787
2.813599925353383
3.4365387664943485
4.197397974870212
5.126713501955516
6.261782043016518
7.648157884032953
9.341481155534398
11.40971086591608
13.935852335580682
9.6
2.1954940567670732e-8
2.902896140902739e-7
2.3301331184134423e-6
0.000012194654098322849
0.00004426411588111433
0.00011809655589624817
0.00024560837841774275
0.0004229638313948143
0.0006390098345719261
0.0008884327071701887
0.0011752713622991528
0.0015095242068957823
0.0019043796466459597
0.0023756654132497564
0.002942294993515768
0.0036270092031463583
0.00445728802739322
0.005466453470781471
0.006695006885969078
0.008192254435252507
0.010018285919985903
0.012246386395275352
0.014965977356574265
0.018286205538315767
0.022340323355514103
0.027291036791195482
0.03333703535861221
0.04072096620926442
0.049739172414886686
0.06075358625559991
0.07420625483306188
0.09063708097280776
0.11070549142036919
0.13521690195197486
0.1651550415376583
0.20172143283893093
0.2463836135320207
0.30093403374769445
0.3675619933887232
0.44894150642213576
0.548338618448814
0.6697424845814021
0.8180254682454386
0.999138686372347
1.220350847912185
1.4905399740604885
1.8205497030089426
2.2236244839226544
2.7159411230514827
3.3172580158027665
4.051708120337383
4.948767498282169
6.044438292212159
7.382693618325617
9.017242361704318
11.013684702758896
9.8
1.5219922508861278e-8
2.0991914253950927e-7
1.7397553248155167e-6
9.31911057053951e-6
0.000034368223752028956
0.00009260441619226847
0.0001936200053013986
0.0003342140068337746
0.0005053169392723207
0.0007026797113455483
0.0009295701996808629
0.0011939470795120067
0.0015062552414286956
0.0018790152977325293
0.002327186847332754
0.0028687565765224752
0.0035254595800163083
0.004323651655186091
0.0052953670526465465
0.006479604123223349
0.007923890458703804
0.009686190340957789
0.011837231052105735
0.014463341408723174
0.017669916440310754
0.021585647261919874
0.026367685900499302
0.03220795235750698
0.03934083703239852
0.048052607632450124
0.0586928981009422
0.07168874065496818
0.08756170408771932
0.10694882615550654
0.13062818013971295
0.15955010165957592
0.1948753289774419
0.23802158750086228
0.290720488081171
0.3550870226370465
0.43370444620641985
0.5297279520417647
0.6470113005934054
0.7902614844486748
0.9652276364713085
1.178931762689303
1.4399505600543654
1.7587596294037129
2.148153898105052
2.6237611254474427
3.204669099345317
3.9141916965808328
4.780804550249595
5.839287877088816
7.132122329548874
8.711193893684046
10
1.056279182440282e-8
1.51966310486325e-7
1.300337073481116e-6
7.128883591013289e-6
0.00002671049632673655
0.00007268084343912943
0.00015276554525841664
0.00026429801317729036
0.0003999046474667163
0.0005561888480814216
0.000735795728383841
0.0009450634906086708
0.0011922697251906197
0.0014873263142864929
0.0018420745379400458
0.002270751680818808
0.002790562061799379
0.0034223674966491974
0.004191524555884703
0.005128902212988029
0.006272120724699945
0.007667061464027763
0.009369708300727392
0.011448394430846947
0.013986544827516594
0.017086024378192694
0.020871226080270387
0.025494063368805383
0.03114006693604782
0.038035830729626866
0.04645810596324652
0.05674490811464542
0.06930908268583101
0.08465487408088286
0.10339816282848398
0.12629118290582286
0.1542527115918848
0.1884049432119915
0.23011852673781957
0.2810675747425872
0.34329685141696387
0.4193038361357419
0.5121389560742076
0.6255280105618036
0.764021700491022
0.9331782639231678
1.1397865476976332
1.392138467693195
1.700361792527045
2.076826606492975
2.5366417643654637
3.0982612630145865
3.7842248648833583
4.622062697894586
5.645400136132356
6.895307304184033
10.2
7.338585101025666e-9
1.1012830859304788e-7
9.728954253079323e-7
5.458751407666454e-6
0.000020778282877026717
0.00005709339706623262
0.0001206294192690402
0.00020916840090866757
0.00031671664153676597
0.00044055987621344835
0.0005828398831907338
0.0007486067203385239
0.0009444245811511873
0.0011781457699102799
0.0014591500896011943
0.0017987152258421445
0.0022104691198142
0.0027109369010488325
0.003320204098865822
0.004062722745197136
0.004968292720483553
0.0060732577275233466
0.0074219638917718996
0.009068539527310184
0.011079067495881724
0.013534237344297177
0.016532583659275468
0.020194440606345523
0.024666771362430586
0.030129066264200425
0.03680054638548002
0.04494896164869141
0.05490133656937389
0.0670570948982527
0.08190408989882847
0.1000381836116924
0.12218716089101939
0.14923993796500676
0.1822822377664937
0.22264016380589763
0.2719334213614696
0.3321403219392974
0.40567717986028623
0.4954952874382754
0.60519936070308
0.7391922093120659
0.9028514367605909
1.1027452624927212
1.3468961275368723
1.6451026636178732
2.0093329458608165
2.4542048144215047
2.9975725395133064
3.661243375809331
4.471852764267182
5.461933305901584
10.4
5.1038228488251714e-9
7.988949815555613e-8
7.286214921148523e-7
4.183825044339048e-6
0.000016177984481481116
0.00004488635232576772
0.00009532770503964914
0.00016565982236888772
0.0002510114943320989
0.0003492143683434152
0.00046200318120374667
0.0005934034539060665
0.0007486238445256204
0.0009338893059532554
0.0011566350270677565
0.00142580057305672
0.00175218850236828
0.002148897908631683
0.0026318501332592945
0.0032204277447869497
0.003938252429404103
0.0048141330121535784
0.005883221656246336
0.007188424642801923
0.008782124350544034
0.010728281544594546
0.01310500234658753
0.01600767290753681
0.019552787589011612
0.023882624290928696
0.02917095456322258
0.0356300176683072
0.04351903848789841
0.05315463112771713
0.06492350575325996
0.07929798862647605
0.09685497821759044
0.11829909816537586
0.1444909762988445
0.1764817846530874
0.2155554266957239
0.26328006487773087
0.32157105768036315
0.3927678237368732
0.47972774283933906
0.5859408207003755
0.7156697610738446
0.8741210418464098
1.067653869231477
1.304035395276591
1.5927524404459847
1.9453922335940868
2.3761074478124486
2.902184196990938
3.5447357882529396
4.329550073111695
10.6
3.5531357076938226e-9
5.8010040497441116e-8
5.46194727554776e-7
3.2095690472423283e-6
0.000012606989479322812
0.000035317583258638504
0.00007538925093222788
0.00013129376455464048
0.00019907279278632545
0.00027699458010490413
0.00036646453215268535
0.0004706928678422011
0.0005938150831895417
0.0007407692934381011
0.0009174531781332834
0.0011309576802731001
0.0013898514851844249
0.001704524910296269
0.0020876069050499565
0.0025544718949884614
0.003123856811433315
0.003818613070325071
0.0046666236797873
0.005701922283150901
0.006966059048544287
0.008509768223040306
0.010395004276156344
0.012697428350211582
0.015509444807651596
0.018943909742578185
0.023138660292053245
0.028262046524395196
0.03451968791853718
0.04216272559569518
0.05149790149434568
0.06289986900135318
0.0768262291079261
0.0938358955437096
0.11461152594784113
0.13998691931633944
0.1709804792850151
0.2088360862402448
0.25507301930404414
0.3115469268377816
0.3805243071555462
0.46477346403075986
0.5676756119479286
0.6933605754169606
0.8468725333073973
1.0343724595878252
1.2633853845591947
1.5431024010672436
1.884749535130613
2.3020382858423054
2.811715915970899
3.4342375784116497
10.8
2.4759688139581667e-9
4.2162269268255765e-8
4.0981489123097286e-7
2.4643274262527407e-6
9.832333006574603e-6
0.000027810092198947868
0.00005966384280953209
0.00010412726049497505
0.00015798426169051763
0.0002198521386305838
0.0002908697280487129
0.0003735981272097652
0.000471322654443251
0.0005879630878699148
0.0007282005455299233
0.0008976632479724842
0.0011031523284667126
0.0013529147853328593
0.001656974462938942
0.002027534343775883
0.0024794662969851128
0.0030309079386877393
0.0037039905582084746
0.004525727324426639
0.0055290974190803244
0.006754369607132939
0.008250718363726345
0.01007819741849328
0.012310149922612828
0.01503615196699583
0.018365607585324923
0.022432139522075144
0.02739895198483672
0.033465380590086004
0.04087489242571496
0.04992485721586461
0.06097848182424889
0.07447938701815003
0.09096941152795462
0.11111035793740297
0.1357105531463273
0.16575728936478504
0.2024564480259024
0.247280893990462
0.30202959089626724
0.3688997957843143
0.4505752447722939
0.5503338604100166
0.6721793062075968
0.8210016677742104
1.0027737089779998
1.2247905801057437
1.495962597744716
1.8271728471106066
2.231713958472933
2.7258215870669815
11
1.7269541097713654e-9
3.067167822477059e-8
3.077573882971649e-7
1.8937160015730437e-6
7.674441125269931e-6
0.000021914722820784117
0.00004725114894375506
0.00008263548388933975
0.0001254550359928878
0.00017460606071194074
0.0002310115497546401
0.0002967155416241571
0.0003743293961492051
0.0004669664521201856
0.0005783445120863927
0.0007129335680309162
0.0008761351513407587
0.0010744991145930597
0.0013159865001349915
0.0016102890446705032
0.0019692181426773326
0.0024071788791425876
0.0029417481562054293
0.0035943801159579905
0.004391267170488374
0.005364391195349793
0.006552807074541395
0.00800421011009981
0.009776850202062575
0.01194186962148427
0.014586158199564412
0.017815840521668246
0.021760535079565577
0.0265785563166268
0.032463268342292
0.039650845312847155
0.04842974992934444
0.05915231045961267
0.07224886090500394
0.08824501182198355
0.1077827449130797
0.1316461780081595
0.1607930347051366
0.1963930799841981
0.23987506938147457
0.29298408757228256
0.3578515859343128
0.43708092494204465
0.5338518561588228
0.6520481368564861
0.7964133987706369
0.9727415267782207
1.1881091877826808
1.4511598422254732
1.7724506365079709
2.164876098328266
11.2
1.205603638856733e-9
2.233212509682521e-8
2.3131102790286424e-7
1.456407990401094e-6
5.994727305280172e-6
0.00001728142926020952
0.000037445654189048606
0.00006562049788735966
0.00009968369416009461
0.00013875438182861858
0.00018358072615435835
0.0002357947150398075
0.00029747311267332946
0.00037109018289383725
0.0004596004055379627
0.0005665560062207387
0.0006962494887485883
0.0008538859079576624
0.0010457917668487762
0.0012796689213685633
0.0015649036829254086
0.0019129435240266347
0.002337756505546838
0.0028563918640566923
0.003489664257543084
0.004262989130722441
0.005207402726092883
0.006360807677291368
0.007769494174888952
0.009489997754269746
0.0115913682651716
0.014157941084609282
0.01729272179167523
0.02112152014310556
0.025797999260546847
0.031509842671272395
0.038486286706938634
0.04700732056267248
0.057414923246483694
0.07012678839746828
0.08565308779908225
0.10461694636223935
0.1277794504555264
0.1560701922794021
0.19062457905587105
0.23282939951844422
0.28437848130319515
0.3473406700631812
0.424242859508787
0.5181714045265938
0.6328959874261341
0.7730209085520782
0.9441698729987914
1.1532116896525981
1.4085359406163898
1.7203896845805398
11.4
8.423702896635828e-10
1.627377983625032e-8
1.7399572238428007e-7
1.1209615790129516e-6
4.686113190242839e-6
0.000013637103292741283
0.000029693920729909665
0.00005214022778453928
0.0000792523028867753
0.000110327312032368
0.00014597178100436215
0.0001874891870911772
0.00023653199078009374
0.0002950676750452655
0.000365445461407979
0.00045048985730390526
0.0005536139929510643
0.0006789566020058976
0.0008315481234766521
0.0010175125909069984
0.0012443134113395624
0.0015210528980491133
0.001858837578336017
0.002271223937464692
0.0027747624880118398
0.0033896620000511525
0.0041406005500674685
0.005057715938791233
0.006177815226983131
0.007545851932014789
0.009216730170361407
0.01125750815257925
0.013750089464752218
0.01679451014698439
0.020512953490923913
0.025054653684351596
0.030601885102996454
0.037377277621281735
0.045652751531056364
0.055760430657425746
0.0681059716543088
0.08318484442989596
0.10160221717359298
0.1240972434804036
0.15157272798205856
0.18513135826566776
0.22611995999679257
0.2761835496836637
0.3373313549676515
0.4120174519745599
0.5032392560193275
0.6146578184026529
0.750744757248506
0.9169617192449365
1.119979574708635
1.3679461430187834
11.6
5.890654739903201e-10
1.1868621677747821e-8
1.309854718144766e-7
8.634281799591906e-7
3.6657731460743935e-6
0.000010768437206406447
0.00002356136819490391
0.00004145309836593537
0.00006304373677908972
0.00008777261066186557
0.00011613146856551262
0.00014916177133820813
0.0001881790195352514
0.00023474856663698138
0.00029073939812770277
0.0003583986225210063
0.00044044164205935216
0.0005401611311890151
0.000661559183146924
0.0008095079280172209
0.0009899450684139957
0.001210112180338443
0.0014788453430517295
0.0018069297619611895
0.0022075326167787655
0.002696731506677497
0.003294159700809466
0.00402379409031274
0.0049149174651591755
0.0060032937353284655
0.007332603262086885
0.008956195904276544
0.010939232135438013
0.013361298162443743
0.016319599999408248
0.019932864686351144
0.02434610522219535
0.02973644044557262
0.03632020343575975
0.04436162371868322
0.0541834317257278
0.06617981109880183
0.08083221870984128
0.09872870698617654
0.12058752497922329
0.14728594376120802
0.17989546462237682
0.2197248221346986
0.2683725082733781
0.32779092547375616
0.4003647434711178
0.48900660440100374
0.5972740173841814
0.7295121338551014
0.8910281337509866
1.0883042212646814
11.8
4.1226272905852546e-10
8.662710975357009e-9
9.868214157709644e-8
6.655466032814906e-7
2.8695727945826018e-6
8.508659684527714e-6
0.000018706417344167597
0.00003297482388171016
0.000050177076891329754
0.00006986599675052975
0.0000924403056928288
0.00011873239988314174
0.0001497900350308739
0.00018685927960073693
0.0002314278432623711
0.00028528441887263787
0.00035059045991407754
0.0004299669271184494
0.0005265994768240259
0.0006443663125509201
0.000787993830924319
0.0009632463085660361
0.0011771572427578029
0.001438311630381755
0.00175719051398751
0.0021465916228316606
0.0026221429906975184
0.003202930163747255
0.003912262170518557
0.004778606995077175
0.00583673409717221
0.007129109832756797
0.008707601777929156
0.010635560356913307
0.012990361316994912
0.015866511089001844
0.019379439662100713
0.02367013319466263
0.02891079228380473
0.03531174297995327
0.04312987790987759
0.05267896627955306
0.06434224656036129
0.07858780706373149
0.09598737223093003
0.11723924768031407
0.14319634579401594
0.1749004160609361
0.21362385414445761
0.26092076757344024
0.31868934756174533
0.38924805006259044
0.4754286435550767
0.5806898578556569
0.7092561950944013
0.866287473808329
12
2.8875073205116215e-10
6.327583111480727e-9
7.440018408623192e-8
5.133776841756405e-7
2.2478000687583e-6
6.72725552188958e-6
0.00001486033868679253
0.000026244640380612614
0.00003995707287952525
0.00005564104197038243
0.0000736198612649277
0.00009455904892550412
0.00011929349910653351
0.00014881562249866197
0.00018431023940698735
0.00022720187337998369
0.00027921191629181913
0.0003424277137839632
0.0004193863377752496
0.0005131764080669331
0.0006275620494991219
0.0007671339594969019
0.0009374936488795478
0.00114547825015581
0.0013994349156576829
0.0017095558180723934
0.002088287198126446
0.0025508288759138096
0.0031157442730591896
0.003805705428002753
0.004648402904510163
0.005677657111225189
0.00693477563341995
0.008470211051432622
0.010345585779858576
0.012636165191463917
0.015433878280780368
0.018851007097523517
0.023024693019468308
0.028122440717449876
0.034348840706048746
0.04195378027910649
0.051242472379182995
0.06258770479039807
0.07644480156984988
0.09336989665221981
0.11404225353117665
0.13929152647387674
0.17013105746251686
0.20779854515245086
0.2538057180914488
0.309999005670221
0.37863364182689563
0.46246417550222535
0.5648550203638975
0.6899154805321053
12.2
2.0239497514613812e-10
4.6253195435966304e-9
5.613311239310367e-8
3.962705396512936e-7
1.7618840163810893e-6
5.321987528064045e-6
0.000011811527604574258
0.000020898885199923814
0.00003183456076062453
0.00004433424583888499
0.00005866011910872234
0.0000753444455470086
0.0000950528029752972
0.0001185759672781292
0.00014685800153240456
0.00018103396304165682
0.00022247545314129155
0.00027284566433977316
0.0003341661300741172
0.00040889785594533905
0.0005000400885135523
0.0006112506855930929
0.0007469929189325097
0.0009127146009791325
0.0011150667247213054
0.001362170391390028
0.0016639427387718608
0.0020324949507588047
0.0024826183216935215
0.003032377882942074
0.003703837416034009
0.004523944949686634
0.0055256142788182895
0.0067490459107065765
0.0082433404524917
0.010068469190981744
0.012297680950892346
0.015020441827446863
0.018346025774887146
0.022407900153928025
0.027369082245649268
0.03342868170722799
0.040829891550064494
0.049869748287401365
0.06091105313633351
0.07439693242085867
0.09086862182875267
0.11098718809203602
0.13556005991832396
0.16557343292810958
0.20223184917090226
0.24700653960158347
0.3016944697730457
0.3684904583332631
0.45007526284534355
0.5497231679759309
12.4
1.4196902187057009e-10
3.3834155540461284e-9
4.2380303828097016e-8
3.0607889063940955e-7
1.3818695707542811e-6
4.212697352335778e-6
9.39321894230629e-6
0.00001665030121377404
0.00002537542660884061
0.000035341957801017934
0.00004676250550717627
0.000060062893332462585
0.00007577395224348844
0.00009452608867150857
0.0001170718889639295
0.0001443161952277887
0.00017735241713479242
0.00021750641426788927
0.00026638970752241003
0.00032596415509753273
0.00039862068875461695
0.0004872752703031009
0.0005954859193886936
0.0007275955093125164
0.0008889060617860501
0.0010858915356789626
0.001326457649724009
0.0016202591667603193
0.0019790873732745736
0.0024173433051255023
0.0029526157116791575
0.0036063869540794344
0.004404895167830381
0.005380187291302534
0.006571405221887106
0.00802635671779472
0.009803434091256976
0.011973957696979795
0.014625038268500822
0.01786307297772093
0.02181801552706151
0.026648591647732485
0.03254866932541551
0.03975503937981406
0.04855691875855573
0.059307557781989345
0.07243841734216776
0.08847648493883718
0.10806542454009634
0.13199140906770496
0.16121467229609385
0.19690804638436218
0.24050403177049998
0.29375228841545703
0.3587898558296457
0.4382269199541868
12.6
9.965401387071788e-11
2.4766749040132626e-9
3.201838831385093e-8
2.3656621774108267e-7
1.0844717320917835e-6
3.3364828242581173e-6
7.47387775918829e-6
0.000013271807570543212
0.000020236245072114655
0.000028186555248391486
0.0000372951561513539
0.00004790281785157866
0.00006043308370107297
0.00007538874322722338
0.00009337001774080826
0.00011509855891074585
0.00014144640938829078
0.00017347100092654825
0.00021245759282990446
0.0002599708539229711
0.000317917658203536
0.0003886236143919888
0.00047492640077638053
0.0005802896512038262
0.0007089419628690914
0.0008660466047676844
0.0010579087378126747
0.0012922284630748967
0.0015784098538822618
0.001927938374298874
0.0023548418311268747
0.002876253359929182
0.003513099033479224
0.004290937707450842
0.005240986778121724
0.00640137505055119
0.00781867298052732
0.009549761710424522
0.01166411590924956
0.014246592034995802
0.017400833922298686
0.021253432373361875
0.02595900569400789
0.03170640505616001
0.03872629378451986
0.04730040465969674
0.05777284685684833
0.07056391625260033
0.08618696337585699
0.10526899595923271
0.12857584297631225
0.15704289003079258
0.1918126196807907
0.23428046325631455
0.2861508044374441
0.34950538214389676
12.8
6.999933471453635e-11
1.8141513771625477e-9
2.4205630228707604e-8
1.8295370916588506e-7
8.515744425077255e-7
2.643941864412586e-6
5.9496750427876355e-6
0.00001058375958752169
0.000016145137646238234
0.0000224898619112724
0.00002975775782061141
0.000038221609619874775
0.00004821949629945259
0.00006015260189655196
0.0000744998426264892
0.00009183702362776224
0.00011285994684891909
0.00013841233601522468
0.00016951969822443248
0.00020743048114761173
0.00025366617761705615
0.00031008238847626303
0.00037894329435849837
0.00046301252520352765
0.0005656640744320924
0.0006910177091484486
0.0008441043108615746
0.0010310677824202606
0.0012594116244120806
0.0015383000769857381
0.0018789259129854546
0.0022949596438608744
0.002803098162110568
0.003423734852579561
0.004181778044226971
0.005107650672007688
0.0062385112554466
0.00761974520045735
0.009306786275103009
0.011367341361307697
0.013884107769794141
0.016958092175656338
0.020712664361413793
0.025298508494375257
0.03089967060371612
0.03774094499048975
0.046096896017174545
0.0563028773382164
0.0687684908208669
0.08399402530029083
0.10259053493911388
0.1253043629638266
0.15304709504996614
0.18693214444396503
0.2283194371582177
0.27886999056928313
13
4.9201907464355264e-11
1.3297197409073025e-9
1.8310758124224227e-8
1.4157632812799623e-7
6.690712132178621e-7
2.09624387408036e-6
4.738589811714035e-6
8.443937595566304e-6
0.000012886717603717197
0.00001795223649424203
0.000023753888824086103
0.0000305100982840823
0.00003849083264106148
0.000048016340076185564
0.00005946891184071613
0.00007330817984697155
0.0000900895625129854
0.00011048655564851918
0.00013531776220678744
0.0001655797456954562
0.0002024870257687999
0.0002475208211661006
0.00030248849622167894
0.00036959609673978744
0.0004515368863598352
0.0005515994366827702
0.0006737996091974373
0.0008230417258996352
0.0010053153969577656
0.0012279359047976126
0.0014998377920714288
0.0018319334366766241
0.0022375510015395237
0.0027329693451145693
0.003338071344615298
0.00407714186793203
0.004979842410238975
0.006082401513874168
0.00742906874702223
0.009073890594215405
0.011082879531551397
0.013536663340770307
0.016533720977697484
0.020194334891370486
0.02466541837212306
0.030126411698312615
0.03679648370695366
0.04494332780798038
0.0548939054615884
0.0670475682939416
0.08189208544471767
0.1000232195352799
0.12216863663237602
0.1492171100799623
0.18225419009216803
0.2226057706904539
13.2
3.4605910764248254e-11
9.752599659941408e-10
1.3859932829497107e-8
1.0962085055091724e-7
5.259687239107339e-7
1.6628439018442777e-6
3.7757814040461445e-6
6.739672604655727e-6
0.000010290238017431907
0.000014336106810411154
0.00001896923878537877
0.00002436457812720396
0.00003073778702713897
0.00003834461179090754
0.00004749034046622019
0.00005854202325438125
0.00007194320299073454
0.00008823171607280099
0.00010806127772339752
0.0001322277178780347
0.0001617009206341242
0.0001976637491054382
0.00024155951787314494
0.00029514991826608543
0.00036058572122054424
0.0004404930952697769
0.0005380790039088293
0.0006572599122979144
0.0008028189687636587
0.0009805979693344978
0.0011977318095269956
0.0014629348330735198
0.0017868505675413618
0.0021824788896571
0.0026656977528179224
0.003255900426693352
0.003976773816945271
0.004857249103865146
0.005932662852282245
0.007246175191952111
0.008850501985125209
0.010810030567549445
0.013203403494175528
0.0161266754308342
0.019697167477545303
0.024058176016580432
0.029384723633141246
0.035890583385868036
0.043836858270940075
0.05354246019870159
0.06539690905519435
0.07987596549622152
0.09756072489615589
0.11916093874500758
0.14554349946835207
0.17776723186311427
13.4
2.4355145579959617e-11
7.157252689163515e-10
1.049718910492825e-8
8.492612413217135e-8
4.1369301927974776e-7
1.3196967036988954e-6
3.0099548936096144e-6
5.381646977878363e-6
8.220253028189126e-6
0.000011452992877921052
0.000015154442915173971
0.000019464760361444006
0.000024556290596059772
0.00003063335135746889
0.0000379398360718944
0.000046768979623726495
0.00005747512654489088
0.00007048795210345535
0.00008632970667922866
0.0001056361755086182
0.00012918219497493947
0.000157912749514919
0.00019298089716229155
0.00023579404581473913
0.00028807043745462675
0.0003519081072334216
0.00042986908498900654
0.0005250822184976582
0.0006413687451233949
0.0007833956514893517
0.0009568629760377169
0.0011687325718101058
0.0014275075089429825
0.0017435733349358844
0.002129614880968763
0.002601125349754536
0.0031770281120059377
0.0038804361676898374
0.0047395797519186435
0.005788939313384789
0.007070629335843149
0.008636088583870553
0.0105481443012856
0.012883534129761417
0.015735985420241908
0.019219977058430985
0.023475333861659304
0.028672838240718264
0.03502108429581187
0.04277484943005394
0.05224531946507418
0.06381257761600385
0.07794085856791713
0.09519717984282178
0.1162740982050261
0.1420175043941569
13.6
1.7151236037313526e-11
5.255696918999307e-10
7.954897375734972e-9
6.583061350464826e-8
3.2555197216474776e-7
1.0478600166039622e-6
2.4005038563033794e-6
4.299009486527373e-6
6.569253091163982e-6
9.153271019042678e-6
0.00001211154166850074
0.000015556381834992998
0.000019625570880437357
0.00002448240323720321
0.000030321800400692204
0.000037378117881361885
0.000045934550476086444
0.00005633449786882228
0.00006899534646427334
0.0000844252205727853
0.00010324337521994125
0.00012620504902664115
0.00015423177458683893
0.0001884483628057469
0.00023022804551097912
0.00028124758806806927
0.00034355458386182595
0.0004196496314077123
0.0005125866921518327
0.0006260956566659637
0.0007647320382526377
0.0009340598018455904
0.001140874664682097
0.001393476833840648
0.0017020041211735601
0.002078838810030225
0.0025391045996374416
0.0031012735722252683
0.0037879075425765792
0.00462656354285696
0.0056508997830789776
0.006902026501030985
0.00843015572057057
0.010296616717001241
0.012576317096274181
0.015360749239067129
0.01876166218407104
0.022915546507724788
0.02798911217802308
0.03418597919426802
0.041754849591034905
0.05099948871312158
0.062290916388643335
0.07608229725699203
0.09292712785744546
0.11350145038803534
13.8
1.208528365893934e-11
3.8615792362604204e-10
6.031685614945712e-9
5.105592190050166e-8
2.5631841236451313e-7
8.324012013848892e-7
1.9152622308071158e-6
3.4355227991570435e-6
5.251852161143885e-6
7.318093426732781e-6
9.68329143428323e-6
0.000012437475592981726
0.00001569083107128095
0.00001957391485628053
0.00002424256857391927
0.000029884161689895926
0.0000367251111448965
0.00004503996826073032
0.000055162437448912636
0.00006749876894042844
0.00008254406303373192
0.00010090214020839434
0.00012330977456119832
0.0001506662631371088
0.00018406951787769887
0.0002248601286826809
0.0002746751659893154
0.00033551388215686834
0.00040981794848455786
0.0005005694480533536
0.0006114105571907667
0.0007467897189039206
0.0009121401739769625
0.001114098017074842
0.0013607685254633662
0.0016620514527604503
0.0020300383407201163
0.002479497795237856
0.0030284682023857435
0.003698981672168815
0.0045179482644610025
0.00551823600181346
0.006739989889884293
0.008232243255436094
0.010054885448254466
0.012281065499210066
0.015000127830394177
0.018321197959550055
0.022377562094976225
0.027332016368813324
0.03338340042899612
0.0407745775654705
0.049802181668884955
0.06082852219000064
0.07429612489006925
0.09074549195332686
14
8.52055345555287e-12
2.8388552050670674e-10
4.575921465300098e-9
3.961771453719789e-8
2.0190653162086086e-7
6.615405923455423e-7
1.5287339132247786e-6
2.7465227193697064e-6
4.200196151961532e-6
5.853004313352015e-6
7.744719366784324e-6
9.94752381343762e-6
0.000012549565617488013
0.000015655265662277938
0.000019389266487940025
0.0000239014266581263
0.000029372835003702744
0.00003602307835297674
0.000044119054322157465
0.000053985682853833454
0.00006601894639498894
0.00008070178206317905
0.00009862346360885331
0.0001205032510396022
0.00014721925705004935
0.0001798436887678577
0.00021968587919003735
0.0002683448353134394
0.00032777341190062353
0.00040035668639789245
0.0004890076804677573
0.0005972842698529955
0.0007295319740422155
0.0008910583579823128
0.0010883460425474838
0.001329312875241683
0.00162362970115738
0.001983108487929525
0.002422176381486443
0.0029584547180720347
0.003613466230331878
0.004413498841286482
0.0053906606349111595
0.006584168578775396
0.0080419223263192
0.009822426653923641
0.011997139452029456
0.014653339580660459
0.017897629679231062
0.02186021449937075
0.026700126482793893
0.03261160829305282
0.039831908451197995
0.048650802954870856
0.05942222500567271
0.07257846959151279
14.2
6.0106494174536584e-12
2.0881344532079185e-10
3.473342872004891e-9
3.0757534629916585e-8
1.5912046722063897e-7
5.259797256103524e-7
1.2206974192339957e-6
2.1965162491866594e-6
3.3603333216838367e-6
4.68289263419674e-6
6.1964462170852224e-6
7.958881567648041e-6
0.000010040740643359103
0.000012525569968746485
0.000015513094397531406
0.000019123213774685108
0.000023500814866772537
0.000028821586176401296
0.00003529906893874505
0.00004319322728106565
0.00005282088149585695
0.00006456842315173901
0.00007890732234390417
0.0000964130494441176
0.00011778817074757921
0.00014389054492554385
0.00017576775190539595
0.00021469913593156494
0.0002622471501424889
0.000320320063300832
0.0003912485453193061
0.00047787920528059955
0.0005836888355920336
0.0007129239483962437
0.0008707712024960108
0.0010635655624386296
0.0012990445428328942
0.0015866587419867619
0.0019379511275913139
0.0023670202965555822
0.0028910863011913112
0.0035311817573959736
0.004312995922061677
0.0052679057640132665
0.0064342351611602865
0.007858793007457291
0.009598751811238043
0.011723942228457027
0.014319655613497932
0.017490067057515973
0.02136241630446709
0.026092114326250505
0.031868980511526375
0.03892486078440121
0.047542932394979864
0.058069068817114065
14.4
4.242394118424706e-12
1.5367532898671467e-10
2.6377870478627962e-9
2.3890565272677163e-8
1.2545879449404608e-7
4.183741061981104e-7
9.751052824258624e-7
1.7572828380058535e-6
2.689342962841403e-6
3.7479986665492e-6
4.959403228114957e-6
6.3699911238766445e-6
8.03623327317766e-6
0.00001002499772918953
0.000012416100544405881
0.000015305505070378244
0.000018809173256095972
0.000023067719608048637
0.00002825205454413774
0.000034570243628791555
0.00004227585797460837
0.00005167815094152923
0.0000631544695600972
0.0000771653987924886
0.00009427324642440566
0.00011516461045124193
0.00014067793466588602
0.00017183715835234414
0.000209892810564687
0.0002563721982486364
0.0003131407024320368
0.00038247664255162034
0.00046716271323074597
0.0005705976639458375
0.0006969327024197218
0.0008512380973397193
0.0010397066660048286
0.0012699023138353202
0.0015510636004476528
0.001894474515501129
0.002313917344811513
0.0028262258062830585
0.0034519606239472376
0.0042162347464897295
0.005149721173619184
0.006289883993343846
0.00768248194300295
0.009383404867962204
0.011460916777928527
0.01399839551992143
0.017097679025916045
0.02088315242524559
0.025506740057072385
0.0311540027277275
0.03805158491692739
0.046476310817013554
14.6
2.995920634795515e-12
1.1315509971180429e-10
2.0042356898690525e-9
1.8565573578801133e-8
9.896236761629152e-8
3.329190813813694e-7
7.7921526957338e-7
1.4063723149770095e-6
2.153062373982196e-6
3.000752206253232e-6
3.970649141016418e-6
5.100009243327519e-6
6.434053553451431e-6
8.02631905652479e-6
9.940708925761053e-6
0.000012254054348404036
0.000015059197998949541
0.000018468720141605894
0.000022619456871630678
0.000027677991828223707
0.00003384734178089062
0.000041375104405284605
0.00005056339524736278
0.00006178097268083615
0.00007547803747560351
0.00009220430093571856
0.00011263104674364957
0.00013757807193179016
0.00016804658821594287
0.00020525940413679424
0.00025071000066171836
0.00030622246983735656
0.0003740247218992428
0.0004568378993645008
0.0005579855857981089
0.0006815271930111425
0.0008324208794833277
0.001016722538677946
0.0012418288433011957
0.0015167740997680333
0.0018525928266105215
0.002262762611230623
0.00276374499892678
0.0033756461803476447
0.004123023895682214
0.0050358730368695774
0.006150829445177061
0.007512640236140938
0.009175959658523584
0.011207542560849711
0.013688923498553959
0.016719689001327063
0.02042147433048651
0.024942845129284276
0.030465259883344656
0.03721035248730378
14.8
2.1167676243292094e-12
8.336091254356421e-11
1.5235934051389106e-9
1.4434170559837577e-8
7.809580128037442e-8
2.6502430299647694e-7
6.229040816533176e-7
1.1259158005478076e-6
1.7242862334966996e-6
2.403267524884479e-6
3.180056023272023e-6
4.084550400056691e-6
5.152974198543637e-6
6.42820496660923e-6
7.961422171006948e-6
9.814159201592694e-6
0.000012060772900786808
0.000014791427764719487
0.000018115714561088114
0.000022167048591386262
0.000027108024115433776
0.000033136939829948
0.00004049575729156921
0.00004947981168354707
0.00006044966465370422
0.00007384557491966543
0.00009020516739654695
0.00011018500997284856
0.00013458696388518246
0.0001643903652251117
0.00020079132913519736
0.00024525075412650183
0.0002995529529806432
0.0003658772636558538
0.00044688551360387525
0.0005458288483340104
0.0006666782112846584
0.0008142837117197123
0.0009945692766470753
0.0012147703988202964
0.0014837245224435859
0.0018122257225771728
0.0022134579006191273
0.0027035239179018624
0.0033020918427270982
0.004033184307631276
0.004926142620272682
0.006016804333169128
0.007348941530341966
0.008976017554967568
0.010963332681050646
0.01339064484249735
0.016355370599174687
0.01997649480278816
0.02439934589093529
0.029801428398702586
15
1.4963521205763065e-12
6.144172962614748e-11
1.158764243304426e-9
1.122720121957071e-8
6.165508313771542e-8
2.1105763596505906e-7
4.981248257929913e-7
9.016837498515304e-7
1.3813392667538307e-6
1.9253573878269027e-6
2.5476817725255883e-6
3.272311975862658e-6
4.128273015235756e-6
5.149916160582555e-6
6.3782435240728475e-6
7.862552195729563e-6
9.662412694292744e-6
0.000011850059741295698
0.000014513291294111236
0.000017758992186183248
0.000021717423790730887
0.00002654745186703649
0.000032442922401226565
0.000039640441326204294
0.00004842887034856019
0.000059160919983376144
0.00007226730506519123
0.00008827403084697198
0.00010782350343779499
0.00013170031181557594
0.00016086271613764434
0.00019648110609708482
0.00023998497271295258
0.00029312027893921733
0.00035801953117445983
0.00043728736428734103
0.0005341050747506192
0.0006523582972334549
0.0007967929487669826
0.0009732056990681392
0.0011886766112274843
0.0014518532905866707
0.0017732979381297565
0.0021659112594644724
0.002645450204669169
0.0032311603553976205
0.003946548316560413
0.0048203251190042234
0.00588755849367622
0.007191080263326315
0.008783205333567213
0.010727831273770696
0.013103002750925184
0.016004043736313502
0.019547383190808638
0.023875227768270467
15.2
1.0582945033265978e-12
4.530765329353621e-11
8.817013135708172e-10
8.736596884152399e-9
4.869550108235287e-8
1.6814355223818785e-7
3.98477846792334e-7
7.223392820062253e-7
1.1069441072308298e-6
1.5429576023637145e-6
2.0416857297173116e-6
2.6223970326361276e-6
3.3083553746756346e-6
4.127089644060986e-6
5.111458512078437e-6
6.30096815774463e-6
7.743357779779836e-6
9.496515538278265e-6
0.000011630801809867576
0.000014231872996601503
0.00001740411921817981
0.000021274853853982537
0.000025999423075683048
0.00003176744043628143
0.00003881039672430248
0.0000474109505054357
0.0000579142722014735
0.00007074189699174608
0.00008640864249995132
0.00010554327023300207
0.00012891371998804174
0.00015745792998074438
0.0001923214794967309
0.00023490356540822736
0.0002869131561385728
0.00035043757924493706
0.0004280262928774283
0.0005227932045451212
0.0006385416431604011
0.000779916999990746
0.0009525931645029916
0.00116350023814683
0.0014211026603316108
0.001735738922763333
0.0021200364827577145
0.0025894185507581765
0.003162723077266665
0.00386295878601312
0.004718228594480164
0.0057628574833009155
0.00703877007771058
0.008597173230137532
0.010500611130982735
0.012825475426724148
0.01566507108460424
0.01913336104890706
15.4
7.488347521141475e-13
3.342578358892834e-11
6.711864635287928e-10
6.801415547690487e-9
3.847537713230253e-8
1.340043068411992e-7
3.188710081273386e-7
5.788459387452149e-7
8.873227571641195e-7
1.236876484764282e-6
1.6366741509029648e-6
2.1021892020981283e-6
2.6520732227160097e-6
3.3083942603507105e-6
4.097492776229732e-6
5.051038064498395e-6
6.20729924569219e-6
7.612681140910552e-6
9.323586660261396e-6
0.00001140868044962002
0.000013951644644012835
0.00001705453732551027
0.000020841888472443277
0.000025465697784610808
0.000031111534964952444
0.00003800598728350476
0.00004642575331979855
0.00005670874784868439
0.00006926766354666149
0.00008460653379802931
0.00010334096132439129
0.00012622282448867728
0.0001541704527874295
0.00018830548269077493
0.00022999787279991298
0.00028092088512161623
0.00034311823894438766
0.00041908613246568566
0.0005118734239921304
0.0006252039933356473
0.0007636261941700976
0.0009326953958559091
0.0011391969378660382
0.0013914184533900542
0.001699482477049891
0.0020757526998008277
0.0025353301668579477
0.0030966593357301944
0.0037822683167213988
0.004619673005751405
0.0056424813932870075
0.0068917423712317825
0.00841759316905866
0.010281271536985727
0.01255757343165649
0.01533785484077294
15.6
5.301111710755437e-13
2.467109633238787e-11
5.111581408343622e-10
5.297095907396144e-9
3.041211008255607e-8
1.0683473268504323e-7
2.55250607632806e-7
4.6399764937596454e-7
7.114830313453656e-7
9.918016617000892e-7
1.312386131112277e-6
1.6856648580700435e-6
2.1265957556891867e-6
2.6528744123490165e-6
3.2856222340600194e-6
4.050233612631275e-6
4.977395087411714e-6
6.104316903860046e-6
7.476226391380899e-6
9.148183094796804e-6
0.000011187288507254394
0.000013675379088737344
0.000016712310650579945
0.00002041996591973494
0.000024947146120568956
0.00003047554289064301
0.00003722703020378955
0.000045472568951978386
0.000055543081557232444
0.00006784273305036538
0.00008286515168347364
0.00010121323971307061
0.00012362337047962572
0.0001509949411780271
0.00018442646904510645
0.00022525967868005438
0.00027513335016163666
0.0003360490890437971
0.0004104516578160467
0.0005013270928123201
0.0006123225443205064
0.0007478926497916785
0.0009134783128207585
0.0011157250682321818
0.0013627497882079368
0.0016644664421229514
0.0020329839786993966
0.00248309230069618
0.003032855835325725
0.0037043385237520874
0.004524489323959758
0.005526223767298007
0.00674974497428646
0.008244157147096138
0.010069436293394976
0.012298837274338897
15.8
3.754433636733388e-13
1.8217435704952284e-11
3.8945119771970397e-10
4.127179403239618e-9
2.404781063763617e-8
8.520347332887393e-8
2.0438811029109173e-7
3.720454681529043e-7
5.706515818228188e-7
7.955108115583913e-7
1.0526493440326499e-6
1.3520518452226228e-6
1.7057173037575511e-6
2.1278391898127403e-6
2.6353587339110355e-6
3.248644477377503e-6
3.992309730485275e-6
4.8962003910195835e-6
5.9965927649801805e-6
7.3376494620620205e-6
8.973191796289908e-6
0.000010968859824312548
0.000013404746711375921
0.000016378613151226936
0.000020009810846012242
0.000024444072509301994
0.000029859360631333156
0.000036473009738823586
0.00004455044879255886
0.00005441585378357508
0.00006646515809224568
0.00008118194249439403
0.00009915684333143784
0.00012111125645694525
0.00014792628955453393
0.00018067812405624052
0.00022068120608092326
0.0002695409997698053
0.0003292184202007312
0.0004021085318005652
0.0004911366706791575
0.0005998758488021731
0.0007326901507346233
0.0008949098812177827
0.0010930454874757392
0.0013350488470885867
0.0016306324046103753
0.0019916589661232963
0.002432617795028168
0.0029712061175909137
0.003629039374271115
0.0044325187234624105
0.005413890612640144
0.006612540941594437
0.008076575756722841
0.009864751915751507
16
2.6601957805923745e-13
1.3457775773761892e-11
2.9684649691745787e-10
3.216929065716365e-9
1.902241782302946e-8
6.79750217711464e-8
1.6371101926443063e-7
2.9840099356045097e-7
4.578231470172881e-7
6.382441312402455e-7
8.445497503367225e-7
1.0847630333743945e-6
1.3685119277782343e-6
1.7071840129901107e-6
2.114371386976466e-6
2.6064159087865974e-6
3.2030650527633615e-6
3.928264444024921e-6
4.811118880505068e-6
5.887060410642585e-6
7.199270345926994e-6
8.80041227854464e-6
0.000010754745656252613
0.000013140704739621342
0.000016054046444305588
0.000019611693402415926
0.000023956426478076072
0.00002926261506501907
0.00003574321514253356
0.00004365831594665866
0.000053325578293272123
0.00006513298327842254
0.00007955440360551169
0.00009716862148527042
0.00011868255732740046
0.00014495964091768948
0.00017705446388638192
0.00021625510417114228
0.0002641348211083278
0.00032261519585850883
0.0003940432511962698
0.00048128564587686205
0.0005878437232465696
0.0007179940333819795
0.0008769599651249086
0.0010711213794831363
0.0013082706557629685
0.001597925427154687
0.0019517105565440025
0.0023838246835260163
0.0029116100652382946
0.0035562485822250222
0.0043436118416406546
0.0053052994957415575
0.00647990744676249
0.00791457683612204
