60.
300
1.
0.9991823806951281
0.9967387737863149
0.9926968401311866
0.9871016766679452
0.9800144451618119
0.9715105447677144
0.961677454845004
0.9506123656744007
0.9384197160695553
0.9252087491963601
0.9110911830733809
0.896179072714979
0.880582919223239
0.8644100595943837
0.8477633513428294
0.8307401494331744
0.8134315600413758
0.7959219464450791
0.7782886566099573
0.7606019393036645
0.7429250152300574
0.7253142711136978
0.7078195473042387
0.690484492821016
0.6733469654275999
0.6564394580207608
0.6397895361342342
0.6234202745661515
0.6073506839705554
0.5915961206827604
0.5761686750810421
0.5610775354486746
0.5463293256277418
0.5319284157916276
0.5178772064499771
0.5041763863795885
0.49082516558504286
0.4778214846675331
0.4651622021481682
0.45284326137749836
0.44085983868629386
0.4292064744102383
0.4178771883662773
0.40686558128143646
0.3961649235839335
0.38576823286769346
0.3756683412394309
0.3658579536558011
0.3563296982590547
0.34707616962493365
0.338089965747143
0.32936371949938786
0.32089012523886606
0.3126619611443584
0.3046721078199509
0.2969135636195596
0.2893794571468754
0.28206305724953473
0.2749577808725724
0.26805719904402747
0.261355041249561
0.2548451984198887
0.24852172472779335
0.2423788383674519
0.23641092146753112
0.23061251927067064
0.22497833869527606
0.21950324638049254
0.21418226630567047
0.20901057705270373
0.20398350879003993
0.19909654002676536
0.19434529419084248
0.1897255360740823
0.18523316818111485
0.18086422701436206
0.1766148793223986
0.17248141833505512
0.16846026000508232
0.16454793927311484
0.16074110636998581
0.15703652316808936
0.15343105959145906
0.149921690092444
0.14650549020134157
0.14317963315399934
0.13994138660125385
0.13678810940308037
0.13371724850947417
0.13072633592934976
0.12781298578812447
0.1249748914741105
0.12220982287340608
0.11951562369257038
0.11689020886808468
0.11433156206130124
0.1118377332373934
0.10940683632663203
0.10703704696617244
0.10472660032043182
0.1024737889780482
0.10027696092336029
0.0981345175802869
0.09604491192649224
0.09400664667567914
0.09201827252587867
0.09007838647160722
0.08818563017778183
0.08633868841332046
0.08453628754237882
0.08277719407121269
0.081060213248728
0.07938418771876608
0.07774799622228264
0.0761505523475956
0.07459080332692909
0.07306772887754641
0.07158034008580648
0.07012767833253351
0.06870881425814518
0.06732284676603216
0.06596890206273746
0.06464613273353044
0.06335371685202165
0.06209085712251851
0.06085678005385737
0.05965073516350679
0.058471994210774564
0.05731985045799511
0.05619361795862009
0.05509263087117358
0.05401624279807339
0.052963826148358296
0.05193477152340142
0.05092848712472117
0.04994439818304086
0.04898194640777726
0.048040589456173344
0.04711980042132209
0.0462190673383555
0.04533789270810292
0.04447579303755394
0.043632298396480834
0.042806951989606844
0.0419993097437311
0.041208939909237026
0.04043542267544773
0.03967834979929805
0.0389373242468257
0.03821195984699777
0.037501880957410416
0.036806722141417086
0.03612612785625823
0.035459752151785255
0.03480725837938104
0.0341683189107052
0.03354261486589495
0.03292983585087831
0.03232967970346236
0.03174185224787564
0.031166067057457492
0.030602045225194007
0.03004951514182045
0.029508212281212462
0.02897787899280433
0.02845826430078219
0.02794912370980759
0.027450219017039423
0.026961318130228017
0.02648219489166618
0.026012628907791466
0.025552405384235623
0.02510131496613469
0.02465915358351038
0.024225722301548208
0.023800827175600673
0.023384279110749983
0.022975893725775052
0.02257549122136662
0.02218289625244788
0.021797937804457455
0.021420449073459923
0.02105026734995179
0.020687233906239905
0.020331193887269304
0.01998199620478285
0.01963949343470374
0.019303541717629314
0.018974000662333988
0.018650733252179686
0.01833360575433797
0.0180224876317306
0.01771725145759769
0.017417772832607106
0.017123930304423485
0.016835605289653537
0.016552681998091928
0.01627504735919189
0.01600259095068986
0.015735204929312338
0.015472783963499957
0.015215225168081884
0.014962428040840697
0.01471429440090467
0.014470728328910804
0.014231636108882405
0.013996926171766535
0.013766509040578944
0.013540297277106594
0.01331820543011781
0.013100149985034622
0.012886049315019597
0.012675823633435878
0.012469394947634783
0.012266687014033379
0.0120676252944393
0.011872136913586311
0.011680150617844023
0.011491596735063378
0.011306407135526428
0.011124515193962625
0.010945855752616246
0.0107703650852906
0.010597980862398002
0.010428642116940681
0.010262289211413455
0.010098863805597045
0.009938308825215708
0.009780568431434274
0.00962558799116852
0.009473314048186325
0.009323694294975399
0.009176677545355963
0.009032213707815746
0.00889025375954703
0.00875074972116517
0.008613654632088713
0.00847892252656225
0.008346508410303332
0.008216339371557023
0.008088458889930766
0.007962738152823624
0.007839164696381136
0.007717698054013465
0.00759829860262858
0.007480927543177342
0.007365546881694509
0.007252119410821066
0.007140608691795039
0.00703097903689761
0.006923195492341865
0.006817223821591664
0.0067130304890990955
0.0066105826444484905
0.006509848106896764
0.006410795350297566
0.006313393488400755
0.006217612260514991
0.006123422017524849
0.006030793708253972
0.005939698866159699
0.0058501095963575354
0.005761998562961487
0.005675338976732858
0.005590104583030687
0.005506269650053372
0.005423808957366414
0.005342697784706162
0.005262911901054165
0.005184427553973561
0.005107221459201816
0.005031270790491856
0.004956553169696241
0.0048830466570869615
0.0048107297419053615
0.0047395813331363576
0.004669580750500001
0.004600707715656441
0.004532942343617069
0.004466265134357818
0.004400656964628727
0.004336099079954929
0.004272573086824029
0.004210060945055329
0.004148544960346338
0.004088007776991542
0.004028432370769374
0.003969802041993725
0.0039121004087245255
0.003855311400134626
0.0037994192500284277
0.003744408490508357
0.0036902639457862627
0.0036369707261350204
0.003584514221977572
0.0035328800981102855
0.0034820542880557603
0.003432022988544338
0.003382772654118726
0.0033342899918600982
