60.
300
1.1444014386716186
1.130199360693933
1.0897837352228061
1.0288836315307945
0.9548127899836154
0.8745499890181236
0.7936035836154174
0.71571298068443
0.6430652072936194
0.5766961250353031
0.5168805766459114
0.46343685017143654
0.41593763134019957
0.37384503691201076
0.3365916644918505
0.3036260844493655
0.27443610127930357
0.24855869794652868
0.2255823448094288
0.20514517360521178
0.18693111245515895
0.17066520032439275
0.15610876310974525
0.14305481205013987
0.13132383630846012
0.12076005346491184
0.11122812206768454
0.10261028953703032
0.09480393459430346
0.08771945874355223
0.08127848184584564
0.07541229994780983
0.07006056778218853
0.06517017292133097
0.06069427299016226
0.05659147141483185
0.05282511080812379
0.049362666256402454
0.04617522349708306
0.04323702930018246
0.04052510333892549
0.03801890249950733
0.035700029982884525
0.03355198273143287
0.03155993170516112
0.029710530365808355
0.027991747428080856
0.02639272052704886
0.02490362794744956
0.0235155759795144
0.022220499819640346
0.0210110762333395
0.019880646451257068
0.018823147983996487
0.017833054224166835
0.016905320859582358
0.016035338254174723
0.01521888906648408
0.014452110472570603
0.013731460443326408
0.013053687597575789
0.01241580421378435
0.011815062036144717
0.011248930556516597
0.01071507749322626
0.010211351221971249
0.009735764943782225
0.009286482400811693
0.00886180497318894
0.008460160009770828
0.008080090262721336
0.007720244310808224
0.007379367869402888
0.007056295896654416
0.006749945415397292
0.00645930897922283
0.006183448718958163
0.005921490912686241
0.005672621028524613
0.005436079194760277
0.00521115605670028
0.004997188983819521
0.0047935585945336895
0.0045996855692545385
0.0044150277253461505
0.004239077330239153
0.004071358631311355
0.003911425583243105
0.0037588597554319655
0.003613268403729594
0.003474282692267056
0.0033415560524820438
0.0032147626676710442
0.0030935960724753227
0.002977767857686627
0.002867006471637176
0.0027610561102306736
0.002659675688384959
0.0025626378863013435
0.0024697282645579407
0.002380744442550437
0.0022954953352803107
0.002213800443921524
0.002135489195988081
0.0020604003312792076
0.001988381330101276
0.00191928788055798
0.0018529833819664894
0.0017893384816994285
0.001728230642973148
0.0016695437413036087
0.0016131676875346815
0.0015589980755109463
0.001506935852619902
0.0014568870115681796
0.0014087623018842184
0.0013624769597566856
0.0013179504549251134
0.0012751062534373675
0.0012338715951785719
0.001194177285158713
0.0011559574976220221
0.0011191495921109046
0.0010836939406812277
0.0010495337655247962
0.0010166149863089704
0.0009848860765934468
0.0009542979287301884
0.0009248037266949573
0.000896358826338077
0.0008689206425781669
0.0008424485430959623
0.0008169037481162015
0.000792249235894089
0.0007684496535491225
0.0007454712329136238
0.0007232817110857752
0.0007018502553979939
0.0006811473925308212
0.0006611449415205281
0.0006418159504253198
0.000623134636430507
0.0006050763291874046
0.0005876174171940885
0.0005707352970385504
0.0005544083253363356
0.0005386157732055281
0.0005233377831318867
0.0005085553280863105
0.0004942501727654313
0.0004804048368342452
0.00046700256005720303
0.00045402726921123216
0.0004414635466806775
0.00042929660064032455
0.0004175122367383053
0.00040609683119609323
0.00039503730524773734
0.0003843211008451531
0.00037393615756066054
0.00036387089062202163
0.0003541141700190471
0.00034465530062442425
0.0003354840032747487
0.00032659039676089506
0.00031796498067977616
0.0003095986191023079
0.0003014825250149835
0.00029360824549486874
0.00028596764758011457
0.00027855290480020974
0.0002713564843322076
0.00026437113475103786
0.00025758987434378625
0.0002510059799594839
0.0002446129763675175
0.00023840462609923585
0.00023237491974871304
0.0002265180667099369
0.0002208284863289012
0.00021530079945025928
0.0002099298203392505
0.00020471054896067426
0.00019963816359761194
0.00019470801379353818
0.0001899156136023095
0.00018525663513131906
0.00018072690236388766
0.00017632238524766867
0.00017203919403653244
0.000167873573874034
0.00016382189960717413
0.00015988067081974984
0.00015604650707510854
0.00015231614335865855
0.00014868642571095388
0.00014515430704263986
0.00014171684312297572
0.0001383711887340614
0.0001351145939832808
0.00013194440076685053
0.0001288580393776968
0.00012585302525122767
0.0001229269558428692
0.00012007750763153369
0.0001173024332434739
0.00011459955869122903
0.00011196678072263942
0.00010940206427512791
0.00010690344003068507
0.0001044690020672049
0.0001020969056020235
0.00009978536482370702
0.00009753265080832027
0.0000953370895165774
0.00009319705986845317
0.00009111099189197624
0.00008907736494308813
0.00008709470599358991
0.00008516158798432997
0.00008327662824092398
0.00008143848694941055
0.0000796458656893724
0.0000778975060221554
0.00007619218813192911
0.0000745287295174316
0.00007290598373233239
0.00007132283917224755
0.00006977821790651803
0.00006827107455295213
0.00006680039519380675
0.00006536519633136129
0.00006396452388150487
0.0000625974522038306
0.00006126308316679126
0.00005996054524653636
0.00005868899265810557
0.00005744760451771396
0.000056235584034915976
0.000055052157733485575
0.00005389657469990138
0.00005276810585837069
0.00005166604327137126
0.00005058969946473166
0.00004953840677631313
0.00004851151672739351
0.00004750839941589149
0.00004652844293060486
0.00004557105278566912
0.00004463565137447817
0.00004372167744233619
0.00004282858557714159
0.00004195584571743232
0.000041102942677147585
0.000040269375686487647
0.00003945465794827854
0.00003865831620927183
0.000037879890345831886
0.000037118932963485174
0.00003637500900982749
0.00003564769540030343
0.00003493658065639349
0.000034241264555759596
0.000033561357793921734
0.00003289648165704884
0.000032246267705470024
0.00003161035746752228
0.00003098840214336778
0.00003038006231842881
0.00002978500768609922
0.000029202916779407038
0.000028633476711313123
0.000028076382923345613
0.00002753133894227657
0.00002699805614456325
0.000026476253528284546
0.000025965657492311663
0.000025466001622466538
0.000024977026484424972
0.00002449847942313471
0.000024030114368526116
0.000023571691647300036
0.000023122977800586823
0.000022683745407277755
0.000022253772912836864
0.00002183284446340852
0.000021420749745043496
0.000021017283827871036
0.000020622247015052276
0.00002023544469635613
0.000019856687206202887
0.000019485789686028825
0.00001912257195082828
0.000018766858359735726
0.00001841847769051512
0.00001807726301782864
0.000017743051595161218
0.000017415684740281432
0.000017095007724124632
0.000016780869662986246
0.00001647312341391934
