5  16  55
-1  10  55
5
0.0013770053745902234
0.0068214994431893125
0.025913057828268443
0.07822343674587937
0.1934107130850846
0.40271482797809033
0.7257865630863789
1.1643412489074145
1.7093625535703891
2.355165418022118
3.1088626338376635
3.9915456329142858
5.035405209593009
6.281515845186874
7.779743954839991
9.590201793674874
11.785548157128396
14.453889951145754
17.702317099964468
21.661200391062245
26.48942371148119
32.38076061611075
39.571651140838966
48.35069097134192
59.07021380129712
72.16043172069483
88.14670113752766
107.67060717504434
131.51571273562254
160.63900563131048
196.20930586477874
239.65417448018334
292.71720660036476
357.5280080212437
436.6876637699978
533.3731287802274
651.4647302484861
795.7018987894327
971.8733784276618
1187.0495492210796
1449.8661864384035
1770.8710445429706
2162.9471756150183
2641.8299714672626
3226.7386801684265
3941.1477419528287
4813.728901107057
5879.501902851554
7181.239960463236
8771.186392733323
10713.151332668094
13085.07265182346
15982.14388168031
19520.634662442277
23842.557053795255
29121.364976639336
5.2
0.0009088210112290714
0.004701233046577933
0.018461775229234867
0.05712572734403115
0.14375784937736738
0.3028859620947158
0.5498510168106175
0.8856100069094498
1.302587150071396
1.7960041633279002
2.371280583015095
3.044699335887861
3.840973699938503
4.7915030248762225
5.934342919717366
7.315349527018335
8.989946822439912
11.025342250175179
13.50322337501791
16.523036266937524
20.205976620559216
24.69985376395663
30.185022765980953
36.88162271840594
45.05841169066704
55.0435529348998
67.2377852294474
82.1305059331057
100.31941221961961
122.53448876388663
149.6673045900056
182.80679486686245
223.28296369992424
272.720261865925
333.10278172639414
406.85388582073915
496.9334649139562
606.9567288059114
741.33929739447
905.4744150062935
1105.9494002286303
1350.810018133871
1649.8833850824944
2015.1723654080795
2461.33728850735
3006.2843193359263
3671.884095733054
4484.849473642748
5477.807608357247
6690.609396282421
8171.928831603403
9981.216464456485
12191.085360595749
14890.225317993376
18186.962300525374
22213.605938960292
5.4
0.0006021441866762262
0.0032523117539011914
0.013202052349908608
0.04186964861086196
0.10722828669872826
0.228579503488211
0.417933547188163
0.6757498626533369
0.9956970586393424
1.3737930846666337
1.8141932972347494
2.3295071963188803
2.9387587264587327
3.666018651486749
4.540415125163684
5.597034775691287
6.878283096725078
8.435581069924819
10.33142853079819
12.641912494721208
15.459760795817834
18.898063580551415
23.094812012401174
28.218436341652552
34.47456560295267
42.11428023032109
51.444188796607534
62.83873329207932
76.75521679632187
93.75215665646925
114.51169974937478
139.86699943106825
170.83565290627854
208.6605409772801
254.8597092145524
311.2872924557392
380.2079277469919
464.38764217873324
567.2048632678959
692.7860071107756
846.1710859556703
1033.5159815881652
1262.3395024825386
1541.8251399862488
1883.1896340726742
2300.1331405018195
2809.3890661895857
3431.3956395069035
4191.116168299985
5119.040904933932
6252.410727254628
7636.7117457630575
9327.500820942645
11392.635255144165
13914.996144355788
16995.81468779514
5.6
0.0004003888074678707
0.0022578879352982725
0.009473391795552703
0.030791013331660608
0.08024164773376713
0.17304519661091364
0.31862855862880446
0.5171321388891698
0.763287309043674
1.0537977961933789
1.3918682768009523
1.7872906305265484
2.254745263421821
2.8127326576859257
3.4836086554568215
4.294294303949163
5.2773250671930585
6.472153415414591
7.926732005471367
9.699438183553013
11.86141687297369
14.499435869766643
17.719368139009656
21.650440868552355
26.45042181001449
32.31195105245394
39.47027234558672
48.21267425745666
58.890020073466204
71.93082917192378
87.85847501130903
107.31218994492713
131.07271985969282
160.09365824996266
195.53971727276434
238.83347173623764
291.71245202168393
356.2988772786512
435.18482753102177
531.5362729497818
649.2201353524579
792.9594813533357
968.5230756105061
1182.9569016071653
1444.866941708592
1764.7645654527796
2155.488387717256
2632.7195274138994
3215.610945850892
3927.556122320731
4797.1279165642245
5859.225297957927
7156.473963694134
8740.93705767809
10676.204647278677
13039.94581612633
5.8
0.00026712536022084794
0.0015726652997166452
0.006819631536143398
0.022714464253528067
0.06022838697020838
0.13138498316909775
0.2436008638546319
0.39681879938418396
0.5866699454512414
0.8104403870892095
1.0706149568267285
1.3748165014416724
1.7343990988336968
2.1636160329761536
2.679668715148911
3.3032660225429917
4.059434996921747
4.978523351406107
6.097417328765897
7.4610220730139405
9.124063830473776
11.153286306212879
13.630129323285034
16.65399728869391
20.346248641460182
24.855066392739
30.361405230423138
37.08625386611113
45.29950408812472
55.3307824665498
67.58267942490143
82.54690660745769
100.82403099402043
123.14757776155739
150.41346922513907
183.71598134623724
224.3916608693229
274.07296563565495
334.75378084839883
408.86944068683573
499.3944668180151
609.9619463955056
745.009340603505
909.9565755551428
1111.4235629580533
1357.4958804152873
1658.0492740449113
2025.14600684783
2473.5189596754713
3021.162913469034
3690.0567430026126
4507.045506300851
5504.917831077108
6723.721837492115
8212.372409826128
10030.614322587558
6
0.00017877361635325277
0.001098749313303212
0.004923951049659306
0.016805146451645273
0.04533383131863584
0.10002445419330933
0.1867245863382915
0.3052611639465087
0.4520219838395757
0.6247824113217977
0.8254786801016978
1.0600584423373651
1.3373212849820924
1.6682727133854371
2.0661791186849783
2.547008607241121
3.1300584957998536
3.8387286221909442
4.701460406882953
5.752878305650276
7.035179410546261
8.59982696737964
10.509615776457576
12.841192368404254
15.688131098577307
19.164689614505736
23.410394416458182
28.595640545799455
34.92853013635755
42.663224283678545
52.110143422236774
63.64842558745443
77.74114255627777
94.95388454355015
115.97745932325725
141.65561677008668
173.01891150450558
211.3260626682036
258.11447074291
315.2619188299065
385.0619346792246
470.31583801137583
574.445167313837
701.6289981943897
856.9716643589904
1046.7076124459206
1278.4516122600066
1561.5043642221656
1907.2257691342556
2329.490840885592
2845.2465593833904
3475.192012842112
4244.6091239075895
5184.377302949022
6332.212746740705
7734.182121971566
6.2
0.000119994031801869
0.0007698451545393481
0.0035651622690089785
0.012466946120655915
0.03421223831627575
0.07634145499367588
0.14347416955832706
0.23537587355016362
0.34906720383005174
0.4827312109149072
0.6378834858805963
0.8191740819156191
1.0334358074520946
1.289183981139179
1.5966724324301291
1.968240987737784
2.4188019655466477
2.966437959231569
3.6331275240922234
4.445627253270283
5.436545613775901
6.645651638770701
8.121470998496871
9.923233505807596
12.123250216541742
14.809815526090848
18.090750733488388
22.09773128874741
26.991571391030426
32.968678027070894
40.268933473212755
49.1853226134516
60.075691451550014
73.37710872765884
89.62340702151229
109.46660732826508
133.70308695042917
163.30554091529396
199.46201964173486
243.62360957505192
297.5626703811283
363.4439659630005
443.91154403728683
542.1948510529385
662.2383412165917
808.8597812897962
987.9436044854824
1206.6770734344493
1473.8387302709152
1800.150710351936
2198.7090591471924
2685.509322779239
3280.0885049471744
4006.309155990563
4893.317060569384
5976.710960391915
6.4
0.00008076158556551739
0.000540845021310733
0.002588100302381494
0.009272152980133236
0.02588239738771152
0.05840310088484339
0.11049034338338679
0.18188365892293823
0.27013067200590596
0.37375190529419405
0.4939385807084692
0.6343329659377945
0.8002500317685519
0.9982910475116888
1.2363974659591257
1.5241248740867936
1.8730207653187856
2.297087556490038
2.8133445369259857
3.4425109119508766
4.209837337346397
5.1461193168330235
6.288933133755729
7.684143919274598
9.38774638113357
11.468112067885572
14.008733359191128
17.111574308194925
20.901162817007418
25.529588378625085
31.182605962338545
38.08709101287755
46.5201447586107
56.820215256813874
69.40068050258063
84.76643873923311
103.53417179764479
126.45709470342992
154.455184840639
188.65210387444074
230.42029423918837
281.43606007228277
343.7468431851091
419.853394091984
512.8101359090259
626.3477490786107
765.0228966748329
934.4010992921989
1141.2800989289478
1393.962676241949
1702.589870261092
2079.5479740261126
2539.9656397506274
3102.3210450226056
3789.1834868193396
4628.119166667496
6.6
0.00005449633399614649
0.0003809222936380989
0.0018834309678135734
0.00691250750017332
0.01962567179892185
0.04477823774818503
0.08526858439717527
0.1408328132671472
0.20945582200002355
0.2899360074797503
0.3832131379384842
0.49214489917101134
0.6208723593621174
0.7745221898978026
0.9592566020963647
1.1824893598454584
1.4531795677774058
1.7821909742250457
2.1827279621662536
2.6708654873062434
3.266194222495511
3.9926068002210235
4.87925670783324
5.96172831936025
7.283465021392088
8.897512748716192
10.868648903929136
13.275982102068289
16.21612707710514
19.807082170427826
24.192965018630602
29.549796500293706
36.09256507188661
44.08385500940571
53.844384837365894
65.7658788893079
80.32678858074085
98.11149434440364
119.8337588689293
146.36537290173115
178.7711432727609
218.35162733138526
266.69532887940613
325.74245040612266
397.86276022698036
485.95069960664966
593.5415468501694
724.9533004345117
885.459975448976
1081.5032683390652
1320.9510847930324
1613.4133064741784
1970.6274692124025
2406.9298316324844
2939.8307394998183
3590.7173773880927
6.8
0.000036862234853021044
0.00026892412177852864
0.0013737950112895755
0.005164914706271424
0.014913541673426609
0.034402830872678085
0.0659340377454643
0.10925353850292319
0.16270798848541648
0.2253235949406727
0.29784424455820724
0.3825154793309364
0.4825686565939053
0.6019919688018847
0.7455755047870819
0.9190816091370824
1.12947368566025
1.3851955070405013
1.6965100878704236
2.0759115753768778
2.5386266834223856
3.103225793998022
3.7923682518517094
4.633711763557968
5.661022398402655
6.91552973929554
8.44758157069501
10.318664511995543
12.6038716914563
15.394916497087697
18.80381335696449
22.96737327152378
28.052694519386698
34.26386889800379
41.8501726441015
51.1160707643299
62.43343628502867
76.25647482250906
93.13995344926039
113.76146544448858
138.9486244916017
169.71227972127443
207.2870846364128
253.18104809228996
309.236055987086
377.7017926100815
461.3260283714634
563.4648974769442
688.2175913776191
840.5908737161496
1026.700019330132
1254.014241711192
1531.6564587532657
1870.7694274957094
2284.962942080529
2790.8600425788836
7
0.00002499126582338577
0.00019028047629951047
0.001004246040170901
0.0038672892645063824
0.011355804432061734
0.026482762540329673
0.05107792523633049
0.08490571905474528
0.12661134154908876
0.175407095483095
0.23188359178468534
0.2978078228908568
0.375704868956171
0.4686821862397199
0.5804694691084984
0.7155530329524082
0.8793542525273026
1.0784470458785096
1.3208217058658602
1.61620557862855
1.9764534561438591
2.4160233506542528
2.9525567454596353
3.607586609588359
4.407401591457044
5.384101074629173
6.576883438784364
8.033619228341504
9.81277236548626
11.985746512636213
14.639750752148377
17.88129959299607
21.840487772012082
26.676211412472814
32.58254508344736
39.79653069369602
48.60769081577962
59.369648243478906
72.5143181161629
88.56924218988884
108.17876094039727
132.12987320883653
161.38382122861313
197.11466865129333
240.75641984351
294.0605715171734
359.1664064425182
438.68685037719104
535.8133379515057
654.4438961460554
799.3395858036396
976.3155797064258
1192.474545901674
1456.4917026860753
1778.9629855885053
2172.8302994642195
7.2
0.000016979791808688167
0.00013491990763184113
0.0007356165914799891
0.0029014455107604043
0.008663338439433291
0.020423251533743053
0.039637981523840064
0.06609385286589974
0.09868192140810528
0.13676605131083655
0.18081642482924518
0.232225249967168
0.29296833102082576
0.3654705014908864
0.4526403490676895
0.5579762448454318
0.685705686536669
0.8409549051049352
1.0299545968083539
1.260289982897
1.5412052311773645
1.8839744569244776
2.3023541927106903
2.8131354863628513
3.436817784672808
4.198431648168464
5.128543315395928
6.264481433407447
7.651835187430555
9.346283954938778
11.415831914587484
13.943537292673444
17.030845781394532
20.801661910678398
25.407321772026744
31.03266666724407
37.90346143885739
46.295455206181025
56.545448145253566
69.06480846292997
84.35598204721421
103.03265738499564
125.84439503584501
153.70671012910213
187.7378152007156
229.30349798851304
280.07193528977973
342.0806427534902
417.81824753750175
510.32436565456965
623.3115924392619
761.3145020167793
929.8716357202904
1135.7477831660194
1387.2054770311495
1694.3365974983326
7.4
0.000011560157006281265
0.00009585743580559399
0.0005398929776611918
0.0021809164648214363
0.006621198144004573
0.015777338871481607
0.030810619011562936
0.05153056459417072
0.07703034302659946
0.10679693974098325
0.14120556380424157
0.18135442228797372
0.22879146253992882
0.2854115135095135
0.35348616851583514
0.4357474655602916
0.535496838420813
0.6567375796644334
0.8043355059421619
0.9842142402864508
1.2035929479038947
1.4712760666230063
1.7980066598960154
2.1968975736591845
2.6839577008851627
3.278734474662967
4.005098375324356
4.892200936642484
5.975644699232423
7.29891206551252
8.915110401200277
10.889103420364174
13.300114394022675
16.244905658182333
19.841662026137424
24.234733960002085
29.600430861568487
36.1540969878445
44.15875397185168
53.93565680465098
65.87718692595686
80.46259986909347
98.2772594683341
120.0361305648877
146.61247305645844
179.07288888309392
218.72012850816702
267.14537486873303
326.2921031338133
398.5340791869383
486.7706271858918
594.5429896214148
726.1764498124745
886.9539207129633
1083.3279667581091
1323.1797679317458
7.6
7.885624596252028e-6
0.00006823357226894608
0.0003969758410205152
0.0016422411217042413
0.005069081446543636
0.012208109182671529
0.02398609353354514
0.04023547141289318
0.06021530617800493
0.08351238358787566
0.11042676205123511
0.14182567241371358
0.17892328690446546
0.2232022451125483
0.27643911604756993
0.34077045986409027
0.41877811876608995
0.5135928140041739
0.6290197922149944
0.7696915433253633
0.941253718639617
1.1505917106494867
1.4061069880088637
1.718054275972792
2.0989531145303526
2.5640903114986022
3.1321334557971525
3.8258801133443554
4.673172773417326
5.708016265508772
6.971942492539773
8.515677251946986
10.401176040045694
12.704110543637551
15.516905610503226
18.95244858306938
23.148619863805468
28.27382654005279
34.5337611514617
42.17965685413844
51.51837028919214
62.92469681721839
76.8564123721198
93.87264561667342
114.65631773904295
140.04155047791738
171.04714235670542
208.91745664552028
255.172362028464
311.6682302705453
380.67243893476
464.9543692050188
567.8965508769958
693.6304151557018
847.2021034961841
1034.774986978314
7.8
5.388982271567042e-6
0.00004865763793053665
0.0002924015357523765
0.001238705176686371
0.003887086225262461
0.009460861788376192
0.018700435480591193
0.031459915406157245
0.047134356019740434
0.06539128848313591
0.08647112539805114
0.11105938595840667
0.1401094974956839
0.17478303624073438
0.21647124582814356
0.26684720687651126
0.3279326833033061
0.40217924976105834
0.4925666816599258
0.6027225440103224
0.7370677783552625
0.9009941306666028
1.1010805410461753
1.3453571796934651
1.643627725832236
2.0078628237771667
2.4526805069232913
2.995932870758753
3.6594225401320655
4.4697776851439786
5.45952070311486
6.668373456579199
8.144851451103358
9.948210932873433
12.1508270499175
14.841098520922271
18.126995386203
22.140392224529837
27.042360743016893
33.02963415028997
40.342502750925775
49.27445763909104
60.18396952667057
73.50887543160117
89.7839506147719
109.66237098894628
133.94192736160767
163.59704358129628
199.81788358808276
244.05811686129553
298.09325933101024
364.09193096396314
444.7028901999789
543.1613378774738
663.4187572128042
810.3015006963344
8
3.689234042393365e-6
0.00003475728105834246
0.00021573293513573935
0.0009358258967615652
0.002985280727112668
0.007342525881330875
0.014599663878300553
0.024630718175859746
0.03694209356771421
0.05126654407430112
0.06779701367896708
0.08707588633380102
0.10985262823453777
0.1370383641983061
0.16972393932775437
0.20922113224145497
0.25711510381837444
0.31532800730409044
0.3861961309155956
0.47256366128520255
0.5778968306666769
0.7064230289965889
0.8633004638992164
1.0548251776714477
1.2886837295667486
1.5742616844050448
1.923020288244972
2.348956448435497
2.8691644786473858
3.5045221537065263
4.280528608005977
5.228327705300111
6.385957951311655
7.7998791125285125
9.526836809764266
11.63613991916874
14.21244218078788
17.35913965039125
21.202520346238213
25.896832630678077
31.63047573853381
38.633560899910094
47.1871465118327
57.63451799858422
70.39496506113743
85.9806092450811
105.01695717642528
128.2680043388062
156.66689689481373
191.35338211218155
233.7195504528687
285.46570499241733
348.6686006113865
425.86479143138286
520.1524316442244
635.3156153180106
8.2
2.5298096959666035e-6
0.000024868324595095858
0.00015941873381614526
0.0007080826469489633
0.0022960370134187313
0.005706375039785377
0.011413042227627282
0.019307990506588803
0.02898870885000072
0.04024056133619023
0.053218622684133
0.06835239729859048
0.08623161068252373
0.10757174653640272
0.13322911941859653
0.1642334447501675
0.20182903488284876
0.2475247328553487
0.3031544674756095
0.3709508553230409
0.4536348034914338
0.5545247091439698
0.6776696384424691
0.8280118297910182
1.0115850432163942
1.2357567163419672
1.5095236455295076
1.843873058910204
2.2522235724223236
2.7509637259886537
3.3601097131678417
4.104108701281904
5.012819982081463
6.122713329966709
7.478332662088144
9.134083742146165
11.156417674719819
13.626497821419353
16.64345717157145
20.328376897160513
24.829145765405165
30.326395434259403
37.04074983508712
45.24167958569083
55.25831679237981
67.49266427705707
82.43572936199033
100.68722971769843
122.97966213882084
150.20770020945815
183.46410071062158
224.08355975645614
273.6962788660617
334.29339065937836
408.3068700035636
498.7071377036505
8.4
1.7375115589235997e-6
0.00001782050030298348
0.0001179820033280521
0.0005365409059849412
0.0017683750028439397
0.004440635640100021
0.00893301974360222
0.015153372737722092
0.022773625710629276
0.031621526614502814
0.04182187372715926
0.053715056619808306
0.06776554721582102
0.08453580202948402
0.10469877852752002
0.12906368467925872
0.15860836967079056
0.19451856544908783
0.23823547425984914
0.2915136091540252
0.35649120875731255
0.43577605229370864
0.5325501189219053
0.6506972917326446
0.7949592316142475
0.9711256767515902
1.186266805149767
1.4490169857047877
1.7699213057396626
2.1618587823888133
2.640559242776375
3.225234617208923
3.939349981396907
4.811565292334286
5.876885613004669
7.178065988469909
8.767327355951604
10.708452354401937
13.079345145760858
15.975157982514842
19.512110001691333
23.832151506900782
29.108660932441737
35.55340312864237
43.42502822886094
53.039452187519586
64.78253559661134
79.12556962610589
96.64419059341581
118.04148226945438
144.1761931018497
176.09720079981975
215.08560748509666
262.7061548155411
320.87002256260723
391.91153096617506
8.6
1.1951547392367978e-6
0.000012788950324167614
0.0000874410552774729
0.00040711976920831174
0.0013637756122521038
0.0034599683628724217
0.007000136213708915
0.011906047913662779
0.017910429104641766
0.024875135995774886
0.03290071448083219
0.042257130884129246
0.0533105366919917
0.0665035435992369
0.08236557312541264
0.10153322233364889
0.12477575626159096
0.15302597940579998
0.18741767241420274
0.2293310946845157
0.2804483790207913
0.34282104152825665
0.41895231615837
0.5118976182772197
0.6253871692123638
0.7639757031311386
0.9332252645166618
1.13992843254417
1.3923809311296191
1.7007145654621874
2.077303846920707
2.537262625664683
3.0990506625099172
3.7852144839465898
4.623292253413547
5.646918974490142
6.897176381690373
8.424241694716681
10.289401406470803
12.567510925205372
15.349998784892282
18.748535993318278
22.899517781730992
27.96953762438505
34.162073219613305
41.72565276431945
50.96382926316159
62.247363176476185
76.02910233938022
92.8621563351357
113.42209472640079
138.53406003071208
169.20588359013323
206.6685333801823
252.42551707721213
308.31322310065883
8.8
8.232802438986153e-7
9.190998183163834e-6
0.00006489481803962059
0.00030932465310735214
0.0010530714910042334
0.0026990778506526376
0.005491626422160336
0.009364569309630266
0.014100247963116127
0.01958794063499261
0.025908733377364147
0.03327688904561553
0.04198129968530185
0.0523706079539503
0.06486173376816255
0.07995598871880304
0.0982591582413086
0.12050581279541744
0.14758878874159226
0.18059502099923577
0.22084916556186465
0.2699667625925237
0.3299190737234466
0.403112195707315
0.492483625528134
0.60162015246853
0.7349018085587404
0.8976776546423126
1.0964804569664477
1.3392888700325705
1.6358476480153383
1.9980587359636401
2.440458936646227
2.980803323488948
3.6407778140136355
4.446869501852655
5.431429676818875
6.633972195758933
8.102759312371061
9.896738610906265
12.087908779700241
14.764209171356402
18.033049117710497
22.025618643488368
26.902153582621935
32.858366404894134
40.13330084454443
49.018925564663455
59.871851884814966
73.12764584561147
89.31830900269486
109.09362951750526
133.24726043885394
162.7485717844798
198.78155476480714
242.79233950722713
9
5.678986880682868e-7
6.614184274065822e-6
0.00004822512273813723
0.00023531751591761296
0.0008141310518293714
0.002107904482276575
0.004312792011652889
0.007373052984514209
0.01111149748675169
0.015439431409456448
0.020422303128582488
0.026230277322560874
0.03309147584840454
0.041280778162465545
0.0511268237615197
0.06302476832515017
0.07745211813666802
0.09498789340190193
0.11633586635444433
0.14235280610663723
0.17408286380262492
0.21279947806940946
0.26005648258063424
0.3177504668580496
0.38819689306827804
0.4742230236489134
0.5792813892782992
0.7075883510548412
0.8642933178701738
1.055685410271271
1.2894458649494862
1.5749563097396442
1.923675281286337
2.349598096353085
2.8698185330249615
3.5052148640434546
4.281287775200173
5.2291837973966455
6.3869453262922935
7.8010373972181535
9.528212490192244
11.637788206227512
14.21442922601846
17.361545209806923
21.20544094520872
25.90038549200433
31.634803451015696
38.6388371498452
47.19358305365792
57.6423731537034
70.40455408390642
85.99231697667202
105.03125348939368
128.28546299438855
156.6882185701606
191.37942252680384
9.2
3.922545024271632e-7
4.765961715697272e-6
0.00003588234166209032
0.00017923278010087215
0.000630128503379753
0.001647996363349417
0.0033904505632192973
0.005810658316189455
0.008764420234039135
0.012180723083977552
0.016112432518650643
0.0206947745678432
0.02610802571946936
0.03256910112491077
0.04033728935127637
0.049724354637942524
0.06110703287029321
0.07494215089312098
0.09178496057100126
0.1123114229953933
0.13734533717684907
0.16789140199139768
0.20517553827445265
0.2506940893286362
0.3062738744344142
0.3741455055215981
0.4570329094591827
0.5582626488051374
0.6818974284405298
0.8328991461834989
1.0173280311700996
1.2425858621285546
1.517713026749116
1.8537513441849984
2.264187212025471
2.765492862785048
3.377787452432236
4.125644512761702
5.039078173508703
6.154747734762143
7.517428933395089
9.181810950613073
11.214691280799585
13.69765655414112
16.730356871343428
20.43450515866333
24.95876188841448
30.484701368904716
37.23409895437621
45.47783166910092
55.546749451443546
67.84495332734267
82.86601339954503
101.21277755304497
123.62156585129402
150.9917216519298
9.4
2.7127815969566204e-7
3.438443440130505e-6
0.000026730638045184795
0.00013667268675078009
0.0004882481514480198
0.001289764566301252
0.0026679488099793365
0.004583553044688388
0.006919259618209094
0.00961823743511503
0.012723215924730542
0.016341718803727538
0.020616319183517674
0.025718336349056122
0.03185252092194009
0.03926505900390063
0.048253441772667015
0.05917840458913327
0.0724784045711972
0.08868721741762169
0.10845535970103112
0.13257619638183463
0.16201778132995764
0.1979617087258702
0.2418505345838007
0.29544567158925145
0.36089808077561264
0.4408345971428953
0.5384633537685897
0.6577025354540966
0.803337629237631
0.9812134827922057
1.198468878685448
1.4638230387899853
1.7879255572724666
2.183783806200724
2.667284967056832
3.257833639113667
3.9791306141378944
4.860124072382699
5.9361713747052915
7.250458077607241
8.855731121246487
10.816415751721024
13.21120112051382
16.136198380303917
19.70879793913095
24.072380761398197
29.40207274776902
35.91177315143936
43.86273910572911
53.574070793112966
65.43551805241358
79.92312241165793
97.61832230191631
119.2312882275131
9.6
1.878403834804119e-7
2.483637442015762e-6
0.000019935972824618094
0.00010433407893679224
0.0003787115012177885
0.0010104013845490748
0.0021013571795282498
0.0036187612552474003
0.00546719094974438
0.0076011838837372865
0.0100552958778171
0.012915070529218522
0.016293344179898184
0.02032553451331566
0.02517346007797158
0.0310316849870788
0.03813532037436159
0.04676946007047919
0.057280622417911285
0.07009065726886622
0.08571367630107019
0.10477668612436032
0.12804475225761552
0.1564517038946958
0.19113761174810515
0.23349454309090215
0.2852224303026719
0.34839729512657186
0.42555456670962294
0.5197908372781764
0.6348881392561355
0.7754657315059005
0.94716548640586
1.1568783179988764
1.413020738568476
1.7258726428291562
2.1079898761964375
2.5747081449499607
3.1447584919737888
3.8410190392765218
4.691433167358015
5.730130981185409
6.99879907114086
8.548353543468878
10.440983456362437
12.752646697331041
15.576118427845545
19.02471448233021
23.236839129295625
28.381539720923517
34.665291155266274
42.34028244200996
51.714537929777464
63.16427940719314
77.14902520175916
94.2300322664032
9.8
1.3021743656261543e-7
1.796009973835427e-6
0.000014884864131978201
0.00007973172588971478
0.00029404499225235795
0.000792297706109475
0.001656559075311251
0.002859442366271987
0.004323351610062272
0.006011932760019144
0.007953144862397656
0.01021508013558913
0.012887102167153084
0.01607633384402665
0.019910765346240828
0.024544285774083765
0.030162854570879517
0.03699196463058507
0.04530569211849135
0.05543769611017723
0.06779460950176516
0.08287235861567192
0.10127606646532954
0.12374433846672517
0.1511789052666492
0.18468081235995365
0.22559460891158808
0.27556230923538344
0.3365892925935684
0.4111247861087158
0.5021601608474492
0.6133489860449061
0.7491536596667056
0.9150245001078402
1.1176184866072374
1.365066427198853
1.6672992765872787
2.0364467002299804
2.4873238804022564
3.0380261014815804
3.7106549772462762
4.532205466242127
5.535649274249862
6.7612581246166155
8.258220003913125
10.086613248540944
12.319817699335363
15.0474596922177
18.379009077764234
22.448172630937464
27.41826017216657
33.48873876635559
40.90323803409215
49.95932786536585
61.020460942828336
74.53055937538507
10
9.037231782996745e-8
1.3001816128752608e-6
0.000011125323422472068
0.00006099275119400702
0.00022852759985852374
0.000621837142360084
0.0013070196439606942
0.0022612605119705074
0.003421473271777408
0.004758597555257552
0.006295264218860648
0.008085701163348818
0.010200729157138938
0.01272515151543964
0.01576027894676604
0.019427921710791846
0.023875275189136902
0.029280827292609952
0.035861521807274796
0.04388146511040256
0.0536625256867216
0.0655972518409626
0.08016462603865553
0.09794928815666809
0.11966499913169297
0.14618328669408384
0.17856842283587643
0.2181201367824238
0.26642577768970455
0.325424020540045
0.3974826719758996
0.4854936986944701
0.5929892923305374
0.7242836281804643
0.8846460092664729
1.080512340905936
1.3197434267246142
1.6119404501899932
1.9688303038283004
2.4047362305913182
2.937152665889539
3.5874473507127185
4.3817188941014376
5.351844201969262
6.536757809261327
7.984014459553137
9.751697643882647
11.910750695193801
14.547823993385855
17.768752549501944
21.70280353536794
26.507864230985216
32.37677859363088
39.545086763818894
48.30047811803192
58.99433725365933
10.2
6.278689916428893e-8
9.42227270185772e-7
8.323823478952321e-6
0.00004670356335421819
0.00017777322656169943
0.0004884752735296677
0.0010320718612138729
0.0017895868366195756
0.0027097397607396935
0.003769308135403286
0.0049866164214281495
0.006404871513588455
0.008080234831197608
0.010079888512276253
0.01248408355018583
0.015389308695818981
0.018912160834947747
0.023194024393491552
0.028406745590674055
0.03475952923125522
0.04250733482889953
0.05196110902678666
0.06350026497731091
0.07758790952618558
0.09478942931397696
0.1157951817283107
0.14144820136991
0.17277803399086092
0.21104205578062182
0.257775936287792
0.3148552702308971
0.38457085170020533
0.46972061176808994
0.5737219092871594
0.7007486815001795
0.855898958796306
1.0453994665760502
1.2768555255949794
1.5595562801998704
1.9048475043026931
2.3265869471264127
2.8417004933393075
3.470861458236813
4.2393202804746695
5.1779179108307405
6.324323567852063
7.724546535857136
9.434782679068595
11.523669778334982
14.075042209572828
17.191295504853407
20.997495851081567
25.64639943328569
31.32458307538502
38.25993222431234
46.730786793190404
10.4
4.366689302503179e-8
6.835123931829166e-7
6.233883442730001e-6
0.0000357956469215337
0.0001384143491336251
0.0003840351836945832
0.0008155974103306369
0.0014173395033867837
0.002147584741029203
0.0029877812998086502
0.003952771106758185
0.00507699540323293
0.006405018023384784
0.007990097937993476
0.009895848561357962
0.012198754334317908
0.014991238951449591
0.018385374625518966
0.02251737993872639
0.02755308677275628
0.033694595724447204
0.041188387112294396
0.05033521309717761
0.06150216792261675
0.07513742069554916
0.09178820198629509
0.11212276611304275
0.13695721053367102
0.16728822870234894
0.20433311087767583
0.24957859825474063
0.3048405511096645
0.37233682564839277
0.4547762843636575
0.5554675121982767
0.6784516016753172
0.8286643361344027
1.0121342800395758
1.2362247264472352
1.5099292118038485
1.844232458157108
2.252551228592439
2.751272799154269
3.3604125869573416
4.10441754116277
5.013147182883163
6.1230720234059826
7.478737243794179
9.134550449027385
11.156965238224416
13.627148216620157
16.64423650120121
20.329316438459646
24.830283225467433
30.327776463337237
37.042429858749
10.6
3.0399643844809614e-8
4.963178205455567e-7
4.673090631360934e-6
0.000027460182767637584
0.00010786190611768779
0.0003021674489373423
0.000645009525840547
0.0011233130422974803
0.0017032116129962807
0.0023698888178963072
0.0031353689179598296
0.004027117656021701
0.0050805171892392
0.006337816662315347
0.00784947498603783
0.009676160302407711
0.011891183907019801
0.014583442474603548
0.017860985794622114
0.02185535318875491
0.026726852645713384
0.03267099454367933
0.03992633816831218
0.0487840659345589
0.05959966955923196
0.0728072171918843
0.08893677409398183
0.10863567601867753
0.1326945090676982
0.16207883868763862
0.19796796120151747
0.24180223311107138
0.29534087766059913
0.36073258864280333
0.44060176502498494
0.5381538372952817
0.6573039126435611
0.8028339019561416
0.9805844346952701
1.1976892638617798
1.46286156856444
1.7867436444660694
2.182334022444653
2.6655091153162442
3.255660454165336
3.9764728784378414
4.856875121666038
5.932200817172999
7.245606560636039
8.849803936917127
10.809175018610595
13.202356247451561
16.125394389123723
19.695601227723344
24.056261699549886
29.382384420643636
10.8
2.118370259604784e-8
3.6072868443176945e-7
3.5062625693537123e-6
0.00002108410211095014
0.00008412271473791693
0.00023793543722765788
0.0005104672945350879
0.0008908839667251245
0.0013516695346247063
0.0018809939340108577
0.0024886007361809032
0.0031964019791510313
0.004032505935542995
0.005030449140019202
0.00623028194047614
0.0076801578312499464
0.009438265422664313
0.011575163745487886
0.014176614032561766
0.01734702161824039
0.02121362609098845
0.02593160786485023
0.03169031611437061
0.03872086802183814
0.04730542432120967
0.057788513399145834
0.0705908584290765
0.0862262624690821
0.10532222918289048
0.12864514676524563
0.15713104579103837
0.19192316540894833
0.2344178355632481
0.28632051651354606
0.3497142451514029
0.42714323437714274
0.5217149814009018
0.6372249824932952
0.778309059581813
0.9506294120577466
1.1611018607302683
1.4181734039764757
1.7321612289521338
2.1156667589866047
2.584081428119565
3.1562043583032517
3.854996851571412
4.708503904305506
5.75097975129831
7.024262609020891
8.579453788905715
10.478968573890674
12.799041161901583
15.632784212208202
19.093925783403684
23.321373639599358
11
1.477534048578581e-8
2.6241837375831945e-7
2.6330868743864993e-6
0.000016202108989640133
0.00006566039017620025
0.00018749629159026923
0.00040426772780950687
0.0007070062856703869
0.0010733584997790343
0.0014938810378940907
0.001976470761128532
0.0025386158961118476
0.0032026585134189486
0.0039952354764242045
0.0049481552728077045
0.006099661914465995
0.007495969406123378
0.00919311647018212
0.011259215577399655
0.013777186539535425
0.016848084372488845
0.02059515498893757
0.025168781489580114
0.030752519565009566
0.03757046423000139
0.0458962435433436
0.05606400026277091
0.0684818021667936
0.08364801924767021
0.1021713250490785
0.12479512487256142
0.15242739124258395
0.18617710403204296
0.22739875771845805
0.27774672200310996
0.33924163747703945
0.414351511020904
0.5060907655950373
0.6181412195851231
0.7549998511625883
0.922159277755324
1.126328194082958
1.3757006176763436
1.6802847333348447
2.0523045772374395
2.5066906099611863
3.0616789384507253
3.73954319302433
4.567488446325678
5.578743048622374
6.813892197654263
8.322506765807551
10.165132752776874
12.415721209302573
15.164596152540613
18.522079585875296
11.2
1.0314810425025657e-8
1.9106746972010705e-7
1.9790330131206537e-6
0.000012460622909802835
0.00005128922451024381
0.00014785511667963315
0.0003203746337124346
0.0005614307836245224
0.0008528660453469322
0.00118714401489452
0.0015706657867808414
0.0020173941969559585
0.0025450974639371657
0.0031749447030268085
0.00393221362444175
0.0048472960855263595
0.0059569175585543754
0.007305611049363169
0.008947504363313917
0.010948492444192392
0.013388881969622384
0.016366614340038537
0.020001196410996885
0.02443849672291149
0.029856599717697333
0.036472952892747754
0.0445530937326516
0.054421306660559124
0.06647363771091283
0.08119378924738302
0.09917253263708149
0.12113141797988634
0.14795173244748025
0.18070986943195877
0.2207205279919653
0.2695894763429642
0.3292779969722964
0.40218159979359225
0.4912261623699813
0.5999853556528061
0.7328240679527352
0.8950735832175194
1.0932455453706034
1.335293287506939
1.6309310389741487
1.9920237796252234
2.433063429022827
2.9717504568919533
3.6297042651212066
4.433330850286399
5.414882568910169
6.613752537987581
8.078055618875252
9.866559435711542
12.05104292657147
14.719177084141766
11.4
7.207086612473591e-9
1.392339476253644e-7
1.4886591524069859e-6
9.590636431904493e-6
0.00004009308501540703
0.00011667527425888533
0.00025405295176050396
0.00044609733064938863
0.0006780607271549092
0.0009439298884297428
0.0012488940808864646
0.00160410549475579
0.0020237021237462546
0.0025245172066096153
0.0031266500312523344
0.0038542663000694804
0.0047365678087591696
0.005808964414831748
0.007114495159521299
0.008705555575657642
0.010646000504324769
0.013013706813866805
0.015903698872070396
0.01943196220769916
0.023740098416968877
0.029001008132819535
0.03542583013452421
0.04327241508804183
0.05285567399879117
0.06456021669597456
0.07885578757546348
0.0963161180918057
0.11764195261600055
0.14368917176758758
0.17550314190897381
0.21436066936877263
0.2618212431617714
0.3197896227591681
0.3905922827756205
0.4770707825621317
0.582695807962676
0.7117064621199208
0.8692803962517213
1.061741603552614
1.2968142301076002
1.5839325651411662
1.9346196755785234
2.362949866507643
2.886113532477357
3.5251070683146217
4.3055755282828585
5.258841852116065
6.423163964521239
7.845270200068705
9.582234675382601
11.703767873713714
11.6
5.039880849978159e-9
1.0154463595382919e-7
1.1206753751009732e-6
7.387252082574659e-6
0.00003136333853368585
0.00009213176269375446
0.0002015845328031091
0.00035466121484175066
0.0005393847301076403
0.0007509581178315577
0.0009935886422581023
0.0012761867536113815
0.0016100075098595308
0.0020084436413141163
0.0024874856695167023
0.003066359231795433
0.0037682965567666952
0.004621468853947451
0.005660116923308537
0.006925925358827824
0.008469695497570448
0.010353384255742774
0.012652590677294167
0.015459589988995754
0.018887036929257035
0.02307248697834904
0.02818391694291054
0.03442646645482351
0.04205067094508745
0.051362516510300465
0.06273572020906855
0.07662672863994388
0.09359303674580274
0.1143155620437112
0.13962597223559697
0.17054006295333793
0.20829852520419812
0.2544167386571703
0.3107455891502554
0.37954575123749723
0.46357841699797525
0.5662161123663212
0.6915780488327681
0.8446954399009854
1.0317134252873175
1.2601376930219992
1.5391357110213848
1.879904649376415
2.2961207621715576
2.8044882632502555
3.425409725608299
4.183804907693441
5.110110871060019
6.241503526488204
7.623389633861259
9.311229134764046
11.8
3.5272055910306834e-9
7.411575297029689e-8
8.442970391732967e-7
5.694232184284348e-6
0.000024551269109472234
0.00007279773284376384
0.00016004691958252304
0.0002821234493460814
0.00042930115598092245
0.000597754094638073
0.0007908936221834497
0.0010158414893839598
0.0012815620035508386
0.0015987161809383923
0.0019800324529441657
0.0024408143796541405
0.002999554757702588
0.0036786778003285885
0.00450543909979273
0.005513019490002887
0.006741856709873414
0.008241268311769861
0.010071430948074259
0.012305795471525107
0.015034034775826053
0.018365642683737735
0.02243432831871936
0.027403382321389395
0.03347223027641656
0.040884436361410106
0.04993747843255226
0.06099468685562855
0.07449982622906545
0.09099490521570625
0.11114192925334399
0.13574946915788944
0.16580511190838107
0.20251509598094836
0.24735272193399357
0.3021174811323972
0.3690072756555072
0.450706627822712
0.5504944197246683
0.6723754851549613
0.8212413398961811
1.0030664931816573
1.2251482268437461
1.4963994606365425
1.8277064590257606
2.2323657350805672
2.7266176864659823
3.3302983794192396
4.067635639809535
4.9682214008545955
6.068199331341876
7.411715407877221
12
2.470471194014913e-9
5.4137046488521526e-8
6.365473441704577e-7
4.392317108242985e-6
0.000019231554082391706
0.000057556532804430264
0.00012714093709214057
0.00022454186556346458
0.00034186163562186666
0.0004760493260617911
0.0006298711184917538
0.000809021001763256
0.0010206420987487455
0.0012732252001259035
0.0015769072998792484
0.0019438762264748837
0.002388859731453159
0.0029297165653099496
0.003588153211862974
0.00439059504566994
0.005369246875086154
0.0065633854342987494
0.008020935696601058
0.009800394271828643
0.011973177080702333
0.014626485526485607
0.017866806193542032
0.021824184527746704
0.026657444016958586
0.0325605603352068
0.03977044626758858
0.04857645985219693
0.05933201733419314
0.0724687770006533
0.08851396314320811
0.10811152542045963
0.13204798281808147
0.1612839894180801
0.1969928888199463
0.24060780453897515
0.29387915628579186
0.3589449104537651
0.43841638434511776
0.535483046868228
0.6540405243961009
0.7988469446601707
0.9757138977552366
1.191739675531303
1.4555941509923946
1.7778667306248683
2.1714913446872086
2.652265531038899
3.239484445887281
3.9567152461441064
4.832742922211752
5.902725540649111
12.2
1.7316352840390525e-9
3.957295143253539e-8
4.802593441494479e-7
3.39038085303211e-6
0.00001507419108081621
0.00004553344952441287
0.00010105615489571269
0.00017880506659386866
0.0002723676742724429
0.00037931151368971936
0.0005018797128794986
0.0006446261833889637
0.0008132454244972766
0.0010145030953936038
0.001256476337979013
0.001548876387795719
0.001903438285529927
0.0023343918450874747
0.0028590327459923903
0.0034984166697400207
0.0042782043382197064
0.005229691368581673
0.006391064276259225
0.007808933033895272
0.009540201693204518
0.011654352144370743
0.014236232668313397
0.017389463196029936
0.02124059394034983
0.025944184300280695
0.03168900587239159
0.038705618517807995
0.047275623538988454
0.05774296532876145
0.07052773506641796
0.08614303045209172
0.10521554811844568
0.12851073516762307
0.1569635092508899
0.19171578009656065
0.2341622783575186
0.28600653104826523
0.34932923013789907
0.42667173766669503
0.5211380802448012
0.6365195238231979
0.7774467308640185
0.9495756050152894
1.1598142824026376
1.41660037928693
1.7302396234291104
2.113319458912727
2.5812142247170193
3.1527021805796838
3.8507191448473996
4.703278989182022
12.4
1.214647583686723e-9
2.894756527291487e-8
3.6259412766566615e-7
2.618726113867384e-6
0.000011822892860508211
0.000036042670382579016
0.00008036577656859837
0.0001424553601235961
0.00021710511356166082
0.0003023759907629783
0.0004000870300649953
0.0005138814601541786
0.0006483009235835684
0.0008087390029698159
0.0010016346184121689
0.0012347293480693688
0.001517378101894437
0.00186092456682356
0.002279156468768935
0.0027888589224673546
0.003410488077073264
0.004168992093243755
0.005094812400442997
0.006225105418374113
0.0076052337745712685
0.00929058686592063
0.011348803829675689
0.013862488139461202
0.016932522772780952
0.020682118999093013
0.02526176128068397
0.030855246742528795
0.03768706159627083
0.046031390560121475
0.05622312085426948
0.06867128240106615
0.0838754636320121
0.10244586172512415
0.12512777196109484
0.1528314990392009
0.18666889080172158
0.22799796059088312
0.2784773891333661
0.34013309302141326
0.4154395322602318
0.5074190186358349
0.6197630118982602
0.7569802709638251
0.9245778062581563
1.1292818952972468
1.3793080319861681
1.6846906430565398
2.057685805029204
2.513263123356388
3.069706515496731
3.7493480085684183
12.6
8.526121090212494e-10
2.1189743706763322e-8
2.73940451843208e-7
2.0239949601334775e-6
9.27843942013454e-6
0.000028546021851105554
0.00006394442563141923
0.00011354990535479091
0.00017313570140777167
0.00024115635068701035
0.00031908701423441835
0.0004098432262796825
0.0005170487062957111
0.000645005182057313
0.0007988479806605562
0.0009847513536736041
0.0012101762562066775
0.0014841697811177788
0.0018177282506180086
0.002224238537294382
0.0027200153263034943
0.0033249558809750677
0.00406333858986491
0.004964797343717225
0.006065510847557456
0.00740965459915748
0.009051173806893796
0.011055948400321458
0.01350443702312242
0.016494906120956238
0.020147373718967722
0.024608426174083712
0.030057101162237993
0.0367120731652082
0.044840429569088035
0.05476838985700096
0.06689439793487001
0.08170511308393896
0.09979494130718386
0.12188989092884196
0.14887670985803625
0.18183847389530172
0.22209805439022257
0.2712712096021051
0.3313314309750857
0.4046891460566922
0.49428845752948575
0.6037253003675224
0.7373917593460732
0.900652338758668
1.100059258942009
1.3436154197426677
1.6410955851220816
2.0044386785923125
2.4482269343013954
2.990271133188616
12.8
5.988948972840333e-10
1.5521376126133775e-8
2.0709666011306675e-7
1.565301203296749e-6
7.285834791933569e-6
0.000022620833437485608
0.00005090376984516856
0.00009055171219693625
0.0001381333207195821
0.00019241702216473404
0.00025459912420678
0.0003270134932092681
0.00041255263926603394
0.0005146489817527038
0.0006373999950059872
0.0007857321081224267
0.0009655984096307215
0.0011842175657630484
0.0014503635308787987
0.0017747176770621306
0.0021702974750823167
0.0026529789312056793
0.0032421337470822744
0.003961406774133285
0.004839664964471793
0.005912155903046988
0.007221922417006515
0.00882153003544511
0.01077517662869957
0.013161268894275322
0.01607556909291671
0.019635038329809125
0.02398253058718932
0.02929252601078785
0.03577813335619966
0.04369964281874145
0.05337497238756041
0.06519242701046345
0.07962628263543756
0.09725582056937994
0.11878857607120312
0.1450887342442672
0.1772118127378653
0.21644702350337852
0.26436901333120905
0.32290105992661533
0.39439225983937076
0.4817118059446971
0.588364138237851
0.7186295892644238
0.8777361689969827
1.0720693831234112
1.3094285059045687
1.599339592331924
1.9534377922655202
2.385934309785767
13
4.2095787677428257e-10
1.13767133772752e-8
1.5666176901139544e-7
1.2112878049176543e-6
5.724387769539805e-6
0.000017934881306649527
0.00004054206043715883
0.00007224398859778455
0.00011025518238252408
0.00015359435736187147
0.000203231685921197
0.000261035940591257
0.0003293168907240823
0.0004108144909541636
0.0005087995192194708
0.0006272044587077225
0.0007707813153883236
0.000945292332651919
0.0011577412503709105
0.0014166543895738426
0.0017324228436412798
0.0021177195093705294
0.0025880076948311894
0.0031621617161968303
0.0038632243903350774
0.004719331823955984
0.005764842614375893
0.007041716780642125
0.008601199766460753
0.010505879099768436
0.012832196249985165
0.015673514496442737
0.019143865905292913
0.02338252787541001
0.0285596127907913
0.034882895247010326
0.04260615077176449
0.05203934072726917
0.06356105214868499
0.07763369177079736
0.09482204403410455
0.11581593788141577
0.14145793195095493
0.17277712952284882
0.21103047997072943
0.2577532245581563
0.31482051107998993
0.38452265012132314
0.4696570332704936
0.5736404023023624
0.7006459747195943
0.8557709303079988
1.0452409781557999
1.2766602165406198
1.5593163120758473
1.9045532463440282
13.2
2.960785764192553e-10
8.344053833385915e-9
1.1858174198563527e-7
9.378855998933732e-7
4.5000425527718455e-6
0.000014226831324264049
0.000032304538684045356
0.00005766276992137038
0.00008804042303559706
0.0001226557545252091
0.00016229554695419888
0.00020845657425698966
0.0002629839823396787
0.0003280658656766179
0.0004063141841488729
0.0005008693174972609
0.0006155260952283425
0.0007548860964194399
0.000924542327244377
0.001131303687950947
0.0013834682379316506
0.0016911562259847464
0.0020667162514413904
0.002525220856801237
0.0030850714417950203
0.0037687367761673205
0.00460365475030369
0.005623333554094899
0.0068686964782758006
0.008389724309759183
0.010247461236106986
0.012516464765840927
0.015287797969419438
0.018672684187301666
0.02280697078586145
0.027856581202715662
0.034024174034423836
0.04155727643706002
0.050758218260616356
0.061996265607151116
0.07572244077618308
0.09248762395802244
0.11296465904556383
0.13797536312408315
0.1685235029926817
0.2058350827625657
0.25140754713966285
0.30706987913529116
0.3750560035819517
0.45809444235156144
0.5595178195767986
0.6833966115022015
0.8347025090154976
1.0195079490539838
1.245229822825107
1.5209271416835055
13.4
2.0837587199837436e-10
6.123546933114371e-9
8.981103915351288e-8
7.266043684027422e-7
3.5394427575497446e-6
0.000011290959050267914
0.000025752339421356788
0.00004604387923369906
0.00007033020546613488
0.00009798863119470327
0.00012965721131625438
0.00016653509215287614
0.0002100968129794246
0.00026209045970957204
0.0003246027168674178
0.00040014242081095247
0.000491741245097021
0.0006030753721719906
0.000738613031467578
0.0009037938251658003
0.0011052470385032969
0.0013510576962803226
0.0016510910432951634
0.0020173884712518467
0.0024646507820899072
0.003010828182788602
0.003677840690200304
0.004492457858281949
0.005487373134306353
0.006702515961684468
0.008186654288729958
0.009999351799573078
0.01221335840443432
0.014917529967849242
0.018220394387940916
0.022254507210918373
0.027181771549225284
0.03319993582143641
0.04055053009104304
0.049528559515768095
0.06049434394044159
0.0738879791710207
0.09024699768387567
0.11022794546212293
0.1346327277302216
0.1644407940897206
0.2008484469048423
0.24531685312504337
0.2996306860293657
0.36596975043010344
0.4469964659265455
0.5459627191118107
0.6668403732209852
0.8144806729406929
0.9948089419031552
1.2150623867145234
13.6
1.4674121956659128e-10
4.496628545537383e-9
6.805989608579064e-8
5.632284745818295e-7
2.785332399591113e-6
8.965199734701964e-6
0.000020538045344482254
0.000036781133068715185
0.00005620470782057961
0.00007831284867374747
0.00010362299203397628
0.0001330960892581826
0.0001679109423612741
0.00020946465322571486
0.000259424916115216
0.0003197968117914132
0.00039300327640758557
0.0004819823424363152
0.0005903050522166804
0.0007223187764471742
0.0008833216894097617
0.0010797754033202351
0.001319564295515189
0.001612311936194086
0.0019697673160823394
0.002406276374687172
0.0029393577532196105
0.0035904058791720616
0.004385549599826188
0.0053567008246304774
0.0065428352621759115
0.007991556653570467
0.009761007271071261
0.011922201384827868
0.01456187530187432
0.01778596840499072
0.021723874871020683
0.0265336367132906
0.032408286562782385
0.03958359474525078
0.048347531572277266
0.05905182483867563
0.07212607469697947
0.08809499742032459
0.10759948171365198
0.1314223110155717
0.16051957911356532
0.19605906153135685
0.2394670825271063
0.2924857583518371
0.3572429146493031
0.43633748347668794
0.5329438076010427
0.650939038016275
0.7950587376300845
0.9710869360250529
13.8
1.0339833578540922e-10
3.303860114507744e-9
5.160542955935177e-8
4.368203101792165e-7
2.192989260127547e-6
7.121793857549109e-6
0.00001638645255228428
0.000029393380412954685
0.000044933390773298694
0.00006261157808129774
0.00008284755637401956
0.00010641159231167126
0.00013424639964163072
0.00016746898774259569
0.00020741269435184344
0.0002556806006610946
0.0003142098672303529
0.0003853494790370433
0.0004719545184912014
0.0005775007499175821
0.0007062241141804412
0.0008632907318660037
0.0010550042378418526
0.00128905876825326
0.0015748477532257668
0.0019238409082011326
0.0023500445538875204
0.0028705637390861855
0.003506288726367621
0.0042827333916529795
0.005231059185639621
0.006389325753161168
0.007804018395750997
0.009531913699200107
0.011642358168233998
0.014220051349645761
0.017368445121746984
0.02121389558130457
0.025910734157579406
0.031647461474359206
0.03865431254187414
0.04721249704690164
0.05766548452580407
0.07043279052561824
0.08602681171603425
0.10507339092124991
0.12833693424182985
0.15675108934751888
0.19145621607679064
0.23384515299352862
0.2856191169880293
0.34885597902405796
0.4260936564146198
0.5204319683534763
0.6356570425432857
0.7763932657932938
14
7.289949265056026e-11
2.4288457931441156e-9
3.915031517251839e-8
3.38958179747615e-7
1.7274562966802022e-6
5.65995786556707e-6
0.00001307942344979523
0.000023498486787240882
0.000035935713578709475
0.00005007668189052126
0.00006626167132272412
0.00008510825533949018
0.00010737060347923482
0.00013394211186434557
0.00016588918750532307
0.00020449397871759783
0.000251305831322856
0.0003082034693335526
0.00037747039474433946
0.00046188653248501285
0.0005648397985676325
0.000690462069053483
0.0008437950067481728
0.0010309924008287433
0.0012595671400132816
0.001538692731167355
0.0018795714643406157
0.0022958839999999217
0.0028043384219749758
0.0034253407915239764
0.004183814114222195
0.005110198588340226
0.006241673273627549
0.007623648224003427
0.009311586946062829
0.011373232347462374
0.013891325497126837
0.01696692631472982
0.02072346946024461
0.025311718200248478
0.030915815067089916
0.03776067224059723
0.046120997583820884
0.056332320596578236
0.06880445743132108
0.08403795873162698
0.10264419839312172
0.12536991014009288
0.15312715659488751
0.1870299335071944
0.22843887834926632
0.27901587748774875
0.3407907634806904
0.4162427794101945
0.5084000796049106
0.6209612601077318
14.2
5.14254496868626e-11
1.7865499350374655e-9
2.9716958468887023e-8
2.6315293735311325e-7
1.3613905940752076e-6
4.500136680263054e-6
0.00001044394862448902
0.00001879278394293333
0.00002875008009343315
0.00004006553083092383
0.00005301507558380615
0.00006809398372699849
0.00008590579268764694
0.00010716530336249906
0.00013272573394669328
0.00016361291426605963
0.00020106645531881102
0.00024658949921554403
0.0003020090455502803
0.00036954927530886684
0.0004519208150608903
0.0005524295239226384
0.0006751091692918186
0.0008248833160936375
0.0010077629267310224
0.001231087602114476
0.0015038201456130055
0.001836906271824943
0.0022437138965408043
0.002740569638138703
0.0033474140621064224
0.004088601966402214
0.004993879822762589
0.006099579611539224
0.0074500769472091236
0.009099572029778784
0.011114264888659426
0.013575012222361078
0.016580572461630205
0.020251569292136336
0.024735332706407636
0.030211811933803196
0.03690079713276445
0.04507074094784972
0.05504953185139609
0.067237653760161
0.08212425880174185
0.10030679870472561
0.12251500264627019
0.14964016381896642
0.18277091018903288
0.2232368949372029
0.27266216011670086
0.3330303151642413
0.40676414610781064
0.49682285048036323
14.4
3.6296747678442284e-11
1.3148035012606494e-9
2.2568174533791445e-8
2.0440105171551346e-7
1.0733906564727276e-6
3.57949283917671e-6
8.342730403668856e-6
0.00001503482467452592
0.000023009272646100862
0.00003206683728606268
0.00004243127879721426
0.00005449987768301
0.00006875578347019356
0.00008577110067945878
0.00010622871332327122
0.00013094965722725504
0.00016092607067118173
0.00019736101238073992
0.00024171674449872444
0.00029577341829864067
0.00036170051790563164
0.00044214392931264185
0.0005403321290761863
0.0006602057544142908
0.00080657575481574
0.0009853164723382627
0.0012036013995767273
0.001470191077110853
0.001795784684760598
0.0021934494372374967
0.0026791450173531393
0.0032723640944394058
0.003996914632063744
0.004881875388286898
0.005962762945272196
0.007282957115943267
0.008895441927867054
0.010864932058378888
0.013270470061741825
0.016208598624475976
0.019797235162248687
0.024180404297526582
0.02953401788371699
0.036072935346055074
0.04405958636454878
0.05381450328755597
0.0657291851830376
0.08028181006991365
0.09805642588590169
0.11976639036975946
0.14628300062821795
0.17867046133635686
0.21822859501204167
0.266545008458977
0.32555880899801554
0.39763842765659774
14.6
2.5632266194586794e-11
9.681236556808675e-10
1.714768479603643e-8
1.588418993814563e-7
8.466945754590979e-7
2.848363343178819e-6
6.66674977321448e-6
0.000012032531545565602
0.000018421004636268497
0.00002567360378020371
0.00003397177300552453
0.000043634264873891317
0.000055047978066198205
0.00006867096018168395
0.00008504994905027037
0.00010484229100503684
0.00012884232222406977
0.00015801324822988186
0.00019352580070939896
0.00023680522308664264
0.0002895884705457707
0.00035399392014183386
0.00043260638871061717
0.0005285808706423804
0.0006457691588855179
0.0007888744309247829
0.0009636400038031126
0.0011770798336032525
0.0014377600101336328
0.001756142544188486
0.0021450052447884076
0.0026199545376710855
0.0032000518050212126
0.003908578387653445
0.004773969944933397
0.005830957678658092
0.007121962217902691
0.008698796107864169
0.010624743229149212
0.01297709860226741
0.01585027050795156
0.019359569446732148
0.023645835835462453
0.02888109266596667
0.035275449153539425
0.04308553327614886
0.052624791132707016
0.06427606663554737
0.07850696638167777
0.09588862634422507
0.11711863357028429
0.1430490227929458
0.17472047157907403
0.2134040663756786
0.26065231566805364
0.31836145760052004
14.8
1.8110476822625406e-11
7.132128520774878e-10
1.3035442688054727e-8
1.2349476077261886e-7
6.681660201037798e-7
2.2674744462662264e-6
5.329394593833172e-6
9.633023377571049e-6
0.000014752514876171114
0.00002056169052650797
0.000027207677518390314
0.000034946280593512815
0.000044087418343751696
0.000054997939178965916
0.00006811572042483824
0.00008396722470201462
0.00010318862853539066
0.0001265513543516047
0.00015499303036999718
0.00018965512091462147
0.00023192873738576275
0.0002835104684451049
0.0003464704700762972
0.0004233355482119672
0.0005171905683285927
0.0006318022619322025
0.0007717703987153079
0.0009427123914682822
0.001151488742578689
0.0014064783800799884
0.0017179149334540218
0.002098297445260168
0.0025628920008752033
0.003130344411548128
0.0038234285348420125
0.004669960270204899
0.005703913908569111
0.006966785639880758
0.00850925894093836
0.010393238681368292
0.012694335583194096
0.015504900759477563
0.01893773201473783
0.023130600965276436
0.028251782149606802
0.03450680655033146
0.04214671025954832
0.05147810943899082
0.06287550590172307
0.07679631718679238
0.09379923433108019
0.1145666441005337
0.1399320155681554
0.1709133501311175
0.20875403760251407
0.2549727575632527
15
1.280237381123556e-11
5.256784011371967e-10
9.914065545055821e-9
9.605682037697506e-8
5.275037946201026e-7
1.8057506078847903e-6
4.261817881477225e-6
7.71455613045809e-6
0.00001181835572653152
0.000016472823916399205
0.000021797258783836175
0.00002799699386655177
0.000035320359164879824
0.000044061254618938296
0.00005457048293073138
0.0000672698163326108
0.00008266892366425145
0.00010138582517269503
0.0001241716958352034
0.00015194101264798875
0.00018580825579936008
0.0002271326366729019
0.00027757264777320163
0.0003391526238523068
0.00041434398557161804
0.0005061644262929713
0.0006182990227051942
0.0007552481298935305
0.0009225079963906132
0.0011267913479281264
0.0013762967926904991
0.001681037860347417
0.0020532448796658142
0.0025078558255313627
0.003063115831354885
0.003741309430817887
0.0045696549143805915
0.0055813966948014965
0.006817139522175311
0.008326478095206988
0.010169987470426379
0.012421654161190543
0.015171845430263285
0.018530936137510667
0.022633738378464253
0.02764491201303149
0.03376557303454049
0.041241365061462226
0.05037231787564014
0.06152488867543058
0.07514666928654326
0.0917843495939845
0.11210565812703555
0.13692616035103897
0.16724199016994215
0.20426982828083792
15.2
9.054474309659699e-12
3.876397179497492e-10
7.543591946689394e-9
7.474790031768535e-8
4.166252041943198e-7
1.4385896074202283e-6
3.4092659608534724e-6
6.180134595072145e-6
9.470706830325121e-6
0.000013201117389896263
0.000017468096952232937
0.00002243650183110129
0.0000283053711921063
0.00003531023456925256
0.00004373222164248808
0.00005390933632457494
0.00006625002196187633
0.00008124955360000466
0.00009950991511073717
0.00012176395891787041
0.00014890481793859586
0.0001820217501434018
0.00022244385430025815
0.0002717934113895589
0.00033205099240645933
0.000405634945658917
0.0004954984535614204
0.0006052480542183116
0.0007392883844610962
0.0009029989533898875
0.0011029500409624323
0.0013471663864655491
0.001645449248602489
0.0020097697678203618
0.0024547494040591967
0.002998246753090616
0.0036620742718924694
0.004472873689638391
0.0054631852338549655
0.006672753584078446
0.008150122965240387
0.009954585403655137
0.012158560295754144
0.014850500909751832
0.018138444268898424
0.022154347084953726
0.027059381638724574
0.03305040419021796
0.04036785550858936
0.049305410609956885
0.06022176496230328
0.07355503019555179
0.08984031705952099
0.10973121129838051
0.1340260043387653
0.16369973153050438
15.4
6.4068224902283965e-12
2.859817355517299e-10
5.742485264649737e-9
5.81910254209064e-8
3.2918465767689107e-7
1.1465036904788197e-6
2.728171923891456e-6
4.952445340256995e-6
7.5916874592700265e-6
0.00001058237222277645
0.000014002930191976695
0.000017985747884554042
0.000022690403084336804
0.000028305703887159406
0.000035057011975180565
0.000043215281047339954
0.000053107931087066244
0.00006513198887581627
0.00007977002207217359
0.00009760950634581751
0.00011936640283931511
0.0001459138922025659
0.00017831741839850813
0.00021787744870971725
0.0002661816660568132
0.0003251686882904916
0.00039720587172981656
0.00048518432148600356
0.0005926349216611636
0.0007238700421249349
0.0008841566090592025
0.0010799274852443524
0.0013190396432037298
0.0016110894935504666
0.001967798022192423
0.002403481194870731
0.0029356245071026966
0.0035855847384800676
0.004379447075238162
0.00534907200043094
0.006533373966851809
0.007979883174267042
0.00974665310565995
0.011904590452473194
0.014540300813993963
0.017759564501633927
0.021691581870794337
0.02649415858534794
0.03236003891010007
0.039524641220493845
0.048275506163602745
0.058963836675861414
0.07201859298978851
0.08796370831526844
0.10743911611672569
0.13122643289229105
15.6
4.535484182030046e-12
2.110790590242796e-10
4.3733273108854344e-9
4.5320483720324445e-8
2.6019758071073224e-7
9.14048348012216e-7
2.183853418941012e-6
3.969835223381691e-6
6.0872515248124055e-6
8.485579994900425e-6
0.00001122841181840914
0.00001442208109757247
0.000018194563589240146
0.00002269725784067015
0.000028110872744807413
0.00003465267567620786
0.00004258521215628721
0.00005222684272693898
0.00006396451987719294
0.00007826931780476066
0.00009571533827803104
0.00011700275135570358
0.00014298589566994038
0.0001747075660349598
0.00021344086446446273
0.0002607402942270619
0.00031850414751810857
0.00038905069059293266
0.00047521120393090777
0.0005804436114623405
0.0007089712596310424
0.0008659524129613745
0.0010576872775610324
0.0012918708464302604
0.0015779017284329852
0.0019272593471850554
0.002353964650613277
0.002875142820800035
0.0035117105676827957
0.004289215590118857
0.005238861894631316
0.006398762123998532
0.007815467140638004
0.009545834297727573
0.011659309302880368
0.0142407133289645
0.01739364718348416
0.021244649173264112
0.025948273528340945
0.03169329321107232
0.03871027603313604
0.047280838153412226
0.05774894632290342
0.0705347224789874
0.08615130471216571
0.1052254413012105
15.8
3.2121893106567293e-12
1.5586332827003562e-10
3.332036454441476e-9
3.531100252389507e-8
2.0574639945459648e-7
7.289772912219142e-7
1.7486879956509286e-6
3.1831178588066323e-6
4.882336694691139e-6
6.8061699117500874e-6
9.006175892120615e-6
0.000011567780669194516
0.000014593644262412375
0.00001820520206680199
0.00002254739855298186
0.000027794501312414773
0.00003415709500262587
0.00004189053284891838
0.000051305184866152616
0.00006277889409676489
0.00007677214077911783
0.00009384652303617445
0.00011468729578026735
0.00014013087239844838
0.0001711983929585382
0.00020913670614674845
0.0002554684096812651
0.00031205295750669736
0.00038116128620914485
0.00046556695567521626
0.0005686574621166549
0.0006945701885564049
0.0008483584557505574
0.0010361943265820776
0.001265616314064387
0.0015458319281092144
0.0018880872052188982
0.0023061180513970028
0.0028167015122957167
0.003440329095009571
0.004202029164110526
0.005132371419194986
0.006268693757658116
0.007656600788794231
0.009351794093731835
0.011422307732022595
0.013951238686049207
0.01704008183514257
0.0208128032991457
0.025420815638620288
0.031049054568263942
0.037923401078357774
0.04631974683169082
0.05657506666531603
0.06910094257259797
0.08440008193520157
16
2.2759897437174398e-12
1.1514099773329631e-10
2.5397363132879533e-9
2.7523153044797965e-8
1.6275053205400528e-7
5.815754370742137e-7
1.4006660844202994e-6
2.553036155509745e-6
3.917007893365487e-6
5.46063980436497e-6
7.225733473637308e-6
9.280931713131888e-6
0.00001170860857122574
0.00001460619301989359
0.00001808997528030231
0.000022299771766945982
0.000027404536394407018
0.00003360914129117103
0.00004116259903771631
0.00005036805641532079
0.00006159496075108507
0.0000752938871363536
0.00009201462158724995
0.00011242822588771026
0.00013735396965506972
0.00016779221050749145
0.0002049645419258596
0.0002503628200910235
0.00030580903730994163
0.00037352844496446716
0.0004562388609091856
0.0005572597438162938
0.0006806454171331051
0.0008313477809606578
0.0010154150502981773
0.001240234490967262
0.001514828896522272
0.0018502187046190418
0.002259864285880967
0.0027602061558711726
0.003371324790629042
0.004117746527551581
0.005029427889401189
0.0061429578527630365
0.007503026284143025
0.009164217505213956
0.01119320095252519
0.013671406856451435
0.016698294320315183
0.020395342967266555
0.024910928340436525
0.03042627673611099
0.037162738451011014
0.0453906713473858
0.055440291262267724
0.06771492472958561
