60.
300
1.
0.9807095617954472
0.926425013493368
0.846394285900484
0.7520741135522645
0.6538656771019551
0.5593589324866607
0.473078749042407
0.3970708827798164
0.33171161951363454
0.2764117029133102
0.23011617211441898
0.1916160442519342
0.15972236116414368
0.13335141063231376
0.11155746530222017
0.0935369170434341
0.07861831056711971
0.06624656309968961
0.05596582401215449
0.04740318362420918
0.040254182858719026
0.03427040411234302
0.029249088417166474
0.025024574893212276
0.021461308603214074
0.018448162945171813
0.015893845495214273
0.01372318726789381
0.01187414735198533
0.010295394390309172
0.008944352081644959
0.007785617542654089
0.0067896792368313
0.005931875720376565
0.005191548185894168
0.004551349193315893
0.003996677496191395
0.003515214867783456
0.003096545609126803
0.0027318432276450255
0.002413611809127671
0.0021354720269127214
0.0018919836665045602
0.0016784980918927504
0.0014910353209243925
0.0013261813740295097
0.0011810023630813929
0.0010529724345064773
0.0009399132040806737
0.0008399427448594161
0.0007514325340034488
0.00067297104448898
0.0006033328962699466
0.0005414526683261919
0.00048640262613471014
0.00043737374481649273
0.0003936595116614839
0.00035464207704361076
0.0003197803932357931
0.00028860003901316886
0.0002606844763733088
0.00023566752597703393
0.00021322688146459097
0.00019307851080589965
0.00017497181626139835
0.0001586854441492677
0.0001440236520812922
0.00013081315517478892
0.00011890038440930929
0.00010814910013566136
0.00009843831205981035
0.00008966046406302792
0.00008171984818772353
0.00007453121718657016
0.0000680185693431916
0.00006211408294458949
0.00005675718091794658
0.0000518937088206087
0.00004747521166164118
0.000043458296994968965
0.000039804073407031
0.00003647765496764378
0.00003344772345644789
0.0000306861412485265
0.00002816760866663054
0.00002586936040519151
0.000023770896320994566
0.000021853742482389487
0.00002010123888628157
0.000018498350701029453
0.000017031500283273287
0.000015688417555766987
0.000014458006628434397
0.00001333022680208427
0.00001229598631860367
0.000011347047417406429
0.00001047594142921261
9.675892788131565e-6
8.940750974320299e-6
8.264929514604291e-6
7.643351269477355e-6
7.0713993236388474e-6
6.544872875255938e-6
6.05994758780225e-6
5.613139928806996e-6
5.2012750731670994e-6
4.821457995720761e-6
4.471047419326611e-6
4.147632321411688e-6
3.8490107344306325e-6
3.5731706044327843e-6
3.318272497407723e-6
3.0826339656674228e-6
2.8647154065662043e-6
2.6631072636579813e-6
2.4765184362079084e-6
2.3037657770423514e-6
2.1437645712406705e-6
1.9955198993225515e-6
1.8581187985220377e-6
1.7307231446027102e-6
1.6125631845784332e-6
1.5029316577684884e-6
1.4011784489294795e-6
1.306705722851831e-6
1.2189634948609936e-6
1.1374455961872313e-6
1.0616859972207318e-6
9.912554553028973e-7
9.257584569641757e-7
8.648304274450197e-7
8.081351829645086e-7
7.55362603563097e-7
7.062265064695159e-7
6.604627018528199e-7
6.178272145405588e-7
5.780946568334677e-7
5.410567389434985e-7
5.065209048409217e-7
4.743090824323763e-7
4.4425653801704714e-7
4.162108258942212e-7
3.9003082483238164e-7
3.6558585386648233e-7
3.427548605743887e-7
3.2142567560281786e-7
3.0149432777376656e-7
2.8286441461043817e-7
2.6544652358199234e-7
2.4915769978385525e-7
2.3392095614901577e-7
2.1966482262937117e-7
2.063229310982415e-7
1.9383363300862696e-7
1.8213964709938315e-7
1.7118773467573745e-7
1.609284002035782e-7
1.5131561515085764e-7
1.4230656318592837e-7
1.3386140500339295e-7
1.2594306119450633e-7
1.1851701171270116e-7
1.115511106065193e-7
1.0501541480333913e-7
9.888202582862082e-8
9.312494343795083e-8
8.771993022369315e-8
8.264438633526831e-8
7.7877233522708e-8
7.339880777764326e-8
6.919075990496612e-8
6.523596341241785e-8
6.151842915482405e-8
5.802322621500009e-8
5.473640854483188e-8
5.1644946928076953e-8
4.873666586127879e-8
4.600018498116269e-8
4.342486469620168e-8
4.100075570696298e-8
3.87185521245358e-8
3.6569547919042765e-8
3.4545596451066955e-8
3.2639072857982153e-8
3.084283908477304e-8
2.915021136512099e-8
2.7554929973415982e-8
2.605113108205474e-8
2.463332057099096e-8
2.3296349648111254e-8
2.2035392149698384e-8
2.084592340009473e-8
1.9723700518742914e-8
1.8664744071159403e-8
1.766532096809539e-8
1.6721928524261324e-8
1.583127959454999e-8
1.4990288711750764e-8
1.4196059155337216e-8
1.3445870886074026e-8
1.273716928595492e-8
1.2067554647391892e-8
1.14347723596423e-8
1.08367037442293e-8
1.0271357494585024e-8
9.736861678369328e-9
9.231456263890724e-9
8.75348613481295e-9
8.301394559881965e-9
7.873717086766812e-9
7.469075831297393e-9
7.086174135406308e-9
6.723791568959567e-9
6.3807792524002764e-9
6.056055478743083e-9
5.748601614950934e-9
5.457458264114373e-9
5.181721671139546e-9
4.920540355845136e-9
4.673111958476898e-9
4.4386802836775625e-9
4.216532529904735e-9
4.0059966921773374e-9
3.806439126855762e-9
3.6172622679262408e-9
3.437902484972862e-9
3.2678280736822865e-9
3.1065373703416624e-9
2.95355698236306e-9
2.8084401274002274e-9
2.6707650741191543e-9
2.5401336781448323e-9
2.416170007136796e-9
2.2985190493446287e-9
2.18684550036811e-9
2.0808326231927834e-9
1.980181176894872e-9
1.8846084097109553e-9
1.79384711244816e-9
1.7076447284721853e-9
1.6257625167547447e-9
1.5479747646893015e-9
1.474068047596178e-9
1.403840532036325e-9
1.3371013202377722e-9
1.273669833110932e-9
1.2133752294905887e-9
1.156055859392035e-9
1.1015587492097467e-9
1.0497391169178698e-9
1.0004599154544088e-9
9.535914025854705e-10
9.090107356529538e-10
8.666015897090589e-10
8.262537976345728e-10
7.878630109252809e-10
7.513303799126635e-10
7.165622522615749e-10
6.834698886591738e-10
6.519691946763781e-10
6.219804678457676e-10
5.934281590586497e-10
5.662406474388595e-10
5.403500279024103e-10
5.156919106602429e-10
4.922052319665076e-10
4.698320754571522e-10
4.485175034631324e-10
4.282093977198187e-10
4.0885830892894937e-10
3.9041731466211597e-10
3.728418851254294e-10
3.560897563337039e-10
3.401208102694064e-10
3.248969616269728e-10
3.103820507666384e-10
2.9654174252442876e-10
2.83343430545524e-10
2.7075614682812715e-10
2.5875047618313303e-10
2.472984753323262e-10
2.3637359638398677e-10
2.2595061444005188e-10
2.1600555910333708e-10
2.065156496667344e-10
1.9745923377895482e-10
1.8881572939331783e-10
1.8056556981720928e-10
1.7269015169034797e-10
1.6517178572991348e-10
1.5799365008983175e-10
1.5113974619026964e-10
1.445948568816243e-10
1.3834450681499496e-10
1.3237492489843827e-10
1.266730087251096e-10
1.2122629086589183e-10
1.16022906925129e-10
1.1105156526383087e-10
1.0630151830007618e-10
