60.
300
1.0000497750897286
0.9984701706675613
0.9937577416409609
0.9859905541012571
0.9752951796078807
0.9618416692638964
0.9458370461513022
0.927517769048047
0.9071416561858563
0.8849797454931139
0.8613085147841906
0.8364028034764154
0.8105296801140063
0.7839434000626355
0.7568815056197786
0.7295620435749862
0.7021818166292931
0.6749155457359843
0.6479157988235069
0.6213135345988056
0.5952191146928751
0.5697236497724503
0.5449005622522445
0.520807267332822
0.4974868933369255
0.4749699804075816
0.45327611277033736
0.4324154535626229
0.4123901626053743
0.3931956865432207
0.3748219177358547
0.3572542234290328
0.3404743503696753
0.32446121244537807
0.3091915703869728
0.2946406133014
0.2807824519921866
0.2675905338317074
0.25503798849652004
0.24309791325980504
0.2317436058253707
0.2209487519386708
0.21068757425957285
0.2009349482549027
0.1916664901829386
0.18285862160678393
0.17448861429401968
0.16653461883756301
0.15897567986624958
0.15179174030076106
0.14496363674746837
0.13847308780556217
0.13230267678707291
0.12643583011083978
0.12085679242595132
0.1155505993438236
0.11050304850726303
0.10570066959635134
0.10113069376183711
0.096781022884301
0.092640198979379
0.08869737400373826
0.08494228026151009
0.08136520156497859
0.0779569452651214
0.07470881523597209
0.07161258587069864
0.06866047712593377
0.06584513063348865
0.06315958688453373
0.06059726348007061
0.05815193443261929
0.055817710497093685
0.05358902050352153
0.051460593660297434
0.049427442793799785
0.04748484848826781
0.045628344088636585
0.043853701528447205
0.04215691794484572
0.040534203042980804
0.03898196717270332
0.037496810081307855
0.036075510307074024
0.034715015179512074
0.033412431393465586
0.03216501612552966
0.030970168662590062
0.029825422513649086
0.028728437977466593
0.02767699513989165
0.026668987276083116
0.02570241463410957
0.024775378577671058
0.023886076066894933
0.023032794457323095
0.02221390659832197
0.021427866213216535
0.020673203544464117
0.019948521248154785
0.019252490523043037
0.018583847460188686
0.017941389600109634
0.01732397268513142
0.016730507595353973
0.016159957457354032
0.015611334915396267
0.015083699555544778
0.014576155473648081
0.014087848978719598
0.013617966423747591
0.01316573215645571
0.012730406582986785
0.012311284337912324
0.011907692554368354
0.01151898922849706
0.011144561672724864
0.010783825052740456
0.010436221003346688
0.010101216318651317
0.009778301712336937
0.009466990644005113
0.009166818207832063
0.008877340079998002
0.008598131521564824
0.008328786433675016
0.008068916462130876
0.007818150148588837
0.007576132125766157
0.007342522354212859
0.007116995398344586
0.0068992397395684505
0.0066889571244608675
0.00648586194607529
0.006289680656570385
0.006100151209453831
0.005917022529835865
0.005740054011179411
0.005569015037120605
0.00540368452701542
0.005243850503945033
0.005089309683984475
0.004939867085607389
0.004795335658163193
0.004655535928423188
0.0045202956642482845
0.004389449554484393
0.004262838904241185
0.004140311344756945
0.004021720557096532
0.0039069260089709176
0.003795792704006005
0.003688190942825389
0.003583996095346081
0.0034830883837195315
0.003385352675380484
0.003290678285695619
0.0031989587897312747
0.003110091842685131
0.003023979008551331
0.0029405255966112676
0.002859640505364071
0.0027812360735310713
0.002705227937787974
0.0026315348968965206
0.0025600787819246955
0.0024907843322606545
0.00242357907714096
0.0023583932224281183
0.002295159542386084
0.002233813276215326
0.002174292029121272
0.002116535677701431
0.002060486279447545
0.0020060879861692536
0.0019532869611556284
0.0019020312999001874
0.0018522709542237634
0.001803957659637658
0.001757044865797684
0.0017114876699068698
0.0016672427529316413
0.0016242683185031487
0.0015825240343813984
0.0015419709763661164
0.0015025715745437414
0.0014642895617653984
0.0014270899242557695
0.0013909388542575746
0.0013558037046210402
0.0013216529452519364
0.001288456121336033
0.001256183813261634
0.0012248075981655575
0.001194300013031559
0.0011646345192733731
0.0011357854687379
0.0011077280710669575
0.0010804383623588898
0.0010538931750741793
0.0010280701091316062
0.0010029475041440983
0.0009785044127457268
0.0009547205749634775
0.0009315763935895728
0.0009090529105121886
0.0008871317839641941
0.000865795266651519
0.0008450261847243287
0.0008248079175559936
0.0008051243782962695
0.0007859599951666865
0.0007672996934675781
0.0007491288782674308
0.0007314334177466817
0.0007141996271691767
0.0006974142534557884
0.0006810644603357271
0.0006651378140521958
0.0006496222696000387
0.0006345061574739932
0.0006197781709070977
0.0006054273535796684
0.000591443087780114
0.0005778150829996445
0.0005645333649437211
0.0005515882649437974
0.0005389704097535951
0.0005266707117148665
0.0005146803592781788
0.0005029908078648879
0.0004915937710570569
0.0004804812121025996
0.0004696453357234984
0.000459078580215387
0.0004487736098273744
0.00043872330741131246
0.0004289207673302832
0.0004193592886164106
0.00041003236836854797
0.0004009336953807708
0.00039205714399295993
0.00038339676815513394
0.00037494679569750617
0.00036670162279858336
0.0003586558086439181
0.0003508040702684248
0.00034314127757546255
0.00033566244852614144
0.0003283627444925894
0.0003212374657691455
0.0003142820472356886
0.00030749205416755643
0.0003008631781866945
0.0002943912333489136
0.00028807215236232176
0.00028190198293218235
0.0002758768842276554
0.000269993123466026
0.0002642470726102178
0.00025863520517554545
0.0002531540931417982
0.0002478004039669246
0.00024257089769870604
0.00023746242418096073
0.00023247192035094055
0.00022759640762470978
0.00022283298936743508
0.00021817884844559646
0.00021363124485827037
0.00020918751344473798
0.0002048450616657639
0.00020060136745598885
0.000196453977144997
0.0001924005034446802
0.0001884386235006248
0.00018456607700533326
0.00018078066437115928
0.00017708024496093002
0.0001734627353742847
0.00016992610778785437
0.00016646838834744415
0.00016308765561048096
0.00015978203903702217
0.000156549717527704
0.0001533889180070524
0.00015029791405064786
0.00014727502455467255
0.00014431861244644888
0.00014142708343458548
0.00013859888479745278
0.00013583250420869195
0.00013312646859856388
0.00013047934304994636
0.00012788972972785148
0.0001253562668413696
0.00012287762763697855
0.00012045251942220183
0.00011807968261863236
0.00011575788984336899
0.0001134859450179512
