4  16  60
-1  10  55
4
0.0013788672966903663
0.005495387363714717
0.01765784054237574
0.047031904586023444
0.10629406499686865
0.2082392440965429
0.3612274714270162
0.5671300901782602
0.8237941716731099
1.1300229455378632
1.4894288919078469
1.911562634668043
2.4112824766508014
3.0079689481382395
3.725407076976056
4.592362364470096
5.64362552972051
6.921387214324007
8.476928470722415
10.372678631171043
12.684720806030379
15.505845365911329
18.949273945040467
23.15320342300305
28.286352250740606
34.55473171441286
42.20991389168257
51.559128122492226
62.97759120122316
76.92356614417736
93.95675389347369
114.76075608104873
140.17051036249413
171.2057993968328
209.11217830530205
255.4109631718216
311.9602867991447
381.02967210257765
465.3911160334473
568.4303395497038
694.2826684864227
847.9989987012954
1035.7485062604876
1265.0662381355833
1545.1555200959613
1887.2573184866785
2305.1013796782245
2815.457253099079
3438.8073116181904
4200.168782126021
5130.097773653858
6265.915601833494
7653.206624236537
9347.647700701309
11417.242701215071
13945.051739981536
4.2
0.0008876723345748816
0.003695708788583567
0.01228175869498494
0.03354919059681361
0.07721629261064691
0.15316838187248247
0.2678067253606533
0.4223791193714817
0.6149562938105225
0.8444022954729973
1.1133668178325522
1.4290634982527677
1.8026887037537938
2.2487828406352213
2.7851466678051433
3.4332900567152764
4.219223549494166
5.174489302442615
6.337425480047472
7.754704794381146
9.483207640724851
11.592304907491156
14.16664207353803
17.30953632845435
21.147123054133246
25.833418080555422
31.55649888183988
38.54605278563797
47.082595132084386
57.50872733938763
70.24288670166919
85.79613974678519
104.79269313061592
127.99494524188232
156.33408392644094
190.9474583251676
233.22422468848393
284.86109809434475
347.93044758188694
424.9634675975519
519.0517637158474
633.9714296264153
774.3345950325619
945.774526610537
1155.1717107809936
1410.9299917880755
1723.3138474768273
2104.860338854152
2570.882266246674
3140.0827259875477
3835.305731100575
4684.453021874527
5721.603860646373
6988.382752259767
8535.629981598362
10425.442012710739
4.4
0.0005748338010741327
0.002499867342839391
0.008591317900037374
0.02406573921970712
0.0564004266220814
0.1132636325051513
0.199580147906146
0.3161714867410651
0.4613463209595661
0.6340747739439573
0.8363169625555921
1.0735511478156572
1.3542531906713264
1.689381804621527
2.0923217972020978
2.579234991061258
3.1696619978687552
3.887298671926679
4.760946290950055
5.8256674014489445
7.124193000069993
8.708637478521974
10.642590157087747
13.003667347329031
15.886627367188435
19.4071735250229
23.70659769963066
28.957450879434635
35.370468239528456
43.2030266842167
52.769474285864675
64.45374617678905
78.72477321423997
96.15530182220681
117.44488031646324
143.44793423476392
175.20805743376513
213.99989517479906
261.38030011379396
319.2508142648374
389.93398455796785
476.26657480249276
581.7134149792093
710.5064570333772
867.8146179656741
1059.9512266207284
1294.6273997412572
1581.261516163829
1931.357209404996
2358.9650489200067
2881.2464387362543
3519.1623648814566
4298.314633346412
5249.9733604539315
6412.331952423521
7832.03994085882
4.6
0.0003742539499162257
0.0016999373868131797
0.00604107122965908
0.01735099453504718
0.041401047457980344
0.084160903875596
0.14943557181932526
0.23775584805530106
0.34766187457452064
0.47824713290650916
0.6309733538713465
0.8100210844931227
1.0218330474151067
1.2747023263281028
1.5787360508653527
1.9461305196297563
2.3916300664173025
2.9331141261189457
3.5923143545743006
4.395686771551201
5.375473532973289
6.570996921839853
8.030237489515926
9.811759683724379
11.987062245462619
14.643447704540765
17.88752613663942
21.8494937999637
26.688358368250945
32.598320467043884
39.816567626648606
48.632793450556896
59.4008240369563
72.55281826239907
88.61661183493555
108.23690119443633
132.20111744440672
161.47102872702854
197.22133935570227
240.88683482381137
294.21996478444487
359.36117500824355
438.92481098779075
536.1040408018201
654.7990081621879
799.7733588753633
976.8454228845676
1193.1217232245674
1457.2821878592858
1779.9285035587925
2174.0095998589873
2655.3413348689246
3243.2412411789724
3961.3038062918627
4838.347402232404
5909.570868011115
4.8
0.0002448661701946572
0.0011615857029427625
0.004268058826275272
0.01256801057908225
0.0305285673920965
0.0628118007248857
0.11236879222519944
0.17953299582836027
0.26305869560360845
0.362164050937762
0.4779474563580024
0.6136129320605123
0.7740757355942539
0.9656349329032144
1.1959520648614639
1.4742672325685477
1.8117499337347513
2.2219445215478224
2.7213135447906556
3.329898435766877
4.07212384303633
4.9777778783222555
6.083207618030344
7.4327778390414725
9.080651532983811
11.092963657275183
13.550475363174039
16.551815224340412
20.21743754782097
24.694456628339225
30.162550961471272
36.84117437258337
44.99836346940506
54.961494892224906
67.13042408796757
81.99353291326658
100.14733011319589
122.32039131169414
149.4025993095552
182.48085820581542
222.8827146756263
272.2296370796613
332.5020906827907
406.1190206790586
496.0349329557525
605.858468788754
739.9972323544035
903.8346830250285
1103.9461931703925
1348.3629402659853
1646.8942265778571
2011.5211607959013
2456.8775022167843
3000.8369644408112
3665.2305506982557
4476.722708454558
5
0.00016093752510086467
0.0007972628561384623
0.003028589046660879
0.009142365416338475
0.02260488017424761
0.04706730193809258
0.08482631612773787
0.13608240202241226
0.1997817756910198
0.27525999576611543
0.3633483698763928
0.46651195946098273
0.5885130641215243
0.7341522645160921
0.9092576987093853
1.12085498747687
1.3774361286932102
1.6892986183949292
2.0689585931840018
2.5316531409246332
3.0959518184470367
3.7845019130671256
4.624937357747513
5.650987777851002
6.903832179441368
8.433751607392606
10.302147100261577
12.58400392955305
15.370901021970228
18.774686343297976
22.93196574997614
28.00958546179182
34.21132818651503
41.78609163548402
51.0378776627042
62.33799292667195
76.13995073032608
92.99767210228813
113.5877165926891
138.73643498347897
169.45313364681925
206.97058155371437
252.79448562136199
308.7639200186517
377.1251346699168
460.6217051516605
562.6046420343254
687.1668785986682
839.3075348281146
1025.132549439001
1252.0997327433925
1529.3180747214988
1867.9133208822682
2281.474487277516
2786.5992356463066
3403.5599957582117
5.2
0.00010621847017147465
0.0005494566872433633
0.0021577202741461282
0.006676570293758707
0.016801700937079733
0.03539980164697896
0.06426384635283543
0.10350568367170007
0.1522398939242074
0.20990801521225497
0.2771434559315006
0.3558492834059253
0.4489138623947408
0.5600069923956281
0.6935764233188731
0.8549815925565749
1.0507001781473908
1.2885870512024868
1.5781894471590083
1.9311301270295242
2.361573839554876
2.8867958023093405
3.5278750168392574
4.310540243004089
5.266202584452359
6.433216126507416
7.858417220274785
9.599004189863356
11.724832901980204
14.321220327137889
17.492368609237094
21.365547063495963
26.09619994093751
31.87418495198176
38.931392923003365
47.551054389417224
58.07910663155469
70.93807735239149
86.64404219786334
105.82733668460205
129.25785377747587
157.87594239754745
192.83014692606474
235.52330232330695
287.668834821161
351.35952773418956
429.15151220841136
524.1668537080119
640.2188515277572
781.9650798201964
955.0943124314441
1166.5548333561565
1424.833295811591
1740.2953213492158
2125.6015087234528
2596.215548139024
5.4
0.00007037561141428602
0.00038011398806999736
0.0015429900787995309
0.004893515848680133
0.012532307716834255
0.026715233113105624
0.04884598998831384
0.07897827596718042
0.11637210959711243
0.1605620886648502
0.21203387052750214
0.27226119069562893
0.34346747299049757
0.4284659883186457
0.530661090115083
0.6541535286100725
0.8038994465504283
0.9859086719871425
1.2074858741912484
1.4775237242974335
1.8068597893967595
2.208711482159472
2.6992065220163997
3.2980301971539627
4.0292154042737
4.922107173103166
6.012540385480664
7.344277954986247
8.970767186334603
10.957284803373232
13.383556733205895
16.34695778759671
19.966419656066037
24.387204052187766
29.7867325762051
36.38170726681739
44.43680761488562
54.2753130806857
66.29207743410187
80.96937562215228
98.89625915668049
120.79219681948445
147.53594947082425
180.20083780829341
220.09781849504412
268.8280974538693
328.34739188474873
401.0444200542635
489.83676896478516
598.2879873474149
730.7506033939062
892.5408069939833
1090.1518071020687
1331.5144270118653
1626.3153961378846
1986.3861125020298
5.6
0.00004679544825389036
0.0002638906884224338
0.0011072028170847153
0.0035987001738608695
0.00937824385771252
0.020224660111759243
0.03723971786779374
0.06043982697431841
0.08920921640915425
0.12316263422470447
0.16267462703361696
0.20888962092722752
0.26352338859678803
0.328738174194171
0.40714681712554035
0.501895715213155
0.6167874513340592
0.7564330335746886
0.9264369294695077
1.1336219922848019
1.386303286066765
1.6946217983596201
2.0709514336441543
2.5303956215598133
3.0913934705915342
3.7764597942181033
4.6130887094367115
5.634857072216059
6.882772034629346
8.406916805845768
10.268460667166254
12.542113910070928
15.319126222535875
18.710948859411626
22.85370757261308
27.913665815513443
34.09389747911873
41.642436960354594
50.862233653322846
62.12331037221424
75.87761366608015
92.6771520207378
113.19614989753954
138.25810672837733
168.8688468393485
206.25688671272798
251.92273966693872
307.6991367247198
375.8245805442099
459.03318439054635
560.6644017013085
684.7970500785731
836.4130085610245
1021.5971579223303
1247.7815882996767
1524.0438750802005
5.8
0.00003122028073304622
0.00018380528196828977
0.0007970445444727017
0.00265475337163642
0.0070391936870159285
0.015355622001799182
0.028470854845329737
0.046378203502213486
0.0685670592244996
0.09472023315721503
0.1251281401417459
0.16068170051674327
0.20270792231768173
0.25287265833610445
0.3131863237894887
0.3860692690295769
0.47444652996132236
0.5818649960393917
0.7126357474753724
0.8720070736914263
1.0663751055988004
1.303540514790965
1.5930215818852564
1.9464361985344556
2.3779681342332215
2.904936280771937
3.548489720181983
4.334456511653383
5.294380262247567
6.466786082596649
7.898726734865128
9.647671025314514
11.783810229280517
14.392875113511588
17.579576612860105
21.47180824776279
26.225778940280524
32.032282226627274
39.1243534717
47.7866223965146
58.36673626831308
71.28931220607012
87.07297855640958
106.35118927018198
129.8976466337201
158.65735265824205
193.78453532868878
236.68897182552988
289.09256783307706
353.09846366061976
431.2754406476624
526.7610153786707
643.3873592402025
785.8350969142994
959.8211562807833
1172.3282088124897
6
0.000020894169260440194
0.00012841634350331825
0.0005754868574030038
0.001964101759363294
0.005298392257860634
0.01169035967795438
0.021823439004157917
0.03567740340126137
0.0528300765652225
0.07302145428052746
0.0964778338927181
0.12389434734256012
0.1562994464954605
0.19497939996454583
0.24148471742545016
0.29768167156353276
0.3658256365810268
0.4486514688972146
0.549483259982636
0.6723677436577413
0.8222367057287695
1.005104913869797
1.228311511367498
1.500814562710106
1.8335505721713596
2.23987340412716
2.736090220520067
3.342115944525217
4.082272516350324
4.986265018087958
6.090373842964544
7.438910754912457
9.08599727524236
11.09773676932801
13.554867406763533
16.556002467600067
20.221588039528886
24.698736942295444
30.16713288170373
36.84624178764268
45.00411975244967
54.96817106310473
67.13828808486151
82.00290034598233
100.1585769296997
122.33396888622246
149.41905255784803
182.50084745449826
222.90704216343553
272.25927915410267
332.5382369732433
406.1631218858083
496.08875900395293
605.9241799067089
740.0774656931635
903.9326587667593
6.2
0.000014024304379214263
0.00008997566470597497
0.00041667839700918613
0.0014570745265400757
0.003998555898462566
0.00892240876905614
0.01676854585370833
0.027509558972411557
0.04079723501079679
0.05641921796907145
0.07455264257838172
0.09574098387924243
0.12078282646605344
0.15067339834164536
0.18661111598678506
0.2300381968101356
0.28269751827223427
0.34670248376195273
0.42462183728021735
0.519582756076887
0.6353963552534612
0.7767106411945125
0.9491970523829607
1.1597780741399806
1.4169050622691757
1.7308974256390997
2.114356780292661
2.5826726965486744
3.154640336497189
3.8532147698428596
4.706432241456439
5.748535364324275
7.021347395839189
8.57595075197197
10.474737123986863
12.793911476083972
15.626550418186412
19.086337697110693
23.312126724497087
28.473513251766324
34.777641843114985
42.47751931421074
51.88216878407215
63.369031857888736
77.39911668392477
94.53549982921811
115.46592451931157
141.03040218872465
172.25492508929966
210.39264296177356
256.9741563291297
313.86894489936617
383.3603962911807
468.23744645581223
571.9065094398985
698.5281887479398
6.4
9.439011600084693e-6
0.00006321127048525594
0.0003024842640879511
0.0010836830273253783
0.0030250056071821465
0.0068258633466989176
0.012913560643841821
0.021257655535337597
0.03157152659582118
0.04368225988782384
0.05772907949230828
0.07413767550348133
0.09352923521670727
0.11667528208790888
0.14450397353870653
0.1781321189492016
0.21890933179736993
0.2684721447739542
0.32880968759010465
0.40234351769829935
0.4920248058954479
0.6014527771696756
0.7350191602357877
0.8980844430290815
1.0971930079095296
1.3403357807039078
1.6372709346156753
1.9999155199811407
2.4428237373440918
2.983771048622376
3.6444675688122503
4.451429369132267
5.43704266006423
6.6408635636961755
8.11120563979276
9.90707887858893
12.100557978896212
14.779674958837425
18.051952189835355
22.048717646914625
26.930375561463183
32.89284400625538
40.175417775627395
49.07037212579493
59.93469280713342
73.20440315580211
89.41206324120638
109.20814337152805
133.38712975114845
162.91941000166233
198.99021822130797
243.04720260650762
296.85852462583614
362.5838215793782
442.86088041104665
540.9115013635993
6.6
6.3692599043194775e-6
0.00004452029913979376
0.00022012602437985793
0.0008078994242488834
0.002293750704277565
0.005233457250459581
0.009965767160363724
0.01645983729508082
0.02448015253439547
0.03388627549496865
0.044788041603910964
0.0575194429340316
0.07256446689542446
0.09052229328803325
0.11211313065789245
0.13820346277752651
0.16984038514362124
0.20829359851571505
0.2551063653647883
0.3121574463950779
0.38173650180820634
0.46663598340686985
0.5702632054897788
0.6967770923385823
0.851255090453357
1.0398969443077892
1.270273513862725
1.5516306197614282
1.895260110576586
2.314953044338503
2.827553172120965
3.4536329369133223
4.2183191179917605
5.1523012567982205
6.293063335996742
7.686388143312889
9.388194695559484
11.466782465126272
14.005572477622634
17.106455290546414
20.893880219118287
25.519849924272737
31.17002081316171
38.07115408264344
46.50021644235315
56.79549576122854
69.37017774751351
84.72892854202104
103.48814874236614
126.40071172327964
154.38617908746866
188.56770590748627
230.31711687051558
281.3099624318077
343.59276453175937
419.6651507082724
6.8
4.308274285928241e-6
0.000031430511018767404
0.00016056231383893723
0.0006036494886098348
0.0017430204207620726
0.004020831406529604
0.007706041712306153
0.012769009053726408
0.019016498747345446
0.02633469874972197
0.03481055082954859
0.04470650274303508
0.056400219430213686
0.07035782094779643
0.08713914900438821
0.10741767771549882
0.13200725501220806
0.16189474696151884
0.19827964355750377
0.24262219845642413
0.2967020340836336
0.3626895641302992
0.4432330998749612
0.5415651362143037
0.661632083034248
0.8082526484944587
0.9873112307059133
1.2059940792902664
1.4730777048095829
1.799281110949237
2.1976959857756633
2.684312117145335
3.2786591190351775
4.00459022352488
4.891239594754613
5.974191585228928
7.296908860827896
8.912476710196671
10.885733543773883
13.29587308686567
16.239622701910218
19.83512539716524
24.226681320459825
29.59053903078749
36.141968971852556
44.14390303081839
53.917486918167434
65.85496887267973
80.43544196053178
98.24407176225344
119.99558112194933
146.56293448549164
179.01237302712804
218.64620665341786
267.0550802716102
326.1818119549469
7
2.920854591399418e-6
0.000022239033700046373
0.00011737127194986031
0.0004519894944230086
0.0013272098239771254
0.0030951732939625424
0.005969733326036062
0.009923357267684155
0.01479770256138207
0.02050070708008753
0.02710139848541403
0.03480629404659654
0.043910512546942206
0.0547772379862566
0.06784237845312316
0.0836302721302361
0.10277454227858732
0.1260435156744945
0.15437105792329348
0.18889405276002952
0.23099802918597956
0.28237276761240226
0.34508011668113003
0.4216367424905272
0.515115131243254
0.6292668989048674
0.7686733567251357
0.9389293753459397
1.1468679266044814
1.4008343146837907
1.7110211024742144
2.0898771749095526
2.5526073564304874
3.1177826339773085
3.808085475902974
4.651220159071636
5.681024638765519
6.938828584643515
8.475112085502902
10.351531592490417
12.643394408977231
15.442681037065125
18.861736678103007
23.037780040078996
28.138410406197348
34.36833398257654
41.97757947708199
51.27153262928138
62.62319241245523
76.48814079208408
93.42282683004818
114.10689893794098
139.37048155698278
170.2274909638582
207.91632729237423
253.94957587874686
7.2
1.984513438251042e-6
0.000015768766354719168
0.00008597520085290438
0.00033910649031108664
0.0010125278181782637
0.0023869678484959946
0.004632689722317888
0.007724720107054053
0.011533451137287418
0.015984534426624147
0.02113292253362848
0.027141329790936777
0.03424067835715864
0.04271437068632974
0.052902348011113313
0.0652134825088979
0.08014186304221296
0.09828661793661941
0.12037595991658544
0.14729641183660078
0.18012838595637543
0.22018954467835652
0.26908768296617847
0.32878525480220666
0.40167813335694247
0.49069176579100215
0.5993985817216025
0.7321613673678903
0.8943083594798978
1.0923470861872175
1.3342255369539933
1.629651143302377
1.990480372124757
2.431194567331121
2.9694811370276057
3.626943411308468
4.4299676597421165
5.410782065043086
6.608750153153542
8.071950589805722
9.859106746167685
12.0419434739251
14.708065675423716
17.964474195995884
21.941860143601783
26.79984998186688
32.733411900559986
39.98068057362734
48.83251433980526
59.64416836902757
72.84955230019033
88.97864455644489
108.67876224437423
132.74054025818646
162.12966223620919
198.02561683562627
7.4
1.351093534345844e-6
0.000011203339337479476
0.00006310000036854291
0.0002548946465837426
0.0007738526386040006
0.0018439767320512733
0.0036009915880119143
0.006022635558197451
0.009002922568883041
0.012481894034273333
0.016503402520044334
0.021195800995191562
0.026740005830653182
0.03335747519008938
0.04131370157887372
0.05092799198196064
0.06258620152476141
0.07675621508984942
0.09400672507585901
0.11503005501911406
0.14066994496818871
0.1719554137346086
0.21014205703056765
0.2567624389338487
0.31368759906576754
0.38320214398013447
0.46809593644615277
0.5717760624381543
0.6984035694579309
0.8530604639811153
1.0419536702223244
1.272664135797058
1.5544510817681985
1.898623607698634
2.318994565525669
2.8324349178094383
3.459550828694283
4.225510661649985
5.161055074227773
6.303730748627806
7.699397271870179
9.404067642050148
11.486156266627479
14.029224672813012
17.13533512506826
20.929146742134947
25.562918505181994
31.222619945336767
38.13539475395223
46.57867685649719
56.89132481011981
69.48722138736302
84.87188414506404
103.66275361890396
126.61397338008604
154.64665646482484
7.6
9.216325003618598e-7
7.974799846386267e-6
0.00004639655774596251
0.00019193695727193498
0.0005924489748518343
0.0014268229552880103
0.002803375064004646
0.004702521362623297
0.007037664869218679
0.009760511162787878
0.012906129574633282
0.016575877723659177
0.020911662008498505
0.026086765954751515
0.03230882609372969
0.039827552927548034
0.04894469930494417
0.060026168321977526
0.0735166982399519
0.08995771139289237
0.11000904336696926
0.13447542451938763
0.164338776632967
0.20079762088532246
0.24531517871220454
0.29967809602086076
0.3660681475637802
0.44714979922100007
0.5461771423705146
0.6671244920012269
0.8148458899289407
0.9952699145374934
1.2156376154461317
1.484793122255795
1.8135385905238437
2.215067730195504
2.705495315506823
3.3045039274747565
4.036133884949103
4.92974806705374
6.0212103486087365
7.3543249433568985
8.982594420868761
10.971366952517354
13.400458963053167
16.36735844397906
19.991137488955232
24.41723107500786
29.823273878813826
36.426229379993934
44.491097367359025
54.341549310914864
66.37291843443899
81.06806582586053
99.01675934815961
120.93934309452315
7.8
6.298373888747737e-7
5.686862208598766e-6
0.00003417443415112549
0.0001447736872667318
0.0004543032645268837
0.001105738372296267
0.002185613694826979
0.003676878114478102
0.0055088286109975845
0.00764260788362161
0.010106314159006247
0.012980067503866224
0.01637529975276341
0.02042777014619087
0.02530008030611332
0.03118777155649388
0.03832713758740797
0.047004706225441346
0.05756873876914552
0.07044320693692593
0.08614480834207984
0.10530370338099744
0.12868880578293035
0.157238641817922
0.192099016651493
0.23466899952870027
0.2866570733355592
0.35014970201675905
0.42769506769894333
0.5224053381870157
0.6380815691861109
0.7793662540130033
0.9519296431539634
1.1626973113263708
1.4201281051094654
1.734553626158586
2.1185928746563194
2.587658694098142
3.160576342820049
3.86033901771556
4.715030651961637
5.758953021866449
7.034002397594558
8.591350987595225
10.493500659007696
12.816791357046013
15.65446489504935
19.120407075845453
23.353718328897983
28.524296297770885
34.83965443508854
42.55325023402501
51.97465737944864
63.48199002090941
77.53707782229463
94.70400080783428
8
4.3117928750084495e-7
4.062257777628078e-6
0.000025213790232171966
0.00010937466659846759
0.00034890473255835743
0.0008581578293999686
0.001706335948454377
0.0028787155793486884
0.004317607774480731
0.005991778155729938
0.007923777054224942
0.01017699560301022
0.01283902767565669
0.016016360999687063
0.019836488113858408
0.024452723165122467
0.030050331856471504
0.03685396587911619
0.045136678955651474
0.05523088544405728
0.06754170129423456
0.08256320277239287
0.10089825547682706
0.12328270945132734
0.1506149314311449
0.18399185945418842
0.22475302683622117
0.2745343223467254
0.33533364416840783
0.40959108256677745
0.5002868492804083
0.6110608838819394
0.7463589373339421
0.9116109955851295
1.1134492039724566
1.359974038500524
1.661079406386347
2.028849723295838
2.478044903375742
3.0266927264339203
3.6968123560428694
4.515298045888404
5.514998500602202
6.736035209618303
8.227412663420214
10.048985075810412
12.273858543672654
14.99132505133289
18.31044607141556
22.36442958400144
27.31597618401803
33.36380882051743
40.75064825326267
49.77295428564212
60.79282373820049
74.25252266545482
8.2
2.956715485342209e-7
2.9064858333836943e-6
0.000018632067055452805
0.00008275717064702632
0.00026834936253575253
0.0006669326737186485
0.0013338994922460598
0.0022566216981731854
0.0033880558088431544
0.004703116247489759
0.006219927374364738
0.007988687523619694
0.010078320872811786
0.01257244959083625
0.015571155455349749
0.019194786472599736
0.023588771668525913
0.028929457097324057
0.035431183217650146
0.04335488712780439
0.05301857488773726
0.06481008421878164
0.0792026497931311
0.09677389580302877
0.1182290180477656
0.14442908591698939
0.17642560012886588
0.21550269314633363
0.26322866592103306
0.32151892931762754
0.3927128762772864
0.4796677698703901
0.5858734152961667
0.715592218018865
0.8740302490653561
1.0675461829352004
1.303906493535119
1.5925971500468286
1.9452043221777882
2.375879373833372
2.9019068070391927
3.544397949697388
4.329138227302245
5.287622022604044
6.458316655773131
7.888206213026226
9.634677182978661
11.76782157793015
14.373249972428145
17.555527355873014
21.442369694460933
26.18976961780395
31.988256954427726
39.07054536102088
47.72087193894135
58.28640466711762
8.4
2.0307169114029309e-7
2.0827712569203603e-6
0.000013789148519270783
0.00006270822693795841
0.0002066788566403602
0.0005189993612080602
0.0010440468249009762
0.0017710506802238468
0.002661667867877993
0.0036957664270291226
0.004887932158385981
0.006277948098508565
0.007920099410843259
0.009880123209461297
0.01223667140901097
0.015084320203804206
0.018537355733049522
0.02273436043694657
0.02784377485093013
0.03407065771579211
0.04166491570498837
0.05093133305688436
0.06224180363636404
0.07605025634155622
0.09291087286435232
0.11350032894738196
0.13864495175766955
0.16935388329754397
0.20685958081594155
0.25266727964570335
0.3086154035826523
0.37694934728755425
0.46041159185803576
0.562351770224526
0.6868610996811172
0.8389365768008101
1.0246815244536351
1.2515505395836466
1.5286486723591517
1.8670968438059685
2.28047816741639
2.78538308718718
3.4020752103901506
4.155304557282349
5.075300866322185
6.198986819717568
7.571459880307224
9.247802211092436
11.295291315844834
13.796100121495103
16.85059486654584
20.581363149978092
25.1381338026865
30.70378603087115
37.50168900077964
45.80466642765051
8.6
1.396837291957402e-7
1.494708772957356e-6
0.000010219674729121647
0.00004758212951457721
0.0001593912964167514
0.0004043838575529781
0.0008181410315399136
0.0013915195396585966
0.002093281687047387
0.0029072819159466096
0.003845271529293062
0.004938802845543636
0.006230669825498077
0.007772602718042165
0.009626477671710548
0.011866696978402128
0.014583168501651646
0.017884913781860988
0.021904443450325904
0.026803075346152012
0.03277740876762143
0.04006721469222805
0.04896505862794313
0.05982804229437306
0.07309213536862555
0.08928967247909775
0.10907071766339764
0.13322915372088573
0.16273454351645014
0.19877104194304887
0.2427849202152981
0.29654260981146285
0.36220159557108694
0.4423970031370393
0.5403473558001165
0.6599837451397039
0.8061075995318533
0.9845833823289731
1.20257395336569
1.4688280396745168
1.7940313526205343
2.191235443018545
2.6763815056943745
3.2689401556065714
3.9926928519906513
4.876686331820585
5.956398357353575
7.275161563300337
8.885902547607301
10.853266001633244
13.256209128780535
16.191170473936737
19.775940341267567
24.1543881325299
29.502236331359203
36.03411286354399
8.8
9.62208916264459e-8
1.074198059136198e-6
7.584582892623401e-6
0.00003615232376169565
0.0001230777472941478
0.00031545476681081423
0.0006418339256112267
0.0010944841873082028
0.0016479667054078973
0.002289340873892006
0.00302808362639252
0.0038892369375472893
0.004906565069784702
0.0061208156392596426
0.007580716167869472
0.009344857455785983
0.011484040685430389
0.014084118790991605
0.017249442036328024
0.021107045957467575
0.02581174974476383
0.03155236968051987
0.03855929699941943
0.04711374429777865
0.05755903158241867
0.07031436490790988
0.08589166058759179
0.10491609019280314
0.12815117088279968
0.15652940802959295
0.19118971993265033
0.23352314660924445
0.2852286771146494
0.34838143593847776
0.42551596503670674
0.5197279438997496
0.6347984300400751
0.7753456061063743
0.9470101237687946
1.1566814828761327
1.412774531275081
1.7255671822026728
2.107612903029017
2.574244529984749
3.1441896287143756
3.8403220972428915
4.690580175819222
5.729087706595255
6.997523643228396
8.546794773656941
10.439078788175163
12.750319688507187
15.57327568738145
19.02124192107025
23.232597381161444
28.376358549341177
9
6.63731682187052e-8
7.730328924431277e-7
5.636311988593996e-6
0.00002750273842317714
0.00009515157965754036
0.00024636136996020414
0.0005040576350958301
0.0008617256850710377
0.0012986564458504417
0.0018044837920417785
0.002386857003627738
0.003065664080111902
0.0038675667671682853
0.004824691605638847
0.005975448341946859
0.007366020802441284
0.009052217541594226
0.01110171155518988
0.013596756234245532
0.016637486482420673
0.02034593748132802
0.02487094239079352
0.030394105546188013
0.03713709087809244
0.0453705180641328
0.05542482344676159
0.06770352160403395
0.08269939980652308
0.10101429530050603
0.12338324915014141
0.15070400601614872
0.18407304380124012
0.22482957915836943
0.2746093149573196
0.33541008678421075
0.40967204309844585
0.5003755769583291
0.6111609396593656
0.7464743368005402
0.9117463701266911
1.1136099866444007
1.360166682076787
1.6613116423293393
2.0291308730908835
2.4783862484269665
3.0271079671580488
3.697318157508161
4.51591470768366
5.515750771530605
6.7369532809980495
8.228533380609164
10.050353417126688
12.27552942547868
14.99336553198232
18.31293804256153
22.36747305787543
9.2
4.5844751222619517e-8
5.570218514782808e-7
4.193749253621443e-6
0.000020947834030760997
0.00007364627887500282
0.00019260960123093746
0.00039625896361059895
0.0006791207833103602
0.0010243417545337842
0.0014236222045666933
0.0018831408074046142
0.0024187021074337707
0.0030513759220522313
0.0038065142130347526
0.004714421335794527
0.005811534740777322
0.007141885440591513
0.008758865080002775
0.010727368729532533
0.013126399352518022
0.01605223847144657
0.019622310283466175
0.023979894305753563
0.029299875685650255
0.03579576395567511
0.04372826192067458
0.05341572857687426
0.06524695597625296
0.07969677281653366
0.09734510098429018
0.11890022985638217
0.14522724243963436
0.17738273418942352
0.2166572178952576
0.264626916490318
0.3232170224122601
0.3947789623355465
0.48218476818031253
0.588942341837708
0.7193362395898707
0.8785996263974412
1.0731243011854092
1.3107172221744108
1.6009138280677575
1.955360725973578
2.3882831160879032
2.9170556934816263
3.5628999583320144
4.351735908700605
5.315222301116206
6.49202722739802
7.929380001392862
9.684966636725397
11.829244989562048
14.44827247905361
17.647159874457003
9.4
3.170563923784919e-8
4.0186813186446915e-7
3.1241437475429306e-6
0.00001597362244217958
0.00005706401048180366
0.00015074125424171557
0.00031181655968601197
0.0005357028351470311
0.0008086885781519241
0.0011241316535169985
0.001487026063975525
0.0019099386456271617
0.0024095326331403637
0.0030058309706746207
0.00372276389039226
0.00458910439685662
0.005639621776205992
0.006916476979493979
0.008470914689362674
0.010365319949111891
0.012675721893534529
0.015494845065022427
0.018935830775051208
0.02313677786229463
0.028266285083905968
0.034530217575575305
0.042179968942360466
0.051522550566752166
0.0629329130533108
0.07686899431314505
0.09389009822011359
0.11467934143915043
0.14007106929661936
0.17108434098784375
0.20896382800077568
0.2552297671531442
0.31173897303386433
0.3807593584922088
0.4650609539436313
0.568027078416576
0.6937901240247274
0.8473974033724642
1.0350137159313846
1.2641687633659509
1.5440593415098212
1.885918442864102
2.3034660732393033
2.813459885135151
3.4363677209826946
4.197189059408169
5.126458332032046
6.261470377766627
7.647777215235835
9.3410162056146
11.409142974800776
13.935158711805412
9.6
2.1953847812925945e-8
2.902751656178591e-7
2.3300171416011486e-6
0.000012194047138532366
0.00004426191274043609
0.00011809067792215842
0.00024559615384714786
0.00042294277938002036
0.0006389780293831785
0.0008883884875535063
0.001175212865973298
0.0015094490739326857
0.001904284860696149
0.0023755471701762056
0.0029421485478078042
0.003626828677423507
0.004457066176524355
0.005466181391112252
0.006694673657987045
0.008191846685348697
0.010017787283724967
0.012245776860633311
0.014965232460785714
0.0182852953860972
0.022339211419261235
0.027289678445002203
0.03333537608727631
0.04071893942040109
0.049736696766342306
0.06075056239090581
0.07420256139391036
0.09063256972851712
0.110699981318866
0.13521017185353854
0.16514682133980763
0.2017113926362631
0.2463713503759491
0.300919055474707
0.3675436988681326
0.44891916143059435
0.5483113262033528
0.669709149748381
0.8179847529809618
0.9990889566298834
1.2202901078625703
1.4904657859922528
1.8204590894944148
2.223513808323331
2.715805943566955
3.3170929072056707
4.051506456239985
4.9485211851961495
6.044137444728513
7.382326162378474
9.016793549996297
11.01313652290027
9.8
1.5219164973559117e-8
2.0990869431541477e-7
1.73966873264825e-6
9.31864673406217e-6
0.000034366513155752946
0.00009259980702856472
0.0001936103683279426
0.0003341973721295896
0.0005052917883282173
0.0007026447371407095
0.0009295239325437152
0.0011938876536469198
0.00150618027117055
0.0018789217742326229
0.0023270710171640683
0.002868613791013628
0.003525284108683478
0.004323436455748567
0.005295103488395287
0.006479281616399512
0.00792349606597615
0.009685708233961353
0.011836641882193957
0.014462621530438778
0.01766903696241052
0.02158457288786762
0.026366373511891913
0.032206349283581535
0.03933887893616963
0.04805021592864076
0.058689976802080664
0.07168517251907378
0.08755734591297004
0.1069435030330471
0.1306216784339483
0.15954216043422473
0.1948656295232472
0.23800974054467028
0.2907060181630321
0.3550693490283385
0.4336828596031691
0.529701586097787
0.6469790971507918
0.7902221510701993
0.9651795945703838
1.1788730841757586
1.4398788899534187
1.7586720913425617
2.148046978873936
2.623630534002196
3.204509594592708
3.913996877035079
4.780566597118267
5.838997240477243
7.131767345189339
8.710760314807766
10
1.0562266086660615e-8
1.5195874672607158e-7
1.3002723523081075e-6
7.128528767854232e-6
0.00002670916687555873
0.0000726772259236878
0.00015275794171816078
0.0002642848583747507
0.00039988474316774374
0.0005561611651095245
0.0007357591059083252
0.0009450164523299604
0.0011922103828118395
0.0014872522861704986
0.0018419828530782541
0.0022706386595757857
0.0027904231682357975
0.003422197156478663
0.004191315932758067
0.005128646934126695
0.00627180854486686
0.007666679854350088
0.009369241945868842
0.011447824614349565
0.013985848680643575
0.01708517396212569
0.020870187264826617
0.025492794462673555
0.03113851701356943
0.03803393758697072
0.04645579362195055
0.05674208377233422
0.0693056329917301
0.08465066058665655
0.10339301643181373
0.12628489706374008
0.1542450340314756
0.18839556580579891
0.23010707313760684
0.28105358527516144
0.3432797646358769
0.41928296628847295
0.5121134655805069
0.6254968763986556
0.76398367313514
0.9331318172032373
1.139729817543698
1.3920691773249845
1.7002771610787875
2.0767232374074904
2.5365155090784
3.0981070544579605
3.7840365141263286
4.6218326457599295
5.645119149820142
6.894964106726942
10.2
7.338219840474654e-9
1.101228272194418e-7
9.72847001761127e-7
5.458479711349037e-6
0.000020777248687608966
0.00005709055537871596
0.0001206234152277238
0.00020915799005094521
0.00031670087772216004
0.0004405379483975377
0.0005828108737271989
0.0007485694602264726
0.0009443775746726696
0.0011780871305176496
0.0014590774638895073
0.0017986256990865832
0.0022103590989917135
0.0027108019706375062
0.0033200388436344756
0.004062520532873086
0.004968045435576218
0.006072955445621119
0.007421594481240662
0.009068088162408226
0.011078516061750684
0.013533563709949157
0.016531760789398796
0.02019343547628275
0.024665543632783043
0.030127566661866514
0.0367987147261526
0.0449467244214503
0.05489860398643445
0.06705375729146686
0.08190001331831671
0.10003320444996498
0.12218107931683318
0.14923250990343578
0.18227316510334546
0.2226290824233437
0.27191988652471866
0.3321237904478267
0.40565698824729696
0.49547062534344083
0.6051692383499399
0.7391554177848219
0.902806499486071
1.1026903759803133
1.3468290889981174
1.645020782560815
2.0092329361111347
2.454082662236789
2.9974233424974774
3.661061146162276
4.471630188473315
5.4616614512127795
10.4
5.103568818229304e-9
7.988552184653816e-8
7.285852267198169e-7
4.183616804437215e-6
0.000016177179260931837
0.00004488411821475616
0.00009532296033074543
0.00016565157704677641
0.00025099900083431044
0.0003491969870320526
0.00046198018609853043
0.000593373918666022
0.0007485865835612537
0.0009338428238429056
0.0011565774583209899
0.0014257296072375904
0.0017521012913692873
0.0021487909523692198
0.0026317191392029988
0.003220267455685391
0.003938056412292823
0.004813893400177637
0.005882928832935806
0.007188066856129179
0.008781687241273624
0.010727747569996657
0.013104350076386634
0.016006876163839473
0.0195518143956957
0.023881435590329323
0.029169502648610884
0.03562824426925181
0.043516872431668394
0.053151985482870444
0.0649202743407794
0.07929404175843255
0.09685015749231098
0.11829321011022827
0.14448378460550132
0.17647300069364308
0.21554469793904335
0.26326696074113726
0.3215550522487846
0.3927482746562611
0.47970386553638855
0.5859116568950801
0.7156341403202967
0.874077534558697
1.0676007293093808
1.3039704900284457
1.5926731649962877
1.9452954063406864
2.375989182737682
2.9020397477020983
3.5445593574928704
4.329334580094503
10.6
3.5529588588478197e-9
5.8007153186186336e-8
5.461675420163649e-7
3.209409298606512e-6
0.000012606361996523277
0.00003531582541025985
0.00007538549861227018
0.00013128722972100083
0.00019906288441339198
0.00027698079336106133
0.0003664462922556074
0.0004706694402285809
0.0005937855274616324
0.0007407324234152604
0.0009174075140919513
0.0011309013895549602
0.001389782308645308
0.001704440071638765
0.0020875029994008518
0.002554344752249219
0.003123701328919381
0.0038184230079772253
0.004666391409736169
0.0057016384835837765
0.0069657123295880545
0.008509344669645837
0.010394486889638723
0.012696796366033191
0.015508672862068305
0.018942966854703255
0.023137508620485553
0.028260639848510936
0.03451796978349393
0.04216062704670089
0.0514953383092607
0.0628967383105601
0.07682240526581077
0.09383122508606152
0.11460582143279581
0.13997995180167822
0.17097196913990997
0.20882569192269157
0.2550603236535479
0.31153142033338105
0.3805053674667382
0.4647503310413307
0.567647357249787
0.6933260650498612
0.8468303822491354
1.0343209761684278
1.2633225025682726
1.543025596829707
1.8846557262227317
2.301923707383221
2.811575969524736
3.434066647436137
10.8
2.47584557852234e-9
4.2160170741974084e-8
4.097944936732797e-7
2.464204770239191e-6
9.831843625675932e-6
0.000027808708018011016
0.00005966087318421602
0.00010412207780920932
0.00015797639840111212
0.00021984119601532596
0.00029085525070251107
0.00037357953225502615
0.00047129919548350645
0.0005879338234110997
0.000728164301086499
0.0008976185689276732
0.0011030974216935678
0.0013528474472297837
0.001656891990991419
0.0020274334280950797
0.0024793428874704195
0.003030757082482011
0.003703806200922484
0.004525502067155178
0.005528822221458156
0.006754033424513201
0.008250307703920087
0.010077695800280556
0.012309537214293462
0.015035403578433599
0.01836469348105906
0.022431023015891813
0.02739758826742235
0.03346371493067266
0.04087285797554174
0.049922372325302625
0.06097544676591484
0.07447567998449617
0.09096488374270412
0.1111048276846356
0.1357037984775815
0.16574903919148673
0.20244637123960862
0.24726858617439795
0.30201455809453853
0.36888143467780377
0.4505528184653271
0.5503064688561508
0.6721458500875976
0.8209608043765083
1.0027237983109651
1.2247296190790602
1.4958881397783335
1.8270819039448951
2.2316028802393295
2.7256859158059488
11
1.7268681547540122e-9
3.0670151615221934e-8
3.077420704079969e-7
1.8936217463807043e-6
7.674059148287235e-6
0.00002191363206778165
0.00004724879713063829
0.00008263137090543849
0.0001254487917680211
0.0001745973701121769
0.000231000051706339
0.00029670077331654253
0.0003743107647973008
0.00046694320998001037
0.0005783157263692208
0.0007128980834648439
0.0008760915438055548
0.00107444563396522
0.0013159210000491374
0.0016102088963782033
0.0019691201295461967
0.0024070590675615163
0.0029416017377149875
0.0035942012142700453
0.004391048605650023
0.005364124195586639
0.006552480924215443
0.00800381171965329
0.009776363582688023
0.011941275243437546
0.0145854322083675
0.017814953780745286
0.021759452000889776
0.026577233432447948
0.032461652560623035
0.03964887178669631
0.048427339454177765
0.05914936629459793
0.07224526489046151
0.08824061963722335
0.10777738028430528
0.13163962563398166
0.16078503161576083
0.196383304987571
0.2398631301726475
0.2929695049888838
0.35783377472606764
0.43705917028262686
0.5338252849573644
0.652015682717374
0.7963737591953151
0.972693110891347
1.1880500524847155
1.451087614209271
1.7723624170096315
2.1647683467895615
11.2
1.2055436328142374e-9
2.2331013568621083e-8
2.3129951494875337e-7
1.4563355011708475e-6
5.994428932042204e-6
0.000017280569118331086
0.000037443790421020594
0.00006561723178375983
0.00009967873264223326
0.00013874747566056786
0.00018357158886205102
0.00023578297892087513
0.00029745830665942475
0.0003710717127660384
0.0004595775300251682
0.000566527807248299
0.0006962148345927256
0.0008538434078254231
0.0010457397150606257
0.001279605228903477
0.0015648257935811224
0.001912848311830275
0.002337640149298652
0.0028562496939718864
0.0034894905678369602
0.004262776950617228
0.005207143540055943
0.0063604910832769776
0.007769107466867673
0.009489525412290862
0.011590791332492991
0.014157236406896812
0.017291861087737996
0.02112046886987244
0.025796715226731715
0.03150827434408971
0.03848437114391177
0.04700498088553119
0.057412065555769116
0.07012329800401802
0.08564882462115153
0.1046117393035288
0.12777309053847988
0.15606242425823127
0.19061509117260422
0.2328178109910116
0.2843643270433007
0.3473233820106765
0.4242217438334226
0.518145613782175
0.6328644865395301
0.7729824332821026
0.9441228791977639
1.1531542912942772
1.4084658341031169
1.7203040562917764
11.4
8.423283626937484e-10
1.627296984771599e-8
1.7398706216264922e-7
1.1209057858268838e-6
4.68587995014786e-6
0.000013636424538486295
0.000029692442785905716
0.000052137632629196905
0.00007924835829263041
0.00011032182075384088
0.00014596451560750052
0.000187479855264559
0.00023652021796502178
0.0002950529887562753
0.0003654272722327141
0.00045046743524689573
0.0005535864381364332
0.0006789228085621823
0.0008315067351542993
0.001017461946647308
0.0012442514786105687
0.0015209771912729417
0.0018587450591339152
0.002271110892716222
0.0027746243808343183
0.0033894932877186193
0.00414039446156163
0.005057464203056724
0.006177507740981019
0.007545476355252156
0.009216271429624029
0.011256947836990588
0.013749405086880297
0.016793674240342192
0.020511932507642824
0.02505340664878763
0.03060036196723379
0.03737541725653412
0.045650479274354304
0.05575765531512934
0.06810258184218683
0.0831807041028855
0.10159716016582951
0.12409106683641724
0.15156518381143452
0.18512214379434952
0.22610870541569195
0.27616980330692364
0.3373145651049064
0.41199694478966487
0.5032142084869472
0.6146272252773647
0.7507073907207725
0.9169160796647972
1.119923830399487
1.3678780567657691
11.6
5.89036154662868e-10
1.18680309454426e-8
1.3097895232537194e-7
8.633852048831467e-7
3.6655906909688405e-6
0.000010767901233156373
0.000023560195484059656
0.00004145103513694207
0.00006304059892762151
0.00008776824198974517
0.0001161256883989527
0.00014915434716719438
0.0001881696533738704
0.00023473688258758785
0.00029072492726836145
0.00035838078408532124
0.00044041972012826437
0.0005401342459584568
0.0006615262556181923
0.0008094676366929717
0.0009898957962619142
0.00121005194989406
0.0014787717370558285
0.0018068398263467067
0.0022074227421137065
0.002696597283305757
0.003293995741875847
0.004023593815569536
0.00491467283687773
0.0060029949357168965
0.007332238299267623
0.008955750131010182
0.010938687661278155
0.013360633135730573
0.0163187877302847
0.019931872575605226
0.02434489345293928
0.029734960385251353
0.036318395684355735
0.04435941572478518
0.05418073487478783
0.06617651715672239
0.08082819547915865
0.09872379300052153
0.12058152302309513
0.14727861295503297
0.1798865107551629
0.21971388585631532
0.2683591506725737
0.32777461046310935
0.4003448162719652
0.48898226526487426
0.5972442894960813
0.7294758241304998
0.8909837849531433
1.0882500535206197
11.8
4.1224220966554915e-10
8.662279809602227e-9
9.867722990912348e-8
6.655134772884426e-7
2.869429968448451e-6
8.508236186308105e-6
0.00001870548627690974
0.00003297318263858567
0.00005017457944713564
0.00006986251933736103
0.00009243570469733332
0.00011872649026143574
0.00014978257958953497
0.00018684997912626002
0.00023141632449405464
0.0002852702195218641
0.0003505730101110426
0.0004299455265412871
0.0005265732665924323
0.0006443342407562709
0.0007879546104128831
0.0009631983652809771
0.0011770986525667512
0.0014382400418546197
0.0017571030540253323
0.0021464847813590657
0.0026220124797910658
0.0032027707455460136
0.003912067447010356
0.004778369151323908
0.0058364435876689345
0.007128754998337099
0.008707168377841861
0.010635030997291144
0.012989714752777536
0.015865721371296968
0.019378475096763957
0.023668955070300205
0.028909353318149304
0.03530998542226054
0.04312773122318613
0.052676344309788424
0.0643390440786692
0.07858389554327956
0.09598259468866695
0.11723341237669375
0.14318921853781497
0.17489171081033764
0.21361322152718876
0.26090778086523664
0.31867348556040725
0.3892286761703089
0.47540498022952804
0.5806609554044994
0.7092208935607863
0.866244356417761
12
2.887363601729265e-10
6.327268171139767e-9
7.439648099471488e-8
5.133521320272063e-7
2.2476881898769657e-6
6.726920688808694e-6
0.000014859599048916529
0.000026243334116302177
0.000039955084111628455
0.00005563827257037286
0.00007361619701211591
0.00009455434247462317
0.00011928756155745342
0.00014880821555638023
0.00018430106580489972
0.00022719056494922767
0.000279198019185362
0.00034241067026212664
0.00041936546382165854
0.0005131508659365365
0.0006275308140965425
0.000767095777235759
0.0009374469873716351
0.001145421236710975
0.0013993652621261967
0.0017094707290134675
0.0020881832586173775
0.002550701914497143
0.0031155891943274827
0.003805516008101984
0.004648171541354616
0.005677374519399059
0.00693443047152101
0.00846978946690192
0.010345070853028613
0.012635536256512973
0.015433110096340522
0.01885006883365592
0.02302354702034948
0.02812104099011132
0.03434713107451757
0.041951692129866436
0.05123992190747234
0.06258458963683322
0.07644099671237953
0.09336524938855391
0.11403657735030663
0.13928459357073386
0.1701225895953548
0.20778820247602794
0.2537930855178445
0.30998357620990047
0.37861479624143995
0.4624411574521187
0.5648269060539672
0.6898811416363779
12.2
2.0238490141951014e-10
4.625089329360256e-9
5.613031850146374e-8
3.9625081623136045e-7
1.7617963228110366e-6
5.321722638842182e-6
0.000011810939713990208
0.000020897845007813403
0.00003183297627137427
0.00004433203920765555
0.00005865719944135688
0.00007534069545713197
0.00009504807194898735
0.00011857006544248258
0.00014685069202603217
0.00018102495250840248
0.00022246437995681768
0.0002728320840983061
0.0003341494977528836
0.0004088775040308877
0.0005000152002120956
0.000611220262049705
0.00074695573914357
0.0009126691727891639
0.001115011224937535
0.0013621025926112604
0.001663859919995046
0.0020323937881756337
0.002482494755294324
0.0030322269535733807
0.003703653066370305
0.004523719781128619
0.005525339254561109
0.006748709993061115
0.00824293015990336
0.010067968056968319
0.012297068863186275
0.015019694220819316
0.018345112645259135
0.02240678485420136
0.02736772001492984
0.03342701787441391
0.04082785933970242
0.04986726613975471
0.06090802143410139
0.0743932294911855
0.09086409906006879
0.11098166396975363
0.13555331274001922
0.16556519190582644
0.20222178356348022
0.24699424544085402
0.3016794536511707
0.3684721176005468
0.45005286142378326
0.5496958068178227
12.4
1.419619557014869e-10
3.383247152615531e-9
4.237819444966573e-8
3.0606365629345467e-7
1.3818007914958968e-6
4.212487675383753e-6
9.392751417261691e-6
0.000016649472484787168
0.000025374163607570242
0.000035340198739454625
0.000046760178015119816
0.000060059903845359555
0.00007577018077594153
0.00009452138386114556
0.00011706606199018968
0.00014430901223375604
0.00017734358984169518
0.0002174955884054607
0.00026637644861077865
0.0003259479310100196
0.00039860084836162356
0.0004872510173399922
0.000595456280498902
0.0007275592949833253
0.0008888618186092719
0.001085837488020565
0.0013263916284616865
0.0016201785222289982
0.0019789888689260497
0.002417222987634397
0.00295246875228209
0.003606207454779791
0.004404675924691002
0.00537991950532642
0.006571078145882777
0.008025957225053679
0.00980294614873281
0.011973361721825731
0.014624310342141315
0.017862183885915248
0.02181692958743368
0.02664726527771225
0.032547049293116526
0.039753060667652315
0.048554501953864224
0.059304605889909816
0.07243481189290626
0.08847208123305529
0.10806004584161844
0.13198483951047543
0.1612066482207137
0.1968982457565121
0.24049206125657177
0.29373766759669556
0.3587719979212568
0.43820510825560366
12.6
9.964905383012206e-11
2.4765516334334895e-9
3.2016794675023136e-8
2.3655444322244544e-7
1.0844177551007193e-6
3.336316758792083e-6
7.473505764768259e-6
0.000013271146998010578
0.000020235237861334414
0.000028185152329905233
0.000037293299874006374
0.000047900433603197996
0.00006043007578862825
0.00007538499093253549
0.00009336537047111548
0.00011509283015479769
0.00014143936923099605
0.00017346236682167505
0.00021244701826050782
0.00025995791449445136
0.00031790183461119314
0.00038860427157950175
0.00047490276244876696
0.0005802607686719991
0.0007089066769756354
0.0008660034993657977
0.0010578560829312262
0.00129216414548861
0.0015783312923005654
0.001927842415769645
0.002354724624497403
0.0028761102012858416
0.0035129241773630845
0.004290724136271955
0.0052407259205187835
0.006401056437392657
0.007818283824748414
0.009549286393837418
0.011663535355730668
0.014245882944893947
0.017399967837338298
0.021252374534512463
0.025957713646481972
0.03170482694555394
0.03872436627571379
0.04729805039499431
0.057769971351340654
0.07056040410215482
0.08618267362554419
0.10526375644631036
0.12856944342072954
0.15703507359591368
0.19180307266563842
0.2342688025056491
0.2861365619643975
0.349487986348017
12.8
6.999585066478884e-11
1.8140610821094116e-9
2.4204425451258926e-8
1.8294460308185122e-7
8.515320574231598e-7
2.643810268519244e-6
5.949378911918461e-6
0.000010583232806159138
0.00001614433406056175
0.00002248874253209497
0.000029756276699268693
0.00003821970723051795
0.00004821709628915832
0.000060149607944419344
0.00007449613457470626
0.00009183245265919108
0.00011285432951454118
0.00013840544687168766
0.00016951126078621672
0.0002074201567906958
0.0002536535519887458
0.00031006695486576253
0.0003789244333608273
0.0004629894798606238
0.0005656359198534277
0.0006909833153919236
0.0008440622975849753
0.0010310164634832783
0.0012593489402055816
0.001538223511772416
0.0018788323939344603
0.0022948454177242924
0.0028029586445925264
0.0034235644443521497
0.004181569906209681
0.005107396450891063
0.006238200748444597
0.007619365945833717
0.009306323052038046
0.011366775579033319
0.013883416721481082
0.01695724812710925
0.020711633438000976
0.025297249321520377
0.030898132646391185
0.037739066525067165
0.04609460165424117
0.05630007499693167
0.06876506803343531
0.08398984469823464
0.10258542874019343
0.12529812623835018
0.15303947749624164
0.18692284034281448
0.22830807310339307
0.2788561104813624
13
4.9199458556890965e-11
1.3296535572821798e-9
1.8309846749959322e-8
1.4156928150430648e-7
6.690379117957703e-7
2.0961395385467443e-6
4.738353959720521e-6
8.443517318734135e-6
0.000012886076198118177
0.00001795134296453521
0.00002375270653098721
0.000030508579716789384
0.0000384889168517716
0.00004801395017750724
0.00005946595191762359
0.00007330453110735813
0.00009008507852011878
0.0001104810564440213
0.00013531102708827278
0.00016557150435897013
0.00020247694746057196
0.00024750850140823423
0.0003024734405790334
0.0003695777009765594
0.0004515144121894545
0.0005515719821378672
0.0006737660724307255
0.0008230007609629109
0.0010052653597842807
0.0012278747872199022
0.001499763141226502
0.001831842256563934
0.0022374396327810384
0.0027328333180909464
0.0033379052000844563
0.004076938937930574
0.00497959455047341
0.006082098776861809
0.007428698982863787
0.009073438962976871
0.011082327907685383
0.013535989585674108
0.0165328980512135
0.020193329766569422
0.02466419070981738
0.030124912228103377
0.036794652249836364
0.044941090861150244
0.05489117324851461
0.06704423116131972
0.08188800946169897
0.10001824111835368
0.12216255598019056
0.14920968315459482
0.1822451188250258
0.22259469101973514
13.2
3.460418833766874e-11
9.752114247579686e-10
1.385924298443398e-8
1.0961539443482355e-7
5.259425450733604e-7
1.6627611377594473e-6
3.7755934735422182e-6
6.7393371535441945e-6
0.000010289725845404663
0.00001433539326492509
0.00001896829463681121
0.000024363365438503155
0.00003073625712718252
0.000038342703279411344
0.00004748797674791652
0.000058539109464954967
0.00007193962218958497
0.00008822732454980497
0.00010805589923131751
0.00013222113655909836
0.00016169287235689406
0.0001976539108642896
0.0002415474948249162
0.0002951352278836353
0.0003605677739272436
0.00044047117077772834
0.0005380522223111849
0.0006572271987551239
0.0008027790103663849
0.0009805491624119546
0.001197672195286009
0.0014628620189852633
0.001786761631320838
0.0021823702619814876
0.002665565074077181
0.00325573837202375
0.003976575882523903
0.004857007345888688
0.005932367568154234
0.007245814530883675
0.008850061472521306
0.010809492524089132
0.013202746326292463
0.016125872764070407
0.019696187098065174
0.024056978578313078
0.02938326107868452
0.0358887970177762
0.04383467639598922
0.05353979525058891
0.06539365408019479
0.07987198986075934
0.09755586904402061
0.11915500779380296
0.14553625538818127
0.17775838392360435
13.4
2.4353933360741324e-11
7.156896454000334e-10
1.0496666632404765e-8
8.492189713712138e-8
4.1367242869749086e-7
1.319631018946518e-6
3.0098050802916756e-6
5.381379119249835e-6
8.219843884722203e-6
0.000011452422832546945
0.000015153688638962239
0.000019463791549473163
0.00002455506836532858
0.000030631826655548544
0.00003793794770714314
0.00004676665180943634
0.00005747226585770086
0.00007048444373394398
0.00008632540982420876
0.0001056309177202105
0.00012917576523963385
0.00015790488978486127
0.0001929712919989171
0.00023578230972911578
0.00028805609943643025
0.00035189059184763757
0.0004298476892817027
0.0005250560837839749
0.000641336822525507
0.0007833566598413181
0.0009568153504677929
0.001168674400936935
0.0014274364581651942
0.0017434865527362804
0.002129508884472959
0.0026009958849509776
0.0031768699830174753
0.003880243028244935
0.004739343850653221
0.005788651182752757
0.007070277412150549
0.008635658743181741
0.010547619292588881
0.012882892882612212
0.015735202199140538
0.019219020429964578
0.023474165432968562
0.028671411118657168
0.035019341204961134
0.04277272041405737
0.05224271907904433
0.06380940149731876
0.07793697924778184
0.09519244163049807
0.11626831093941645
0.14201043581197187
13.6
1.71503823754919e-11
5.255435329234229e-10
7.95450143971206e-9
6.58273369430453e-8
3.25535768592656e-7
1.0478078618736183e-6
2.4003843769556323e-6
4.298795513594956e-6
6.568926122276823e-6
9.152815436833034e-6
0.000012110938845433004
0.00001555560755323124
0.000019624594064506897
0.000024481184684038887
0.000030320291205476837
0.00003737625747479234
0.00004593226419351475
0.00005633169395370114
0.00006899191238564375
0.000084421018509014
0.00010323823652745462
0.00012619876747166651
0.00015422409806851916
0.00018843898323844767
0.00023021658645973092
0.00028123358964091003
0.00034353748425272195
0.00041962874434930936
0.0005125611793731378
0.0006260644942495862
0.0007646939755413897
0.0009340133112492144
0.0011408178803697369
0.001393407476858458
0.0017019194079823162
0.0020787353407921137
0.002538978221768633
0.0031011192137381433
0.0037877190085230613
0.0046263332667034925
0.005650618523034968
0.006901682969141913
0.008429736129698322
0.010296104227489456
0.012575691140119277
0.015359984694450723
0.01876072836713318
0.022914405941112978
0.02798771908679422
0.03418427766877973
0.04175277134309486
0.05099695033534272
0.06228781600701254
0.0760785104423083
0.0929225026315391
0.1134958011243505
13.8
1.2084682142801332e-11
3.861387035374255e-10
6.031385402196126e-9
5.105338071389564e-8
2.5630565472755096e-7
8.323597706026206e-7
1.9151669032026617e-6
3.4353518042127372e-6
5.251590762742449e-6
7.317729186105928e-6
9.68280947157295e-6
0.000012436856547331131
0.000015690050097629482
0.00001957294061140533
0.00002424136195795265
0.000029882674277102434
0.00003672328324017808
0.000045037726503852394
0.00005515969187030036
0.00006749540935037172
0.00008253995460008545
0.00010089711804529021
0.00012330363711159716
0.00015065876408360804
0.00018406035625695059
0.00022484893680667584
0.00027466149468877203
0.0003354971827544929
0.0004097975507746972
0.0005005445334042899
0.0006113801256901519
0.0007467525492287773
0.0009120947743777261
0.001114042565506182
0.0013607007964591277
0.001661968728117881
0.0020299373004088435
0.002479374384155412
0.0030283174676120645
0.0036987975641881677
0.004517723394373676
0.0055179613447924
0.006739654422980646
0.00823183351518424
0.0100543849903394
0.012280454238498429
0.014999381234847332
0.01832028606566727
0.022376448305254013
0.027330655982959414
0.03338173884994954
0.04077254810822994
0.04979970288420541
0.060825494595549326
0.07429242697785023
0.09074097531313853
14
8.520129365349204e-12
2.8387139078275896e-10
4.575693709735123e-9
3.9615742660052296e-8
2.0189648220534313e-7
6.615076657421234e-7
1.5286578241444165e-6
2.7463860177592423e-6
4.199987097226906e-6
5.852712994037578e-6
7.744333891869962e-6
9.947028699191581e-6
0.00001254894099282409
0.000015654486458809784
0.000019388301433496478
0.000023900237021683996
0.00002937137304097416
0.00003602128539026428
0.00004411685840157196
0.000053982995845371395
0.00006601566045956604
0.00008069776532466908
0.00009861855486143612
0.00012049725327800815
0.00014721192956304612
0.0001798347374776633
0.0002196749448499462
0.00026833147908999057
0.0003277570977616731
0.0004003367595997615
0.0004889833412780691
0.0005972545414546036
0.0007294956633301163
0.0008910140076801305
0.0010882918727218673
0.0013292467118673275
0.0016235488888657567
0.0019830097834396205
0.0024220558234405026
0.0029583074680523663
0.003613286378678162
0.004413279169919799
0.0053903923276493754
0.006583840867505453
0.008041522058837163
0.00982193776609002
0.011996542323058884
0.014652610245670715
0.017896738867448077
0.021859126459389835
0.026698797547750286
0.032609985128117
0.03982992591306176
0.04864838147731764
0.05941926740630592
0.072574857171485
14.2
6.010350251730575e-12
2.0880305213013634e-10
3.4731699946567622e-9
3.075600374707036e-8
1.591125473793161e-7
5.259535462253956e-7
1.2206366619346214e-6
2.1964069228349934e-6
3.360166069116242e-6
4.682659554397249e-6
6.196137803770065e-6
7.958485433321487e-6
0.000010040240889467926
0.000012524946538408685
0.000015512322270298494
0.000019122261962380103
0.0000234996451698256
0.000028820151650766874
0.00003529731201187246
0.000043191077441310506
0.000052818252462601275
0.0000645652094126471
0.00007890339492034209
0.00009640825071478762
0.00011778230812262388
0.00014388338311723865
0.00017575900348522678
0.00021468844979471259
0.00026223409741675996
0.0003203041201345117
0.0003912290718571497
0.0004778554199841923
0.0005836597838739199
0.0007128884643089658
0.000870727861938553
0.0010635126260022422
0.0012989798859925127
0.0015865797698363555
0.0019378546707011976
0.002366902483772072
0.0028909424042737374
0.0035310060012554273
0.004312781252987827
0.005267643566582079
0.006433914912468209
0.007858401854799841
0.009598274056285645
0.011723358697225943
0.014318942886830914
0.01748919653118934
0.02136135304120273
0.026090815653560237
0.0318673943091152
0.038922923392396835
0.0475405660590385
0.05806617856786562
14.4
4.242182963387056e-12
1.5366768016414606e-10
2.637655758310752e-9
2.3889376176834387e-8
1.2545255008210898e-7
4.1835328262592916e-7
9.750567488886955e-7
1.7571953734484685e-6
2.6892091072167906e-6
3.747812118864695e-6
4.95915638566088e-6
6.369674072778126e-6
8.035833288854658e-6
0.000010024498758864319
0.000012415482562647294
0.000015304743275408426
0.000018808237074407943
0.0000230665714673841
0.00002825064836558043
0.00003456852297745854
0.00004227375379472005
0.0000516755787849584
0.00006315132619716923
0.00007716155806901207
0.0000942685541986618
0.00011515887840773607
0.00014067093275758574
0.00017182860556808394
0.00020988236365120368
0.0002563594379346103
0.0003131251166012615
0.0003824576056899795
0.00046713946132214264
0.0005705692638095346
0.0006968980142585301
0.0008511957289959313
0.0010396549170880432
0.0012698391074798035
0.0015509863999604262
0.00189438022255557
0.002313802175100632
0.00282608513764175
0.0034517888108494513
0.0042160248934723565
0.005149464858543791
0.006289570929386477
0.007682099565807753
0.009382937831389722
0.011460346338161218
0.013997698783208492
0.017096828029766777
0.020882113016196475
0.02550547051998867
0.031152452111628363
0.038049690990144186
0.04647399756961445
14.6
2.995771519999299e-12
1.1314946768689737e-10
2.004135933823117e-9
1.8564649521705398e-8
9.895744200073655e-8
3.329025111290069e-7
7.791764859938748e-7
1.4063023161530365e-6
2.1529552104434136e-6
3.0006028509770827e-6
3.9704515114361715e-6
5.09975540254476e-6
6.433733313798443e-6
8.02591956565825e-6
9.940214150709776e-6
0.000012253444432107938
0.000015058448463326095
0.00001846780090515874
0.000022618331042173528
0.000027676614222267395
0.00003384565711027101
0.00004137304505825446
0.00005056087857509493
0.00006177789768043583
0.0000754742807365076
0.00009219971168679634
0.00011262544080222784
0.00013757122431175587
0.00016803822409826045
0.00020524918784005266
0.0002506975221700575
0.0003062072283450899
0.0003740061057117717
0.000456815161348855
0.0005579578133978819
0.0006814932716223977
0.0008323794477216287
0.001016671933741219
0.001241767034235644
0.0015166986059588295
0.0018525006182260263
0.0022626499876244634
0.002763607440118472
0.003375478165619072
0.004122818682012379
0.005035622388313357
0.006150523302327806
0.007512266312411167
0.009175502947041085
0.011206984732179074
0.01368824216507196
0.01671885681872874
0.020420457900362208
0.02494160365872418
0.03046374354777608
0.03720850043085615
14.8
2.116662267274929e-12
8.335676345318379e-11
1.5235175719150646e-9
1.443345213346253e-8
7.809191424833558e-8
2.650111120445957e-7
6.228730780899658e-7
1.1258597607771924e-6
1.7242004112665177e-6
2.4031479079817266e-6
3.1798977435765065e-6
4.084347101313239e-6
5.152717721556697e-6
6.427885018055689e-6
7.96102591022793e-6
9.813670725251773e-6
0.000012060172604613267
0.000014790691556720095
0.000018114812894650854
0.000022165945279471047
0.000027106674878259452
0.000033135290517889266
0.00004049374171194202
0.000049477348944063817
0.00006044665591598217
0.0000738418994324954
0.00009020067764972332
0.00011017952577706666
0.00013458026514040933
0.00016438218308719867
0.00020078133522622054
0.0002452385473558021
0.00029953804344765326
0.00036585905298866305
0.00044686327094446725
0.000545801681006364
0.0006666450289685239
0.0008142431826922325
0.0009945197743360702
0.0012147099365242108
0.001483650673598181
0.0018121355233688954
0.0022133477310372135
0.002703389356454072
0.0033019274889900547
0.004032983565512426
0.004925897433285944
0.006016504861099812
0.007348575754324414
0.00897557079512587
0.010962787007343672
0.013389978355123252
0.01635455654965495
0.01997550052045737
0.024398131471752064
0.02979994510376112
15
1.4962776432223553e-12
6.14386715107602e-11
1.158706568581005e-9
1.1226642412437273e-8
6.165201440316651e-8
2.1104713107517266e-7
4.981000328191636e-7
9.016388706958384e-7
1.3812705138900619e-6
1.9252615577601128e-6
2.5475549677484783e-6
3.272149104347382e-6
4.128067540303529e-6
5.149659835802154e-6
6.377926062230816e-6
7.862160855967493e-6
9.661931770771896e-6
0.000011849469932866547
0.000014512568929690557
0.00001775810827475045
0.000021716342857816553
0.000026546130531007345
0.00003244130763222824
0.00003963846831788704
0.000048426459917172536
0.00005915797538984292
0.00007226370813263477
0.0000882696372178591
0.0001078181367803623
0.00013169375674701707
0.00016085470958004163
0.00019647132671916814
0.00023997302803394963
0.0002931056895772185
0.0003580017116071414
0.00043726559935289777
0.0005340784909458099
0.0006523258276568506
0.0007967532903004659
0.000973157260078198
0.0011886174476873719
0.0014517810280557323
0.0017732096764590019
0.0021658034564030946
0.0026453185337017913
0.0032309995321059943
0.003946351886541156
0.004820085198830948
0.005887265454509962
0.007190722344476401
0.008782768170493458
0.010727297321583961
0.013102350580249389
0.016003247173249496
0.01954641026648374
0.023874039435815345
15.2
1.0582418292445919e-12
4.5305398213274927e-11
8.816574289931788e-10
8.736162040902925e-9
4.8693077380057085e-8
1.6813518329435276e-7
3.9845801350895825e-7
7.223033292931981e-7
1.1068890117309505e-6
1.5428808053331874e-6
2.0415841096850624e-6
2.622266509085344e-6
3.3081907091862435e-6
4.126884228028235e-6
5.111204101435665e-6
6.3006545420994435e-6
7.742972372635217e-6
9.496042871892245e-6
0.000011630222914478436
0.000014231164639104638
0.000017403252969701663
0.000021273794948930072
0.000025998129016478464
0.00003176585928778505
0.00003880846502947338
0.00004740859073857775
0.000057911389656856994
0.00007073837598273426
0.0000864043417160894
0.00010553801706873265
0.00012890730361543752
0.000157450092888243
0.00019231190715429634
0.00023489187364414
0.0002868988757212905
0.00035042013705117244
0.00042800498889070164
0.0005227671837616419
0.0006385098612747632
0.0007798781814842848
0.0009525457514527419
0.001163442327700574
0.0014210319283398695
0.0017356525305028889
0.0021199309630038107
0.0025892896686325853
0.0031625656602771494
0.0038627665164631605
0.004717993755917622
0.0057625706508297
0.007038419739736483
0.008596745326367533
0.010500088488136073
0.01282483706930826
0.015664291393094602
0.019132408731545713
15.4
7.487974806523589e-13
3.3424119900361183e-11
6.711530568251673e-10
6.801077023471388e-9
3.84734621122737e-8
1.3399763709678922e-7
3.188551370842796e-7
5.788171280707284e-7
8.872785927925486e-7
1.2368149221905514e-6
1.636592689355002e-6
2.1020845706500058e-6
2.6519412221037236e-6
3.3082295929258783e-6
4.097288833310407e-6
5.050786661139133e-6
6.206990292193448e-6
7.612302237883616e-6
9.323122600997375e-6
0.000011408112609791226
0.00001395095023421312
0.000017053688476636135
0.000020840851117208884
0.000025464430290308205
0.0000311099864625848
0.00003800409562623488
0.00004642344258877816
0.000056705925306164094
0.00006926421591409936
0.00008460232270982513
0.00010333581777478933
0.00012621654204897148
0.0001541627793212559
0.00018829611023499232
0.0002299864252049619
0.00028090690295531613
0.00034310116105331007
0.000419065273454097
0.000511847946714655
0.000625172875299683
0.0007635881864995986
0.0009326489731695839
0.0011391402370585246
0.0013913491988588364
0.0016993978893674621
0.002075649384166484
0.002535203976852518
0.0030965052069056743
0.0037820800633468826
0.00461944307255797
0.00564220055224825
0.006891399351210715
0.008417174203457417
0.010280759811243637
0.012556948408422738
0.015337091435670545
15.6
5.300847860577535e-13
2.466986838747528e-11
5.11132699158398e-10
5.296832257095266e-9
3.041059639239192e-8
1.0682941524131387e-7
2.5523790314327485e-7
4.6397455500085735e-7
7.114476189762935e-7
9.9175229714051e-7
1.3123208102261949e-6
1.6855809581266066e-6
2.1264899094631356e-6
2.6527423718594285e-6
3.2854587000584222e-6
4.050032021923978e-6
4.977147349455799e-6
6.1040130760614776e-6
7.475854280063307e-6
9.147727765826441e-6
0.000011186731686680915
0.000013674698429396001
0.000016711478835221416
0.000020418949564688178
0.000024945904435937286
0.0000304740260432623
0.0000372251773172484
0.00004547030566343398
0.000055540317032968536
0.00006783935634031637
0.00008286102726840633
0.00010120820206573144
0.00012361721742153647
0.00015098742576536166
0.00018441728965796613
0.0002252484669174022
0.00027511965605607025
0.0003360323630027768
0.00041043122856481725
0.0005013021404532977
0.0006122920674279097
0.0007478554252207837
0.0009134328466188563
0.001115669535680935
0.0013626819605910758
0.001664383597280053
0.002032882791776027
0.0024829687107058096
0.0030327048821680927
0.0037041541491469425
0.004524264128306812
0.005525948712704993
0.006749409021846779
0.008243746813858772
0.010068935111246336
0.012298225129079585
15.8
3.754246768763606e-13
1.821652897558797e-11
3.894318137162329e-10
4.126973982739317e-9
2.4046613715280806e-8
8.51992325294299e-8
2.043779373609209e-7
3.720269504780626e-7
5.706231790028823e-7
7.95471216907193e-7
1.052596950924969e-6
1.3519845500703304e-6
1.7056324057515098e-6
2.127733281697724e-6
2.6352275652225203e-6
3.248482783855453e-6
3.992111022800906e-6
4.895956694335814e-6
5.9962942988934105e-6
7.3372842480802035e-6
8.972745177093603e-6
0.000010968313875505215
0.000013404079522114971
0.000016377797944864663
0.00002000881490545495
0.000024442855863958125
0.000029857874452953135
0.0000364711943818507
0.000044548231400343624
0.00005441314536438213
0.00006646184994770097
0.00008117790185704507
0.00009915190803631851
0.00012110522843333331
0.00014791892687667603
0.00018066913123402202
0.0002206702222008127
0.0002695275840101267
0.00032920203413994284
0.0004020885178085122
0.000491112225524065
0.0005998459914141269
0.0007326536828318199
0.0008948653392152276
0.0010929910837464724
0.0013349823982199284
0.0016305512437759081
0.001991559836053756
0.002432496717285799
0.00297105823290078
0.003628858747501343
0.004432298105426506
0.005413621149161684
0.006612211818157879
0.008076173764449048
0.009864260921279037
16
2.660063375699164e-13
1.345710594510598e-11
2.968317220918563e-10
3.2167689507532025e-9
1.902147102760228e-8
6.79716384767422e-8
1.637028709393407e-7
2.9838614136349063e-7
4.5780035996329284e-7
6.382123641625531e-7
8.445077148894368e-7
1.0847090418845045e-6
1.3684438133646345e-6
1.7070990419821194e-6
2.1142661491891795e-6
2.6062861806580952e-6
3.2029056278483412e-6
3.928068924041765e-6
4.810879418550334e-6
5.886767396267221e-6
7.1989120194352744e-6
8.799974259036283e-6
0.000010754210364466756
0.00001314005069241908
0.00001605324739247618
0.000019610717277203795
0.000023955234104149057
0.00002926115858822476
0.00003574143610934417
0.00004365614295822567
0.00005332292413993843
0.00006512974143969834
0.00007955044397502482
0.00009716378514914621
0.00011867665018648865
0.00014495242589768396
0.00017704565142319614
0.000216244340589686
0.0002641216744282837
0.0003225991384574455
0.0003940236386343014
0.0004812616910330076
0.0005878144647288436
0.0007179582969433272
0.000876916316536568
0.0010710680669739966
0.001308205539714845
0.0015978458942319282
0.0019516134148111638
0.002383706034344269
0.0029114651467993698
0.003556071578443122
0.0043433956487325094
0.005305035437126657
0.006479584924841447
0.007914182906957713
