60.
300
1.
0.9820062943386012
0.9313083069576911
0.8563748114459324
0.7677107076405092
0.6748819534261964
0.5849154497567007
0.5020625104758388
0.428322302899264
0.36416754254745015
0.309176181114816
0.2624812344891657
0.22305311001102887
0.18985935881311863
0.16194509160298923
0.1384661956382499
0.11869647779568637
0.10202160866854909
0.08792727884823122
0.07598560658759744
0.06584185334933039
0.05720238390686492
0.04982420114912001
0.0435060748476326
0.03808113803158199
0.0334107683694721
0.029379561860969225
0.025891218152184436
0.022865177886280855
0.020233875914116555
0.017940496610281135
0.015937137544471673
0.0141833049102949
0.012644678466779935
0.011292095574381513
0.01010071355472781
0.009049317422797507
0.008119746352713623
0.007296417322726212
0.006565928475898868
0.005916728024167569
0.005338837172575618
0.004823617675043322
0.004363576355375541
0.003952200319287433
0.0035838177104979708
0.0032534797786397686
0.002956860770548538
0.0026901727626996203
0.002450093047740142
0.0022337020934932008
0.0020384304255261915
0.0018620130580565605
0.001702450323612836
0.0015579741383371364
0.0014270188942622634
0.0013081962981090047
0.0012002735828217923
0.0011021546070061495
0.0010128634317561104
0.0009315300265989142
0.0008573778085117005
0.0007897127618805647
0.0007279139242734627
0.000671425054134592
0.0006197473229284914
0.000572432896651529
0.0005290792906369942
0.0004893243977473109
0.0004528421038222149
0.0004193384160091281
0.0003885480396543339
0.0003602313480423153
0.000334171696655125
0.0003101730399682369
0.0002880578142587701
0.00026766505460712665
0.00024884871833410257
0.00023147619062586686
0.00021542695113776217
0.00020059138300190118
0.00018686970794992065
0.000174171033249633
0.0001624124978840694
0.00015151850690884165
0.00014142004423919405
0.0001320540552673754
0.0001233628917162812
0.00011529381201583755
0.00010779853126059509
0.00010083281548478814
0.00009435611558671295
0.00008833123675834017
0.00008272403973764558
0.00007750317060812578
0.0000726398162291775
0.00006810748269841432
0.00006388179452771046
0.00005994031246329131
0.0000562623681004256
0.00005282891363865132
0.00004962238529691933
0.00004662657906220022
0.00004382653758221658
0.000041208447135050356
0.00003875954371715334
0.00003646802738831271
0.00003432298409872186
0.00003231431430067509
0.0000304326677165765
0.000028669383696846806
0.000027016436656745667
0.00002546638613080131
0.000024012331028095624
0.00002264786771164808
0.000021367051561064534
0.00002016436170991003
0.000019034668678316447
0.00001797320464748422
0.00001697553614629782
0.00001603753894150818
0.000015155374942094609
0.000014325470945709087
0.000013544499070725888
0.000012809358731537897
0.000012117160027508308
0.000011465208427543024
0.000010850990642712777
0.000010272161588836312
9.726532349532438e-6
9.212059058048165e-6
8.726832623249858e-6
8.269069231594268e-6
7.83710156273991e-6
7.429370661772413e-6
7.044418415852836e-6
6.680880587496564e-6
6.337480360700515e-6
6.013022359786809e-6
5.706387104162326e-6
5.416525865230843e-6
5.142455894466769e-6
4.883255994191454e-6
4.63806240490594e-6
4.406064985148274e-6
4.186503661776668e-6
3.9786651303492385e-6
3.7818797868897496e-6
3.5955188738122668e-6
3.4189918241360303e-6
3.2517437893670715e-6
3.0932533375659054e-6
2.9430303091679096e-6
2.800613819084839e-6
2.665570394499693e-6
2.5374922385777212e-6
2.4159956110626437e-6
2.3007193174125727e-6
2.1913232987605595e-6
2.0874873155654345e-6
1.9889097183524005e-6
1.8953062994350297e-6
1.8064092199636256e-6
1.7219660070624274e-6
1.6417386162036009e-6
1.5655025543210166e-6
1.4930460594947255e-6
1.4241693333396362e-6
1.358683822511264e-6
1.2964115459996946e-6
1.2371844651211302e-6
1.1808438933372191e-6
1.1272399432359714e-6
1.0762310081968867e-6
1.0276832764372514e-6
9.814702752983797e-7
9.374724437799533e-7
8.95576731469363e-7
8.556762221412817e-7
8.176697804218169e-7
7.814617200219181e-7
7.469614921470738e-7
7.140833927854242e-7
6.827462876644248e-7
6.528733537482163e-7
6.243918362237075e-7
5.972328199941373e-7
5.71331014764417e-7
5.466245528635448e-7
5.23054799006189e-7
5.005661712481979e-7
4.79105972439892e-7
4.5862423152673216e-7
4.39073554089381e-7
4.204089815548265e-7
4.025878585471109e-7
3.8556970788053376e-7
3.693161127302472e-7
3.537906055449781e-7
3.38958563294486e-7
3.2478710867028436e-7
3.1124501688235826e-7
2.983026277172928e-7
2.8593176254419866e-7
2.7410564597461976e-7
2.62798831900954e-7
2.5198713365509374e-7
2.4164755804507256e-7
2.31758243042495e-7
2.2229839890755373e-7
2.1324825255154814e-7
2.0458899494910906e-7
1.963027314237746e-7
1.8837243464133695e-7
1.8078190015540206e-7
1.7351570435903483e-7
1.6655916470515648e-7
1.5989830206662984e-7
1.535198051146816e-7
1.4741099660157202e-7
1.415598014401969e-7
1.3595471647968802e-7
1.3058478188202912e-7
1.2543955401031407e-7
1.2050907974451904e-7
1.1578387214559523e-7
1.1125488739329385e-7
1.0691350292749759e-7
1.0275149672689349e-7
9.876102766264662e-8
9.493461686834036e-8
9.126513007081178e-8
8.774576082968934e-8
8.437001463642672e-8
8.113169382641303e-8
7.80248832603953e-8
7.504393673391003e-8
7.218346407576235e-8
6.943831889877589e-8
6.680358696810597e-8
6.427457515434495e-8
6.184680094048277e-8
5.951598245349608e-8
5.7278028992971484e-8
5.512903203068323e-8
5.306525665649287e-8
5.108313344728254e-8
4.917925073692067e-8
4.7350347266452066e-8
4.559330519484121e-8
4.390514345167086e-8
4.228301141419908e-8
4.0724182892134e-8
3.922605040437913e-8
3.778611973284814e-8
3.640200473925192e-8
3.507142243150286e-8
3.379218826710916e-8
3.256221168158497e-8
3.137949183055066e-8
3.024211353479201e-8
2.9148243418108213e-8
2.809612622832135e-8
2.7084081332316998e-8
2.6110499376469078e-8
2.5173839104250296e-8
2.4272624323254498e-8
2.3405441014265178e-8
2.2570934575380302e-8
2.1767807194567625e-8
2.09948153443657e-8
2.0250767392765537e-8
1.953452132461774e-8
1.88449825681941e-8
1.818110192181034e-8
1.7541873575673146e-8
1.6926333224359505e-8
1.6333556265571183e-8
1.576265608102336e-8
1.5212782395537343e-8
1.4683119710603645e-8
1.417288580886863e-8
1.368133032617427e-8
1.3207733387950135e-8
1.275140430691337e-8
1.2311680339186863e-8
1.1887925496083538e-8
1.1479529408946004e-8
1.1085906244554958e-8
1.0706493668743872e-8
1.0340751855973158e-8
9.988162542725297e-9
9.648228122688591e-9
9.320470781794423e-9
9.004431671267437e-9
8.699670116936985e-9
8.405762863143151e-9
8.122303349649662e-9
7.848901020054019e-9
7.585180660255847e-9
7.3307817656149675e-9
