60.
300
0.9999999999999999
0.9983061716887673
0.993253514203019
0.9849273203105002
0.9734658704830162
0.9590549294017491
0.9419206182600083
0.9223211576749002
0.9005380156340446
0.8768669820405455
0.8516096341316775
0.8250655680659374
0.797525665923341
0.7692665581886182
0.7405463408660227
0.711601521527143
0.682645103918892
0.6538656771019541
0.6254273508577912
0.5974703711807667
0.5701122542604674
0.5434492906180485
0.5175582895413334
0.49249845484141785
0.46831330409982913
0.4450325635247244
0.42267398839098363
0.40124507435569196
0.3807446375999047
0.3611642518536737
0.3424895381525241
0.32470130895617827
0.3077765723616322
0.29168940488039236
0.27641170291330985
0.26191382389862555
0.24816512834219098
0.23513443373711923
0.22279039088181662
0.21110179241797486
0.20003782261515177
0.1895682565862242
0.1796636162712764
0.17029528970609367
0.16143561931471773
0.1530579642451301
0.1451367411090656
0.1376474468931132
0.13056666727773977
0.12387207313091991
0.11754240752975309
0.11155746530222017
0.10589806676728368
0.10054602707998557
0.09548412235440491
0.09069605353684516
0.08616640883039732
0.0818806253262905
0.07782495037389342
0.07398640311683437
0.07035273653483874
0.06691240025719075
0.06365450435217206
0.06056878424563928
0.057645566879526995
0.054875738186160455
0.05225071192570748
0.04976239991087104
0.04740318362420917
0.04516588721852025
0.04304375187894276
0.04103041151627132
0.03911986975401881
0.037306478166607225
0.035584915722403944
0.03395016938288437
0.032397515807755795
0.03092250411524232
0.02952093964673728
0.028188868685548783
0.026922564080388102
0.025718511725478368
0.024573397850622573
0.023484097076204045
0.02244766118983728
0.02146130860321407
0.02052241444955063
0.019628501283922618
0.01877723035064006
0.017966393383659893
0.017193904907834446
0.01645779501054902
0.015756202554995758
0.01508736880796594
0.01444963145660625
0.013841418990085303
0.013261245423541396
0.012707705343042826
0.012179469251579091
0.011675279197323115
0.011193944666558297
0.01073433872475507
0.010295394390309168
0.009876101226422974
0.009475502137522268
0.009092690357458093
0.008726806617549375
0.008377036483276666
0.008042607849148406
0.007722788581925095
0.007416884303011976
0.0071242363014138365
0.006844219569194206
0.0065762409518929634
0.006319737406837081
0.00607417436272779
0.005839044174308028
0.00561386466630751
0.0053981777612303146
0.005191548185894156
0.004993562251952665
0.0048038267059326
0.004621967644599939
0.004447629491732092
0.004280474032619265
0.004120179502849328
0.003966439728145094
0.0038189633122250825
0.0036774728698469998
0.003541704302369847
0.0034114061133352857
0.0032863387617235707
0.003166274050683698
0.0030509945496724963
0.002940293048064373
0.002833972038411461
0.002731843227645018
0.002633727074612978
0.0025394523524453747
0.0024488557343310432
0.0023617814013737913
0.0022780806712765648
0.002197611646677083
0.0021202388820282837
0.002045833067983237
0.0019742707323055727
0.0019054339563844805
0.0018392101064876945
0.0017754915789365818
0.0017141755584355641
0.0016551637888326132
0.0015983623556298937
0.0015436814796030024
0.0014910353209243925
0.0014403417932214193
0.0013915223870321837
0.0013445020021529907
0.001299208788400322
0.0012555739943371595
0.0012135318235391656
0.0011730192980001898
0.001133976128299078
0.0010963445901710823
0.0010600694071470627
0.0010250976389424601
0.0009913785752958086
0.0009588636349729777
0.0009275062696693292
0.0008972618725563515
0.0008680876912335699
0.0008399427448594161
0.0008127877452471434
0.0007865850217234918
0.0007612984495587878
0.0007368933817874705
0.00071333658424773
0.0006905961736782598
0.00066864155871864
0.0006474433836681608
0.0006269734748655401
0.0006072047895592935
0.0005881113671454077
0.0005696682826554329
0.0005518516023842234
0.0005346383415524149
0.0005180064239041103
0.0005019346431454583
0.00048640262613471014
0.00047139079773889157
0.0004568803472766716
0.0004428531964710703
0.0004292919688395695
0.0004161799604529253
0.00040350111199738436
0.0003912399820784013
0.0003793817217070193
0.00036791204991306947
0.00035681723043212883
0.00034608404941584883
0.0003356997941177442
0.00032565223250897155
0.0003159295937808125
0.00030652054969277054
0.00029741419672718074
0.00028860003901316804
0.0002800679719846043
0.00027180826673843967
0.00026381155506141727
0.000256068815094735
0.00024857135760770246
0.00024131081285280498
0.00023427911797595352
0.00022746850495691844
0.0002208714890561805
0.00021448085774551512
0.00020828966010075906
0.00020229119663617637
0.0001964790095608651
0.00019084687343851717
0.00018538878623275602
0.00018009896072110297
0.00017497181626139802
0.00017000197089527761
0.00016518423377400338
0.0001605135978926397
0.0001559852331192028
0.00015159447950603995
0.00014733684087125823
0.00014320797863860872
0.00013920370592473673
0.00013531998186322311
0.0001315529061553271
0.00012789871383778385
0.0001243537702584623
0.0001209145662510829
0.00011757771350061562
0.00011433994009132222
0.00011119808622979413
0.00010814910013566134
0.0001051900340929778
0.00010231804065559843
0.00009953036900015573
0.00009682436142052981
0.00009419744995797244
0.00009164715316129396
0.0000891710729717819
0.0000867668917277348
0.00008443236928373095
0.00008216534023995448
0.00007996371127710864
0.0000778254585926349
0.00007574862543414516
0.00007373131972614313
0.00007177171178628787
0.00006986803212760224
0.00006801856934319146
0.000066221668070175
0.00006447572702968108
0.00006277919713987975
0.00006113057969916446
0.000059528424636707534
0.000057971328827734706
0.00005645793447097569
0.000054986927525848836
0.00005355703620704418
0.00005216702953426714
0.00005081571593498948
0.00004950194189815469
0.00004822459067685969
0.000046982581038121085
0.00004577486605791042
0.00004460043195971709
0.00004345829699496887
0.000042347510363706415
0.000041267151173975915
0.00004021632743846445
0.000039194175106960674
0.00003819985713328553
0.00003723256257538542
0.000036291505727338976
0.00003537592528207404
0.00003448508352364203
0.000033618265547940986
0.00003277477851082513
0.00003195395090257675
0.00003115513184776183
0.000030377690429524876
0.00002962101503741776
0.000028884512737894152
0.000028167608666630474
0.000027469745441873624
0.000026790382598040586
0.000026128996038830165
0.000025485077509132014
0.00002485813408504806
0.000024247687681367664
0.00002365327457586228
0.00002307444494978966
0.000022510762444023413
0.000021961803730242085
0.00002142715809663796
