1  11  50
-0.2  10  51
1
0.22995409022027868
0.36787944117143545
0.5581935832111116
0.8213712884853319
1.2092349538490428
1.8252882854029078
2.853425204985876
4.588163621572866
7.448687947255568
11.947596194566387
18.586178604733334
27.68434154475129
39.23271723743196
52.92256574325649
68.44414720351897
85.90150812583308
106.00255533194142
129.87597360734281
158.77899593526922
194.01191537709136
237.02555863219428
289.55147569667264
353.69809739586134
432.0398654957367
527.720910392078
644.5812483763067
787.3108951358372
961.6380925549685
1174.559203162675
1434.619498757331
1752.2561121265378
2140.216915862838
2614.0721392440955
3192.839256203125
3899.74622333247
4763.163699341849
5817.743659207956
7105.810099601582
8679.057649483724
10600.62625707802
12947.63521769215
15814.278241822994
19315.603779495865
23592.13231852386
28815.495965089704
35195.32664280343
42987.669357866485
52505.2581842054
64130.067379942295
78328.64135557541
95670.8187393218
116852.60200210582
1.2
0.11819986599851279
0.19173242656447814
0.2940648884375652
0.4402225111594733
0.6699285944984855
1.0601238686731096
1.7396445964241778
2.898148920984294
4.7749945405898915
7.613163807645641
11.578656309447199
16.682861461169647
22.782023571507118
29.70632384312186
37.45999472306127
46.33068196567069
56.817587656326
69.48821919040508
84.9241043812086
103.76497865269407
126.77005988926446
154.86286016296353
189.1708506536151
231.0709316043094
282.2447003853614
344.7459400212949
421.08304471496604
514.319690516567
628.1977913972402
767.2876753987265
937.1715079436786
1144.6673237347995
1398.1026584270237
1707.6487618732654
2085.7288060949436
2547.516470795789
3111.544916406697
3800.450584888232
4641.8816796284045
5669.607784924152
6924.875157972003
8458.06208599508
10330.700743799587
12617.94669600328
15411.595153733404
18823.76503876376
22991.39870952163
28081.757938768904
34299.136715838875
41893.06028175283
51168.29945328513
62497.1021459629
1.4
0.0655553332031224
0.10784123787534104
0.16724424192394396
0.25522854998169336
0.40263286926076636
0.6669817652641248
1.1385764875384166
1.9384593620983641
3.1991332591489785
5.02456513262574
7.443679154063484
10.394211902594362
13.773479345226932
17.542911956869727
21.8070241200541
26.797755398614452
32.79796937091645
40.09632483788967
49.000960503126365
59.87192241769732
73.14574410696765
89.35516114998697
109.1507145559765
133.3268693912489
162.85389963758985
198.9168286952104
242.96298853235712
296.7601062009706
362.4672489264808
442.7214750602178
540.7436684886617
660.467804013388
806.6988315729045
985.3055157551369
1203.4559699269487
1469.905337792449
1795.3471680512612
2192.8425840554473
2678.344472555148
3271.3377290339427
3995.6212550294867
4880.263091567205
5960.767021736115
7280.497462158535
8892.41982929869
10861.226227572752
13265.931770750589
16203.045735715183
19790.444818806423
24172.103941441223
29523.874469259667
36060.541744887705
1.6
0.038406995416440264
0.06407848471510287
0.1005083443911822
0.15663081448260674
0.2565396897165626
0.4433362828946107
0.7801398980735117
1.3431168698806721
2.202128390993135
3.3925320915662653
4.8954965393403524
6.651546714300382
8.613556302221385
10.804425535716572
13.328998100693166
16.336310610241966
19.98225191106371
24.426839703488938
29.851404182658218
36.4739908494748
44.56040636921105
54.43518745458107
66.49464374735517
81.22276357224476
99.2106380917559
121.18018387005895
148.01311591955647
180.78633402021407
220.81514248896448
269.7060379603431
329.4211837372199
402.35715829370093
491.4411383842963
600.2483769251297
733.1456904469735
895.466714775574
1093.7259625650108
1335.880273564513
1631.6481505359225
1992.8997968936264
2434.133509646394
2973.0575469637715
3631.300822753875
4435.280950923085
5417.264476980519
6616.661847804901
8081.609091257203
9870.899685441978
12056.34414013277
14725.652019308744
17985.952019290784
21968.091426768227
1.8
0.023451072860207024
0.03968080307102583
0.06296059341659536
0.10033916725083773
0.17070559015364034
0.3063694612554474
0.5512416098473738
0.9523040264767921
1.54348174854796
2.328669510450417
3.2787818168431437
4.354511865824603
5.544796636844418
6.889442207785392
8.466804710240329
10.36647731645081
12.677932892001266
15.497603407935694
18.939203531697423
23.140898896377696
28.271319766190423
34.53636796555157
42.18748187673877
51.53172756593703
62.94412242252179
76.88268592372435
93.90682156447241
114.69976768381592
140.0960182185022
171.11481387478733
209.00104783673993
255.27522770082427
311.794498784658
380.8271778894626
465.1437888178879
568.128253222193
693.9136992619018
847.5483385499508
1035.198068606621
1264.3939319841575
1544.3343634404198
1886.254355427281
2303.876357785694
2813.9610078406654
3436.9797936274226
4197.936646587086
5127.371437129589
6262.585646933628
7649.139408041446
9342.679991611387
11411.175127619692
13937.64078885168
2
0.014788049090959175
0.02537536560686406
0.0407336996542528
0.06646638795043375
0.11741141065702335
0.2177775477571553
0.3979166179113022
0.6860063449854656
1.0960053127203737
1.6192798550275471
2.2302403537258857
2.9080094404228283
3.659063835068914
4.520704787497371
5.545473260899968
6.787097837558271
8.300061720720597
10.14603003103014
12.399188834276393
15.149970506224012
18.508773688813424
22.61039894824409
27.619458907965484
33.73698473215996
41.20849421224266
50.333845257901174
61.479270247880194
75.09207422126072
91.71858679174437
112.02608831139278
136.82959009770212
167.12454377590313
204.12679220990665
249.32136555307542
304.52208072257986
371.9443362410292
454.2940239579746
554.8761259908679
677.7273552619738
827.7781629619518
1011.0506148677863
1234.9000779877856
1508.310417265702
1842.2545496255752
2250.134825656378
2748.320913000023
3356.8067689544323
4100.013066354745
5007.7672845930165
6116.500787425544
7470.710943348954
9124.746960873077
2.2
0.009568980801471156
0.01664961057285164
0.027042053274564562
0.04522242922345693
0.0828601620420412
0.15807528075333988
0.29167576009232477
0.4998780690343194
0.7860753082011199
1.1382458576163037
1.537817597037296
1.97640106315072
2.4665722778273254
3.0374080889370427
3.7227084819106007
4.555585671658125
5.571037579360995
6.810055877647352
8.32238498017912
10.168720604833691
12.423162692118055
15.176189918920006
18.538290934386694
22.644398657401915
27.65930560841619
33.78427761190732
41.26513130060841
50.40209960010224
61.56188113032556
75.19235710873885
91.84056639619499
112.17466008722943
137.01071675951184
167.34549457260962
204.3964346727912
249.65052138095137
304.923960094564
372.4350679874193
454.89330286681957
555.6080032289892
678.6212036327513
828.8698557389682
1012.3839655154496
1236.5285985492592
1510.2994659892458
1844.6839540204892
2253.102086280085
2751.945116381275
3361.233366766371
4105.419714250745
5014.370969974106
6124.566539373288
2.4
0.006323957003291693
0.011155998306712463
0.018334505438295977
0.03144688657229413
0.05967711042013978
0.11656780132976147
0.21623728435936554
0.36742391917808487
0.5683671697269399
0.8076738199840986
1.0733793900393398
1.3642579802610666
1.6932775061673098
2.081281523913405
2.549848019736309
3.120168684308363
3.8156501328411174
4.664263651115678
5.700070367309957
6.964640920942139
8.508726969243341
10.394298106987446
12.697028924621424
15.50933609529097
18.944087380437928
23.13913140936609
28.26283002875111
34.52081525471535
42.16424200765826
51.49986784106429
62.90236419923002
76.8293532978922
93.83977411055584
114.61631455207119
139.99281014173755
170.98770875048766
208.84494448996077
255.08386115615946
311.56018883072886
380.5405208451017
464.7932801293841
567.699825745156
693.3901586973677
846.9086733760848
1034.4166068154277
1263.4393110097603
1543.1682705025357
1884.8299913585986
2302.136557856683
2811.8359477713825
3434.3841872955645
4194.766323196818
2.6
0.004253510341572686
0.007606533954585636
0.012650187737627007
0.022266183757058883
0.043685409516023656
0.08701083358775613
0.16169700899451278
0.2719156976103473
0.4137701895169755
0.5779398877879481
0.7575025498744932
0.9547287718138078
1.1807020516996813
1.4497599524247191
1.7758329104412411
2.172993380922264
2.65734851192728
3.248351768463798
3.969722777377205
4.850412699931953
5.925766715090256
7.238942555303458
8.842642577912038
10.801228895794956
13.193306454954483
16.114877726992866
19.68319562538689
24.041469276615338
29.3646115052411
35.86625869971517
43.807344790783404
53.506573446326726
65.35320876859343
79.82269782942373
97.49575203065078
119.08165309167188
145.44671901530475
177.64907247109772
216.98110697332604
265.0213551708113
323.6978409043084
395.3654575735371
482.90047827747014
589.8159907532615
720.4028899223896
879.9020866015626
1074.7148434978806
1312.6596806748753
1603.2861598981058
1958.2581422377018
2391.8218997357467
2921.3778683266146
2.8
0.0029037571835658655
0.005263261615703115
0.008857960429561482
0.016006478183472117
0.03240325547606352
0.06556888748627991
0.12172826843287533
0.20235575569122308
0.30302194604037436
0.41671478233312004
0.5399459689007368
0.6762896192539058
0.8344028483498135
1.0239717179206143
1.254179436620641
1.5346643472833439
1.8767370368376217
2.294129665889479
2.8035937724522113
3.425575941183269
4.185038500448629
5.112461349403564
6.24506522337901
7.628305492679259
9.317696446199339
11.381039274756274
13.901143170947083
16.979148752813398
20.738587191966225
25.330337953249728
30.93868411744591
37.78870830836362
46.155326048850355
56.37431908601917
68.85581149176993
84.10072938183751
102.72090483968715
125.4636308863213
153.24165297309764
187.1698006616287
228.60972964845604
279.22456978928153
341.04567233971073
416.55413521371014
508.7803784466389
621.4257641235974
759.0111479732243
927.0583142635896
1132.311585827888
1383.008497147486
1689.2103955289863
2063.20623830346
3
0.002007699287706289
0.0036879309902122727
0.0062812443332386295
0.011655447950727864
0.024295445257148718
0.04978549092667424
0.09213233954317734
0.15129507953407856
0.22309851554696805
0.30257252364010134
0.3883752143490462
0.4842193632804019
0.596534867743587
0.7318414516913436
0.8963419533408394
1.09679780904948
1.3412711152069114
1.6395743214648641
2.00367940202769
2.4481991723880068
2.9909737717485236
3.653786650589842
4.463238817034132
5.451816428700126
6.659194576276684
8.133829584216498
9.93490373318303
12.134700456596875
14.82150530936332
18.1031492158487
22.111336064834447
27.006928468268963
32.98640373889273
40.28973921467755
49.210043392016885
60.10531939878157
73.41283291726815
89.66666119058846
109.51912741848781
133.76698077742952
163.3833727626959
199.55691317486534
243.73937320458026
297.70395010798575
363.61643189679035
444.12211772335047
542.4519836100011
662.552352277398
809.2432732207985
988.411968164376
1207.2491059402175
1474.5373892787975
3.2
0.0014035233729768808
0.0026123238633597875
0.0045028424585248075
0.00858108586159258
0.018379359455802515
0.03803222515563686
0.0700384998343289
0.11357488398265285
0.16505032017568727
0.22111531780014215
0.28165984399914584
0.35000202613263154
0.43077906028265556
0.5284039627669979
0.6471668927074028
0.791897269131174
0.9684090452858649
1.1837864732749876
1.4466734089738487
1.7676204281894579
2.1595082617250045
2.638064744351224
3.2224960280417223
3.936257392288422
4.807994586825378
5.8726934861448505
7.173084195488744
8.76135596000542
10.70125170240409
13.070626250262949
15.964570923626638
19.499229883566034
23.816461405172852
29.089531148237164
35.530065916551884
43.39654698462058
53.00468385879378
64.74008480828849
79.07373267899553
96.5808870888175
117.96417161600938
144.08177255045155
175.98188092275996
214.9447600907933
262.53412721428555
320.65991066077885
391.65490224611887
478.36838025225774
584.2804610232427
713.6417682429053
871.6440253883748
1064.6284178226726
3.4
0.0009906491180544528
0.0018680336330328107
0.0032587557227093888
0.006377944656477093
0.014007474267162034
0.02919851981537116
0.053437835577126676
0.08556185812880611
0.12264959279098102
0.16255426151768987
0.20579786063903882
0.25512248341693067
0.31381732154998293
0.38490332268364275
0.4714103313478847
0.5768349287244995
0.7054098840027174
0.8622954141623674
1.0537878870144513
1.2875725678725463
1.5730320568535963
1.9216228455661164
2.3473351063467542
2.8672541669975504
3.5022462049824634
4.27779568039317
5.225028116817746
6.381959277888929
7.795020873360162
9.52092402665384
11.628935291368979
14.203656561288039
17.34842044143241
21.189437348327175
25.880860777171222
31.61097402286875
38.60974664976208
47.158063977725845
57.59899999630914
70.35158612855057
85.927628433304
104.95224817945316
128.18897015738156
156.57036560972858
191.2354795917057
233.5755448391876
285.2898168423131
348.4537709158038
425.60239832033557
519.83194436081
634.9241715822548
775.4981351793339
3.6
0.0007051844659692907
0.0013469770582299422
0.002378173446138202
0.004779737426716293
0.010742295574665061
0.022509070660355894
0.04089865993104362
0.06466363478739034
0.09151835940859548
0.12016535696320019
0.15139096725663678
0.18735667157440258
0.2303768881090546
0.28254943443651875
0.3460514614824277
0.4234411967016085
0.5178251009562468
0.6329911446062949
0.7735613454717104
0.9451772792889584
1.1547264960667945
1.4106189416512753
1.7231244783832433
2.104785050733519
2.570918037571115
3.1402309923615137
3.8355724429746827
4.684848883332996
5.7221447589991445
6.989090395656911
8.536532770253329
10.426576178719564
12.735074699429893
15.554676483708484
18.9985420514518
23.20488582012557
28.342523134640068
34.61764541989887
42.28209536665425
51.64347426297979
63.077487114016215
77.04302100301668
94.10056184126314
114.9346886725651
140.38154804841923
171.46241189676655
209.424664380197
255.79186398507628
312.42488923792735
381.59662229388516
466.0831676792146
569.275267112528
3.8
0.0005057721178946196
0.0009784562701341255
0.0017484305461690315
0.003607958483960771
0.008281818211766113
0.017412117254838044
0.03138586507890493
0.04901153419433859
0.06855282684132208
0.08928703603943836
0.11205505104430125
0.1385092862482491
0.1702751373689387
0.20883187503830894
0.25576583304740996
0.31296439900776024
0.3827233220136707
0.4678422757441772
0.5717373827058285
0.6985783183417088
0.8534556547675115
1.0425851633049859
1.2735572752107671
1.555641712333914
1.9001595136012857
2.320937388061834
2.8348626292696513
3.462560861667894
4.229223819320367
5.165620378654252
6.309331421506932
7.706258087869885
9.412463949806465
11.496425039451287
14.04177803261551
17.15067688225534
20.947892615291078
25.585820832018182
31.25059787664443
38.16957114235192
46.620423320457576
56.9423167818199
69.54950535367286
84.94795978970973
103.75567410536334
126.72746794311544
154.78528003979173
189.05516891244605
230.91250552723517
282.03717178587885
344.48098004408934
420.75001958589945
4
0.00036519812954221263
0.0007154546440912016
0.0012939543456080998
0.002740779812721768
0.006413673419507259
0.013508715406910827
0.02414243860059671
0.03724738650743669
0.051536468411515865
0.06666006418160293
0.08340481530844766
0.10300837705994591
0.1266150670674495
0.1552836661806249
0.19018282870471395
0.23271464166153602
0.284586109525139
0.34787901720984993
0.42513353134122756
0.5194501468305236
0.6346141206252721
0.775247387361874
0.9469940538316403
1.1567469168034716
1.4129240951602622
1.7258068785687601
2.1079523517335383
2.5746973542959837
3.144774002061746
3.841061472580759
4.691504226876049
5.730233518784504
6.998937202016331
8.54853281010039
10.441211055789184
12.752931762723675
15.576472399877662
19.025151567142903
23.237376868635604
28.382199695830845
34.666099853483544
42.34127231918617
51.715748713349804
63.16575969199901
77.15083439241253
94.23224297423631
115.09552233847222
140.57798914194115
171.70234425247293
209.71771732567922
256.1497987640735
312.8620710296994
4.2
0.00026529463928605195
0.0005262458121860879
0.0009632978633013006
0.002093728967544192
0.004986121815022814
0.010506612240652973
0.018609615149202945
0.028377337688014124
0.03887620287437474
0.049987676668710304
0.06239641711967939
0.07701685799488885
0.09465912449898166
0.1160914442456385
0.14218233786174486
0.17397949089199322
0.21275905158353794
0.2600773800621434
0.3178335269962543
0.3883454493580256
0.4744430381758331
0.5795816919980357
0.7079809941696126
0.864794059527152
1.056314346991176
1.2902282381712358
1.5759235188479725
1.9248661437787002
2.351060405722644
2.8716109768812728
3.507409379452178
4.283972435770126
5.232466347982989
6.3909575071758775
7.805940231305554
9.534202745432674
11.645106292590434
14.223368844011343
17.37246512877776
21.21877943802436
25.916677870306785
31.654703585152742
38.66314370207375
47.22327153180261
57.67863505915728
70.4488447353978
86.04641391354133
105.09732781148782
128.36616649625407
156.78679016669722
191.49981824230895
233.89840642506203
4.4
0.00019377686146798248
0.00038914370936191355
0.0007209769053286392
0.001607407675203185
0.0038892391385061224
0.008189378374340472
0.014371847127674921
0.02166995765855705
0.029420413986515702
0.037639388804537766
0.046896501588667414
0.05786147271309922
0.07111223019060561
0.08721288811377223
0.10681348077871368
0.1307008681165492
0.15983374016654134
0.19538130142361534
0.23877020033711086
0.29174178576923837
0.3564219934391047
0.43540666718813137
0.5318657393080547
0.6496704510536798
0.79354871914758
0.9692748836795136
1.1839014526486045
1.4460421438722815
1.7662175837278842
2.1572775368290804
2.634916612198422
3.218304143035024
3.9308535193639127
4.80116184958772
5.864157662858138
7.16250271359317
8.748304147477487
10.68520574417936
13.050942165697215
15.940458721290534
19.46972185611608
23.78037329185774
29.045414606355596
35.47615039449348
43.33066866293232
52.92419880923055
64.6417628832092
78.95362787431615
96.43417917700761
117.78497269344243
143.8628907351616
175.71453171873705
4.6
0.00014224298499815782
0.00028915447609285667
0.0005422307059810416
0.0012395244532672615
0.003042437930606507
0.006395282773213328
0.011118175287986837
0.016584300611837487
0.02233221240685151
0.028449663723285546
0.035396286192805146
0.04366006935646409
0.053656959749848236
0.06580543072298278
0.08059481811578333
0.0986187568599773
0.1206006125792678
0.14742259433878002
0.1801611624449672
0.22013023058885986
0.26893389781587995
0.3285308266531958
0.4013128511141899
0.49020096939534696
0.5987625737905548
0.7313546226700978
0.8932985005177081
1.0910935837747544
1.3326780836381105
1.6277476343480115
1.988144413033896
2.428332407863344
2.9659779086737452
3.622658517214015
4.424729132066874
5.404379663267317
6.60092692641874
8.062392564553809
9.847430325284787
12.027680041642496
14.690642790120355
17.943192616111183
21.915865769312155
26.76809955809143
32.69463117595799
39.933313141578545
48.774659178943374
59.573503548647146
72.76324179242734
88.87322441845194
108.55000159544767
132.58327148129916
4.8
0.00010488803593620649
0.00021580463724463084
0.0004096004956825072
0.0009596303116348444
0.0023860247458275577
0.005002553276288198
0.008614698221157666
0.012718577252118193
0.01700044617553451
0.021579868300153866
0.026819726777091317
0.033074778227078015
0.04064720348678485
0.04985009522990885
0.06105361295026017
0.07470742600012055
0.09135951036804482
0.11167817267200664
0.13647887217399007
0.1667569480261568
0.20372756572591183
0.24887448597425546
0.3040096132024219
0.37134571365849267
0.4535852214868333
0.5540286968993007
0.6767072892450412
0.8265445211885587
1.0095538869620482
1.233080195003457
1.5060943409085805
1.8395533409702756
2.246840075714981
2.7443003918887245
3.3518991186811946
4.094021326422409
5.000450985076828
6.107566299536657
7.459799694716697
9.111421044779274
11.128715713737488
13.592644819859451
16.602094491113796
20.27784450515468
24.767415621012162
30.25099009004247
36.94864300981686
45.12917470806774
55.120898648658276
67.32481779366076
82.23071827012812
100.43682620245576
5
0.00007766435462228552
0.00016171072797805167
0.00031066044228450593
0.0007455825944815916
0.0018753850168062877
0.003918920375030228
0.006684705786290671
0.009773216134614408
0.012976769496189856
0.016422854776199192
0.02039342375755924
0.025146356756319554
0.030903243928296926
0.037900000073923
0.04641780341857355
0.05679851603042972
0.06945875252297817
0.08490661264047832
0.10376207325061017
0.12678187019364365
0.15488986874883903
0.1892141415921631
0.23113224231355317
0.2823264914792676
0.3448514940635491
0.42121659796043137
0.5144866029252299
0.6284047617503604
0.7675430101433237
0.9374854545596427
1.1450524820021364
1.3985744860993363
1.7082261950517958
2.086435019200673
2.54837980664031
3.1126000236888287
3.801739808767931
4.643456761186753
5.67153193771453
6.927225605002432
8.46093315895726
10.334207668932665
12.622230218990552
15.416827186449579
18.830155561509816
22.999204196417427
28.091291651410494
34.31078127510442
41.90728302568232
51.18567119005973
62.518320064349595
76.36004863960144
5.2
0.00005772617460372713
0.0001216243009242605
0.00023649179968180853
0.0005811339578766833
0.0014769134213638633
0.00307409321054858
0.005194194541472141
0.00752408813776396
0.009930855839964727
0.012536501763327455
0.015557499405238583
0.019181621901918723
0.02357281772891043
0.028909897239025747
0.03540722746099863
0.04332557399110097
0.052982727931683946
0.06476626477913223
0.07914909924197436
0.09670846496872937
0.11814908096109378
0.1443314344220164
0.17630631512837097
0.21535698731422473
0.26305069157065336
0.32130154371352093
0.39244735497181205
0.47934345656122396
0.5854772941514834
0.7151083913062553
0.8734392991200145
1.0668243928608503
1.3030248953617007
1.5915203621441423
1.9438891292664418
2.3742729926038777
2.8999447677724204
3.542001508868379
4.326211207326055
5.284046951891867
6.453950054183743
7.882872833505971
9.628162978420663
11.75986511014746
14.363531920570338
17.543657700747602
21.42787206441616
26.172062172212215
31.966629031688115
39.04412895647906
47.688606869518395
58.24699602235801
5.4
0.00004305767530078124
0.00009178643382843408
0.00018064390071190607
0.00045426609705325263
0.0011651249972342446
0.0024142791585899975
0.004041216338454637
0.005802978803740502
0.0076183399124178245
0.00959708991657354
0.011903955258158553
0.01467607689899049
0.018035760866872377
0.02211920288857968
0.027090364265544852
0.03314875706440522
0.04053752587738372
0.04955320794072608
0.06055763423191436
0.07399245101699728
0.09039684466653014
0.1104291810974116
0.1348934283089062
0.16477142244133433
0.20126227230804297
0.24583048384230233
0.3002647358624872
0.3667496660338207
0.44795354804852017
0.547135378817995
0.6682756734620533
0.8162362173571845
0.9969551866546058
1.2176854681380438
1.4872857430446338
1.8165760170325302
2.2187718650149586
2.7100148185768584
3.3100201823156716
4.0428682782401975
4.9379708736433505
6.031251578597781
7.366587586601439
8.997570620218273
10.98965775547721
13.422798443769029
16.394643164251367
20.02446248041146
24.457933786567228
29.872987853210176
36.486949813486895
44.56526118438349
5.6
0.00003222115096763166
0.00006948655170595893
0.00013841858866572507
0.000356023920964481
0.0009205782377270778
0.0018981501348464837
0.003147989353820103
0.004483271310082181
0.005857748845255784
0.007366366935208132
0.009133649648658307
0.011260166214282939
0.013837839578113291
0.016970837385015484
0.02078493374112483
0.025433202463794255
0.031102194903344264
0.03801942763157983
0.046462513485998225
0.056770303147454265
0.06935648440829938
0.08472618491561311
0.10349624471741138
0.12641997221963688
0.15441737709768336
0.1886120935148839
0.23037647550678048
0.28138667436743314
0.34368990848608305
0.4197866254093985
0.5127308535812086
0.6262527712273672
0.7649084115055031
0.9342625121129515
1.1411118477496682
1.3937580085520351
1.702340572053889
2.0792440400354297
2.539594872064591
3.101868563432279
3.788631131649399
4.627444769965952
5.651974014961854
6.903336822604996
8.43175477619886
10.298568654860679
12.578700254369291
15.36365926189778
18.765215861072903
22.9198864618955
27.994412583562166
34.19245277740011
5.8
0.000024184796846929313
0.000052757832087610074
0.00010637229616308549
0.00027969067349237686
0.0007283649696449711
0.0014938471259470809
0.0024550196989141645
0.003469401083090712
0.004513819809292084
0.005668129538060884
0.007026014903498867
0.008661580601713667
0.010644372115668333
0.013054342937644871
0.015988230090654382
0.01956378105399618
0.02392449524411709
0.029245383432988374
0.035739991546584894
0.043668971012471205
0.053350539617275095
0.0651732527033868
0.07961159725931596
0.09724503474849347
0.1187812569326279
0.14508458802677077
0.1772106730649413
0.2164488446420865
0.26437386835816357
0.32290914369106644
0.3944038967711971
0.4817274630747652
0.5883844439313712
0.7186553584808504
0.8777684359362781
1.0721094427798494
1.3094779659937552
1.5994004378719828
1.95351246519785
2.386025806999603
2.9142987423410966
3.5595327190096677
4.347623242059177
5.310199151353128
6.4858919979647265
7.921886463966092
9.675814049396456
11.818066026716396
14.434618489732866
17.63048287612576
21.533920445140218
26.301589852408764
6
0.000018203866247928774
0.00004016496582561231
0.0000819663008164864
0.0002201982854983478
0.0005770012382648173
0.0011767386585769925
0.0019166986131383505
0.0026890564819018366
0.0034853798751716416
0.004371467899974933
0.005417571544841394
0.006678583656945746
0.008207424888696586
0.010065651267520976
0.012327847463012452
0.015084803462665776
0.018447165591605103
0.022549877248131938
0.02755759465662366
0.03367129509995192
0.041136342843571365
0.050252336465012905
0.061385132796728366
0.07498153004536098
0.09158719937274866
0.11186858459544201
0.13663964891517275
0.1668945421202214
0.20384749930704046
0.24898157239816748
0.30410815022322923
0.3714396559128886
0.45367833920742273
0.5541247272270446
0.6768100862141703
0.8266582104024669
1.0096830311680611
1.2332299772120106
1.5062707724056226
1.8397635025712749
2.247092401942913
2.7446050094810936
3.3522682530115677
4.094469792147588
5.000996780701029
6.108231329754708
7.460610649276198
9.112410470644152
11.129923319792258
13.594119071575145
16.603894553888612
20.28004262489207
6.2
0.000013737974317112901
0.00003065502287043336
0.0000633189421041505
0.00017370191207242983
0.0004576053936609049
0.0009277324044972435
0.0014979902529597081
0.0020873890655492486
0.002696501663035687
0.003378705376506992
0.004186570202401362
0.005160983133472527
0.006342416800037809
0.007778390437055645
0.009526538150807774
0.011657019290324208
0.014255337544526289
0.017425772548280462
0.021295564990439567
0.026020023229454934
0.03178875636316472
0.0388332839076394
0.04743632748822808
0.05794315745114233
0.07077544977482063
0.08644820940742236
0.10559043922378172
0.12897038411937373
0.15752636337541073
0.19240442870627955
0.2350043593389024
0.2870358400680676
0.35058707691035695
0.4282086041437791
0.5230156462038783
0.6388131425786304
0.7802484533901406
0.9529978742743354
1.1639944460556533
1.4217062020188902
1.736476019818204
2.120936717473673
2.5905180527152774
3.1640659733381713
3.864598971260279
4.720231895426422
5.765304299283129
7.041758608294151
8.600823415416304
10.505069465738488
12.830920839521381
15.671722119017002
6.4
0.00001039311451330956
0.000023451850550626962
0.000049028686599214406
0.00013727029483689718
0.00036328414635124976
0.0007319962193826863
0.0011719303798693372
0.0016227011114411107
0.0020900223638504437
0.002616668364778661
0.0032419371702931917
0.003996454226184634
0.004911306745572679
0.006023265656748024
0.007376959351045349
0.009026716326305367
0.011038747122686508
0.013493801600776146
0.016490409717058785
0.020148835877033793
0.024615905568116252
0.030070897981966806
0.036732741117909244
0.04486879813230196
0.054805597560801514
0.06694193805491683
0.08176489357225458
0.09986936136466376
0.12198193729374951
0.14899007667406516
0.18197771097095267
0.22226874977618608
0.27148021394845206
0.3315871323381541
0.4050018066299754
0.4946706254796531
0.6041923134362016
0.7379623603940474
0.9013494280361
1.1009108130777405
1.3446556146082405
1.6423661673590635
2.0059906411447503
2.450122562870451
2.992586506007957
3.6551534533154952
4.464414542749674
5.452848263548113
6.660123931342478
8.134693757782893
9.935737407570173
12.135537086262818
6.6
7.880717205264253e-6
0.000017980766837389036
0.00003804686602615416
0.00010865863965806653
0.00028867071765807726
0.0005779845859007872
0.0009177310887047948
0.0012632234480134035
0.0016227755920649994
0.002030332558773254
0.0025152660253349376
0.003100641865870139
0.003810427923806498
0.004673139105448714
0.005723399761368856
0.007003360545913306
0.008564390779629056
0.010469140086951519
0.01279405274560878
0.015632435663905937
0.019098203114602707
0.02333044851463718
0.028499026732316152
0.03481137095962465
0.04252081773457463
0.051936774225924125
0.06343713582933844
0.07748345243647806
0.09463945205274829
0.11559366518154975
0.14118705797097428
0.1724467831381585
0.21062740321440113
0.25726124054461175
0.31421987476336005
0.38378925585717455
0.4687614473640146
0.5725466816866509
0.6993102246931868
0.8541395424612739
1.043248479155743
1.274226640412594
1.5563439908623942
1.9009228903599036
2.321792500040528
2.83584379511421
3.463707458982253
4.230581865135019
5.167244376089652
6.3112865472823865
7.708622808047634
9.415333168907619
6.8
5.988554463835225e-6
0.000013814507036798844
0.00002958553036324592
0.00008614081422645386
0.000229575216828405
0.00045669438715729445
0.0007193404873459369
0.0009847009559203696
0.0012620699572099625
0.0015781749681770946
0.0019549809430131028
0.0024099525067222756
0.0029616285352374225
0.003632164782717386
0.00444847255378583
0.005443313148077002
0.0066566130117673514
0.00813706612857749
0.009944088280304766
0.012150201610776713
0.014843945194144035
0.018133428418785538
0.022150669796650202
0.027056895329727024
0.03304900907560293
0.04036749559861741
0.04930607145989271
0.06022347309421446
0.07355785416276364
0.08984437019800827
0.10973665627427939
0.13403305967837156
0.16370868038934958
0.19995450526451644
0.24422520652383567
0.2982975228538194
0.3643415661695695
0.44500791582571214
0.5435339956727638
0.66387400324336
0.8108576055838926
0.9903837707506671
1.2096575141109458
1.4774790609081132
1.8045970302003675
2.204139814684525
2.692142469187789
3.2881902537409853
4.0162046587919304
4.905403458651243
5.991473323345961
7.318002049993095
7
4.559939872849668e-6
0.000010634192018128472
0.000023050314517216366
0.00006838454832334036
0.0001827184921645478
0.00036109388578380703
0.0005643452299804621
0.0007685783659463386
0.0009830788302229436
0.0012287572012391432
0.0015220589176988218
0.001876273998300331
0.002305782490600963
0.0028278299779054324
0.00346336821042094
0.004237903569927835
0.005182520879983496
0.006335130950021212
0.007741992069236424
0.009459566514163182
0.011556786578097932
0.014117821066046036
0.017245453284398873
0.021065206095946802
0.025730379593090724
0.03142820356878939
0.038387351705610154
0.04688711905351207
0.05726863112087281
0.06994853443891656
0.08543571804995685
0.1043517370114947
0.12745575758310404
0.155675025234042
0.19014207825970986
0.23224020052005934
0.2836589374779312
0.346461903590876
0.42316960240521573
0.5168605832132487
0.6312949940462681
0.7710654896174325
0.9417815506815082
1.1502946121937454
1.4049730354516445
1.71603795981716
2.095973512934168
2.560027842574938
3.126825078411784
3.8191127836727996
4.664674894757123
5.697446788149654
7.2
3.4787762168946376e-6
8.200986513911355e-6
0.00001799124890536517
0.00005435804963979276
0.00014552851687185689
0.0002856831803549983
0.0004431323062675809
0.00060063360685877
0.0007668987134872303
0.000958202269031138
0.0011868781634011847
0.0014630870212758039
0.0017980104849875179
0.0022050943528581267
0.0027006763993362463
0.003304646072435688
0.004041242795820795
0.004940028782370682
0.0060370754695739295
0.007376411192977185
0.009011788197894716
0.011008839905731062
0.013447715013636327
0.016426294143169522
0.02006411813330598
0.024507185634023532
0.029933812544799616
0.03656178845774395
0.04465711731864415
0.054544693099315464
0.06662133893346985
0.08137173302241131
0.09938786047296116
0.121392771738972
0.14826960117368468
0.18109701031337772
0.22119247835167843
0.2701651772057009
0.32998055323529324
0.40303920750646904
0.4922732403415493
0.6012639268001185
0.7343854458220148
0.8969804313869456
1.0955743911753453
1.3381375981042256
1.6344049653740564
1.9962667426705214
2.4382457137275733
2.9780800465378827
3.637435188364041
4.44277337620045
7.4
2.6587517954818305e-6
6.3354134916594375e-6
0.000014066526675095748
0.0000432597345931378
0.0001159839251319526
0.00022615490378691245
0.0003482474636528003
0.0004699457872881976
0.0005991000742218592
0.0007483231241528538
0.0009268849483555571
0.0011425871263353894
0.0014041431319097384
0.0017220522996381962
0.0021090734725371313
0.002580739169346957
0.0031559789906121646
0.003857879330166594
0.004714609913172804
0.0057605543461100835
0.007037690051638341
0.008597272969946302
0.010501894639605243
0.01282799421580665
0.01566892624203573
0.019138707295684898
0.02337659187366948
0.028552661164326188
0.034874649002700576
0.042596278958751316
0.05202744715509668
0.06354665948653342
0.0776162223905265
0.0948007968282834
0.11579006011084027
0.14142638507212196
0.17273864744806683
0.2109835182726318
0.25769589849887425
0.31475051996350983
0.3844371849583333
0.46955266403604556
0.5735129402327519
0.700490304461516
0.8555808041966019
1.0450087657520681
1.276376598351794
1.5589699055055923
1.9041301488819429
2.3257098209873477
2.8406283943300306
3.469551359259969
7.6
2.035497066289309e-6
4.9021840915993176e-6
0.000011015683277062899
0.0000344650793858773
0.00009249330420340506
0.00017913164400246506
0.0002739031684443134
0.00036811406381975277
0.0004686422301194116
0.0005852288831490176
0.0007248585308736598
0.0008935449447533041
0.0010980912997080776
0.0013467078995015103
0.001649372615855727
0.0020182324466233603
0.002468091031968561
0.0030170027764837353
0.003686997435833487
0.004504964248207343
0.0055037310938670465
0.006723381993235098
0.008212865819382145
0.010031960788191492
0.012253673568037145
0.014967169293730872
0.018281350076478405
0.02232922562796919
0.02727325140713932
0.03331184852815875
0.04068736709644672
0.049695812569350725
0.060698725494419355
0.07413769140141581
0.09055206317936505
0.11060060720256122
0.13508794193786772
0.1649968301090765
0.20152762041573785
0.24614642174113047
0.30064394324971233
0.3672073618333886
0.4485081011999371
0.547809045486396
0.6690954902562436
0.8172350864036929
0.9981731960755265
1.2191715009296815
1.4890994389176346
1.8187901659721128
2.221475328592475
2.7133160962781755
7.8
1.5608651570059588e-6
3.7990228837098624e-6
8.63965226960498e-6
0.000027486228938966466
0.0000738017422634248
0.00014196228469491945
0.00021560056667996053
0.0002886650901495625
0.00036705830635315375
0.0004582827780979682
0.0005676154552415562
0.0006997084619924838
0.0008598826211263216
0.0010545668823637793
0.0012915746154059417
0.0015804177727840765
0.0019326886446098838
0.0023625250978753015
0.002887177978705703
0.0035277034493898054
0.004309808046107284
0.005264880372477837
0.006431250834440734
0.007855729974046004
0.009595487140849865
0.011720344898654112
0.014315581250164038
0.017485352142658294
0.02135687161187299
0.02608551732793449
0.031861066446829706
0.038915312034028246
0.04753136573408067
0.058055020034986526
0.07090862613489757
0.08660804437867542
0.1057833475448392
0.12920410787850317
0.1578102827277296
0.19274993833229437
0.23542532575307676
0.2875491581307159
0.3512133478777146
0.4289729624687535
0.5239487682698943
0.6399524778240228
0.7816397273930289
0.9546969237189599
1.1660694597619954
1.4242404575728538
1.7395712257935434
2.124717095354182
8
1.1987438407073033e-6
2.948402003047923e-6
6.785871008627846e-6
0.00002194116678246038
0.00005891824891316136
0.00011256373015070502
0.00016983854353605718
0.00022660256144635619
0.0002878412227011987
0.00035932022672997154
0.0004450381654436047
0.0005486053197239924
0.0006741896147050958
0.0008268315030728849
0.0010126570428548632
0.0012391240654410591
0.0015153214876355513
0.001852334081784487
0.0022636873466204592
0.002765890333021169
0.0033790982101875337
0.004127921163347292
0.005042412086903225
0.006159272712619231
0.0075233265789663726
0.009189317957117043
0.011224108930771085
0.013709362806336587
0.01674482154815812
0.02045230877376346
0.024980618963386807
0.030511489104913227
0.03726689243732445
0.04551794701618001
0.05559579663314696
0.06790490077908436
0.08293926702356472
0.10130227727321943
0.12373090360626914
0.15112528554970772
0.1845848558391244
0.2254524645147533
0.27536827220865373
0.3363355755498711
0.410801206492209
0.501753732256703
0.6128433971046091
0.7485286193021938
0.9142549232546224
1.1166734874440245
1.363908079591109
1.6658810919782676
8.2
9.21977019740368e-7
2.2914032404331554e-6
5.337113161160177e-6
0.000017530087670367063
0.0000470592266748813
0.000089297680494226
0.00013388946235141588
0.00017806407688867524
0.00022597980668487644
0.0002820600677823029
0.0003493441025840547
0.0004306416885973368
0.0005292222714422698
0.0006490424008455916
0.0007949108807337726
0.0009726819253867964
0.0011894901110236146
0.0014540367113994015
0.0017769389104720387
0.002171155907277258
0.002652509014088507
0.003240316621225781
0.003958169511893661
0.004834877643152367
0.0059056263906374215
0.007213388661238317
0.008810649546740554
0.0107615127348424
0.013144273215227566
0.01605455953241337
0.019609171695016837
0.0239507687702132
0.02925359429301126
0.035730469271124214
0.04364133343927422
0.053303677553457295
0.06510528540976686
0.07951979696973237
0.09712571719503817
0.11862963348290449
0.14489457349933493
0.17697464150964812
0.2161573232838564
0.2640151574212865
0.32246884684612814
0.3938643433519628
0.48106699892404925
0.5875765622959023
0.7176676362339328
0.8765612323160151
1.0706343084661814
1.3076756986671243
8.4
7.100935679071659e-7
1.7831437338704698e-6
4.2030842337394914e-6
0.000014017222703785966
0.0000376043317566804
0.00007087454050228647
0.00010562604616877951
0.0001400592361633193
0.00017760736952321168
0.00022165980374741175
0.00027453387743986397
0.00033842195338464726
0.00041589200342721544
0.0005100532592106521
0.0006246847432032684
0.0007643870193572216
0.000934766830542987
0.0011426621168277808
0.0013964164460190467
0.0017062138703395238
0.002084487648201214
0.0025464192345174526
0.003110547565797319
0.0037995130927683295
0.004640966421146934
0.0056686780275438135
0.0069238935872648795
0.008456989308082249
0.010329493704336477
0.012616556952258091
0.01540996693040994
0.018821832989542948
0.022989085294484405
0.028078970312446886
0.034295763000999645
0.041888965079374035
0.05116331840851598
0.06249103535198734
0.07632673696504132
0.0932256985338532
0.11386613472245806
0.13907641870859172
0.16986832770792817
0.20747764914633746
0.2534137771484289
0.3095202898221559
0.3780489385288529
0.4617500185571206
0.5639827481443681
0.6888500856923905
0.8413633958959511
1.0276435734040708
8.6
5.476260910561734e-7
1.3893553548804696e-6
3.3140743520260356e-6
0.000011216810601986
0.00003006192982105111
0.000056278377640138506
0.00008338755268619747
0.00011026935782088674
0.0001397347841411126
0.0001743786007412307
0.00021597331805636342
0.000266233461013178
0.00032717844183491004
0.0004012542420289397
0.0004914337838542125
0.0006013362889662032
0.0007353725307898101
0.000898921854342196
0.0010985480682375167
0.0013422628733749528
0.0016398474006265396
0.002003244761959632
0.0024470393694581856
0.00298904225899313
0.0036510059096200053
0.004459497246950755
0.005446963867158736
0.006653036272943161
0.008126118384755587
0.009925330160085137
0.012122880284936837
0.01480696416194282
0.018085303501545063
0.022089469572471924
0.026980163618730395
0.03295366636478836
0.040249715450235854
0.04916112694303781
0.06004554707648836
0.07333980584833409
0.08957744854239788
0.10941014877422289
0.13363386244144596
0.16322077222876064
0.1993583047126208
0.243496785958264
0.2974076482012806
0.36325452363488137
0.44368007857509334
0.5419120729349481
0.6618929015640138
0.8084378163964581
8.8
4.228623968931476e-7
1.083818657211746e-6
2.6161489632362316e-6
8.98223488577555e-6
0.000024042005158041435
0.0000447082402550837
0.00006587618742713072
0.00008689403909556263
0.00011004723967270146
0.00013732120241325254
0.0001700759714421051
0.00020965511707497805
0.00025764843470096145
0.0003159820885385809
0.00038699721307735256
0.00047354389461599027
0.0005790955553713719
0.0007078883541062583
0.0008650911980555772
0.0010570131893240457
0.0012913568313058996
0.001577527157189008
0.0019270091869626543
0.002353828861598945
0.002875115953304214
0.0035117915434321753
0.004289407658934678
0.005239172764922067
0.006399204269949075
0.0078160583114593
0.009546598217050537
0.01166027662947189
0.014241922885042127
0.01739514751277207
0.02124650048869516
0.02595055013075268
0.03169608646811086
0.038713698047959016
0.04728502626347718
0.05775406861193689
0.07054098452208278
0.08615895782729595
0.10523479263473828
0.12853406917503163
0.15699186922504893
0.1917503042233719
0.23420435221095917
0.2860578431989662
0.34939183985251215
0.4267481578373015
0.5212313778105038
0.6366334431427467
9
3.2691551419116655e-7
8.464321267944177e-7
2.0674935703648144e-6
7.197587818054457e-6
0.000019234875427371747
0.00003553221317812327
0.00005207682189440453
0.00006853339311768122
0.00008674911246100776
0.00010824280234762382
0.0001340612427173465
0.000165259230699256
0.00020308963926993294
0.00024907074809717763
0.00030504794059212754
0.000373267778038782
0.0004564681620505409
0.0005579882161738261
0.0006819022966413349
0.0008331835105943851
0.0010179033043339406
0.0012434751317769032
0.0015189519823947313
0.0018553897094695316
0.0022662907402998117
0.0027681459760247355
0.003381096629387406
0.004129742562322884
0.005044129564794022
0.006160955197840503
0.007525041595557272
0.009191134334716905
0.011226099566990264
0.013711607592396027
0.016747410575204326
0.020455345948542543
0.024984226178380916
0.030515811130343056
0.037272102731229904
0.04552425470931643
0.055603454827727605
0.06791421684870881
0.08295061485481779
0.10131611229441445
0.12374778106538686
0.15114588279944013
0.18460999951785081
0.2254831637266363
0.2754057590213259
0.33638135444074796
0.41085711472892356
0.5018220136483462
9.2
2.530290218337921e-7
6.617553492142953e-7
1.635627503983567e-6
5.771101175520347e-6
0.000015394439554059314
0.000028251405572890675
0.00004119469879881701
0.000054097512720548093
0.00006844529249627434
0.00008539998420937204
0.00010576967064515231
0.00013038379694486573
0.00016023067620420515
0.000196508175078525
0.0002406722370056425
0.0002944953208611853
0.0003601375359863698
0.00044023333495933837
0.0005379972434280326
0.0006573528703119324
0.0008030903760044137
0.0009810587183271002
0.00119840039174665
0.0014638380807571784
0.0017880247318320225
0.002183971093575919
0.002667567883747721
0.0032582235395604495
0.003979643146414542
0.004860779806209087
0.005936996626982311
0.007251485968605399
0.008857002903842812
0.010817982464657948
0.013213125646292545
0.016138557954543737
0.019711687259827085
0.024075915787287742
0.02940639535155455
0.035917056826210506
0.04386919588001758
0.05358195981175431
0.06544515592975819
0.07993489594875175
0.09763270401262666
0.11924885530131865
0.14565088186238817
0.1778983897280639
0.21728558461579875
0.2653932129589199
0.32415200279523004
0.3959201506786336
9.4
1.9605675907442092e-7
5.179068473441428e-7
1.2952743020642092e-6
4.630017882235216e-6
0.000012324973099915206
0.00002247169458983442
0.00003260703870835356
0.00004273675054159998
0.0000540502006786022
0.00006743657886248893
0.0000835214951886318
0.0001029581483349494
0.00012652687000572996
0.00015517355922241925
0.00019004790822191797
0.00023254954708177352
0.0002843842158030577
0.00034763222164521375
0.00042483192916129556
0.0005190816336807068
0.0006341639067793396
0.0007746974041571333
0.0009463222285106245
0.0011559262866577098
0.0014119217254203523
0.0017245825406175638
0.002106456908589822
0.0025728707885756567
0.003142543007269106
0.0038383365110611595
0.004688175936355696
0.005726168323278402
0.006993971950954951
0.008542468230524465
0.010433803754825277
0.01274388445937704
0.015565421994096924
0.019011654567346173
0.023220891592824356
0.02836206453818786
0.03464150670681958
0.04231123418035807
0.051679060046373966
0.06312094804917005
0.07709610133061269
0.0941653918618859
0.11501387020376361
0.14047825899868444
0.1715805335789739
0.20956893743403474
0.25596807859350706
0.3126401175123049
9.6
1.5207215702254008e-7
4.057281532587412e-7
1.0267297546509357e-6
3.716579155195713e-6
9.870705340048362e-6
0.000017881533130793012
0.00002582540432460672
0.000033787943118296235
0.00004271789079346563
0.000053296060322154463
0.00006600812097572954
0.00008136915892169071
0.000099995825092981
0.00012263567482824172
0.00015019732479734586
0.00018378692078910595
0.00022475253123193726
0.0002747382499127523
0.0003357501792337203
0.00041023694214645847
0.0005011879539867259
0.0006122533982114317
0.0007478907210732939
0.0009135435245947979
0.0011158600374267674
0.0013629599316110476
0.0016647601935278267
0.002033373127380383
0.002483592464492018
0.0030334870876883276
0.0037051261990091676
0.004525465034276714
0.005527426671355266
0.006751223348866718
0.008245970324521176
0.010071657042864272
0.012301554722323969
0.015025156986480636
0.018351771557405465
0.022414907161509078
0.02737763168768597
0.03343911670599956
0.0408426308904335
0.049885303260702875
0.060930048010008266
0.0744201295267239
0.09089695214649078
0.11102178861739095
0.13560231928895097
0.1656250471668397
0.2022948897357631
0.24708353653566037
9.8
1.1807419655780922e-7
3.1814830229512725e-7
8.14608263524043e-7
2.9848777434143955e-6
7.907581556204375e-6
0.000014234504652378886
0.000020466399795664172
0.0000267328684457785
0.000033788243565529476
0.00004215416564680726
0.000052208644180473746
0.00006435834504849377
0.00007909097131913788
0.00009699779597322533
0.00011879748276202008
0.000145364929660282
0.00017776638159682124
0.0002173022226069254
0.0002655591648098814
0.00032447392873838035
0.00039641097073243143
0.00048425737687501056
0.0005915387318945891
0.0007225606132588314
0.000882581389115229
0.0010780232550703108
0.0013167299794477692
0.001608281701253007
0.0019643794147895972
0.0023993145716456367
0.0029305426468266794
0.003579383688258026
0.004371877965167734
0.0053398310555243245
0.006522090315557628
0.00796610396056661
0.009729825328400644
0.011884038750399758
0.014515200375139647
0.01772890795726039
0.021654138866127694
0.026448426400523726
0.03230418215310025
0.039456418163156634
0.04819217877498374
0.05886206073594459
0.07189428387163115
0.08781187705758858
0.10725366919806092
0.13099992767720117
0.1600036732255875
0.19542892799174957
10
9.176559185004563e-8
2.496996136936666e-7
6.468775946153673e-7
2.398385392869878e-6
6.336744813966616e-6
0.00001133559806697533
0.0000162288356467341
0.000021166105874407403
0.000026745469777021722
0.00003336696472343091
0.00004132552348088903
0.000050942565637081445
0.00006260411131788689
0.00007677817980252831
0.00009403362622906991
0.00011506297225062287
0.00014071019936218673
0.00017200462084171643
0.00021020219170350218
0.00025683591458907815
0.0003137773645391961
0.0003833118018750654
0.00046822988771929474
0.0005719396830245867
0.0006986034260258514
0.0008533045774765795
0.0010422518377770458
0.0012730283239219225
0.0015548959068864415
0.0018991669216430296
0.0023196581736675435
0.0028332454530703966
0.0034605408207110605
0.0042267198422665945
0.005162531972112245
0.006305534636877991
0.007701600546855367
0.009406758728932542
0.011489443168170427
0.014033239303918876
0.017140238606977967
0.020935135868796584
0.02557023364127689
0.031231554672961084
0.03814630765509885
0.046592005904717404
0.056907604945915465
0.0695071059901799
0.08489617125387126
0.10369241796065512
0.1266502054889101
0.15469091046261615
10.2
7.138509904548027e-8
1.961479602783785e-7
5.14114056499673e-7
1.928006467342274e-6
5.079372796733831e-6
9.030400924409708e-6
0.000012875914871869025
0.00001677013425661931
0.0000211860488608259
0.00002643076052373302
0.000032734908548704405
0.0000403527912056129
0.00004959017279564422
0.00006081778214228149
0.00007448622263196461
0.00009114405677472475
0.00011145982194441668
0.00013624886113119795
0.0001665060455162296
0.00020344570215088316
0.00024855034915917043
0.0003036301943984527
0.0003708957854569948
0.0004530467266895052
0.0005533800238188385
0.0006759224043531131
0.0008255919242986219
0.0010083953470160969
0.001231669215725544
0.001504374294745994
0.0018374551964310214
0.0022442796268889874
0.0027411748789796173
0.003348083103878886
0.004089361659653941
0.004994760657553587
0.006100616938435034
0.00745131239777519
0.009101055186969695
0.011116055276789842
0.013577181695984056
0.01658320808935831
0.020254776850950524
0.024739240926916452
0.03021657760500731
0.036906611643705144
0.04507783759385647
0.055058195444637116
0.06724823200173846
0.08213717623368327
0.10032257375091953
0.12253426840937393
10.4
5.558048426819902e-8
1.5420988950477515e-7
4.089265781764939e-7
1.5505431134369244e-6
4.072583980496841e-6
7.196584044052318e-6
0.00001022132268526205
0.00001329601119026066
0.00001679391497539152
0.000020951068406534536
0.000025948216163058668
0.00003198673808903106
0.000039308999987427076
0.000048208870078312394
0.000059043531398230436
0.00007224781694905391
0.00008835166107338884
0.0001080013675802806
0.0001319855481866477
0.00016126677227455683
0.0001970201981798879
0.00024068073642281252
0.00029400063770591286
0.0003591198168864863
0.0004386517352737872
0.0005357882880083668
0.000654427906021006
0.0007993320137545003
0.0009763161218450256
0.0011924832239836047
0.0014565088649932387
0.0017789893209024061
0.0021728668647189317
0.0026539491852675175
0.0032415438052685198
0.003959232959999892
0.004835820035241358
0.005906485548204629
0.007214199091723923
0.008811443721646725
0.01076232255362472
0.013145131178758903
0.01605550007378194
0.019610232561455502
0.02395199253703109
0.029255030076528892
0.03573217469287241
0.04364337694405094
0.05330614115430009
0.0651082679796344
0.07952341820958983
0.09713012243801498
10.6
4.3312106104870115e-8
1.213357809153896e-7
3.2551051124077675e-7
1.2474830089879959e-6
3.266188742075896e-6
5.737186997512639e-6
8.118354337367632e-6
0.000010548362208693512
0.000013321220786070643
0.000016618577558029698
0.000020582355602247498
0.000025372164798090603
0.000031180247981194156
0.00003823970399694044
0.00004683385360276364
0.0000573076101984827
0.00007008132241216306
0.00008566764416643108
0.00010469210928056331
0.00012791823633915154
0.00015627817137341905
0.00019091009815460567
0.00023320391750570403
0.000284857028900831
0.00034794245306652474
0.00042499202958262076
0.0005190980284940997
0.0006340372539658491
0.0007744226206950449
0.0009458882863749823
0.0011553157702254352
0.001411110132523676
0.001723537299186547
0.002105136069413964
0.0025712213417411014
0.0031404987546764405
0.0038358154096894666
0.004685076805547209
0.005722366799612897
0.0069893154341537376
0.00853676985380035
0.010426834822308204
0.012735365283337349
0.015555010670090118
0.01899893325183799
0.023205349736045013
0.028343078383763366
0.03461831428648534
0.04228290469468037
0.05164445653359993
0.06307868174923018
0.07704447594773203
10.8
3.377959909759922e-8
9.554332270068261e-8
2.593012919424277e-7
1.0040404649028796e-6
2.620108859796955e-6
4.575320053439647e-6
6.451409747019166e-6
8.373703232617156e-6
0.000010573401869545933
0.000013190492630773613
0.000016336618536216523
0.000020138383829973416
0.000024748373138630455
0.000030351601558712638
0.00003717294632101406
0.00004548617194227129
0.000055624917356368116
0.00006799608601627942
0.00008309617635845255
0.00010153120802843499
0.000124041043576846
0.00015152908174149307
0.00018509851401126028
0.00022609659957326578
0.00027616873555508996
0.0003373244925889616
0.0004120182659370586
0.0005032477789914645
0.0006146743924935841
0.0007507700475245123
0.0009169967407483914
0.0011200257329723332
0.0013680052905397507
0.001670887703807505
0.0020408287075137036
0.0024926753330826294
0.0030445617721565604
0.0037186371653218407
0.004541954534085878
0.005547556467596889
0.006775801329992187
0.008275982891251522
0.010108308704885233
0.012346316439526099
0.015079825203481247
0.018418540302366948
0.02249645609495246
0.027477233661163662
0.033560769093312355
0.040991216028994325
0.050066784393905966
0.06115170861292633
11
2.6366025676347653e-8
7.528941002365337e-8
2.067051379585181e-7
8.083968749282107e-7
2.1023263145525074e-6
3.6499811129771574e-6
5.129333831033506e-6
6.651344633520926e-6
8.397562952940562e-6
0.0000104760289835915
0.000012974713823086062
0.000015994115689514222
0.00001965541755723706
0.000024105560346355664
0.000029523143912508096
0.000036125594906684675
0.0000441778928700417
0.00005400320479335204
0.00006599585494311635
0.00008063715047897525
0.00009851469799979091
0.00012034598625978119
0.0001470071815119243
0.0001795682911353488
0.00021933610678902764
0.0002679066505494726
0.0003272292288805219
0.0003996846651462996
0.00048818085041244343
0.0005962694473248647
0.0007282884308019437
0.0008895361862022926
0.001086484152127813
0.0013270365419989973
0.0016208475678089482
0.0019797088977084143
0.0024180228969123843
0.0029533806452177653
0.0036072679341632337
0.004405927540441661
0.0053814124944638045
0.006572872427326639
0.008028124809619433
0.009805574029180742
0.01197655536414679
0.014628197918688473
0.01786692141852772
0.02182270720999066
0.026654314866515025
0.032555653768241884
0.039763565366417994
0.04856732846206119
