60.
300
1.
0.9906422933146115
0.9637460711572907
0.9224543695418086
0.8709418998862644
0.8134317357935393
0.7535268492768102
0.6939369829258027
0.6364927043065628
0.5822998760131887
0.5319285307214809
0.4855822469191495
0.44323003142387224
0.4047008814829127
0.3697479187055529
0.33809003879575067
0.30943788425574004
0.2835093001313228
0.2600379362957978
0.23877749622722524
0.21950329380694175
0.20201220128860584
0.1861216829030039
0.1716683521193482
0.15850632343583806
0.14650552185570317
0.1355500444571526
0.12553662511969144
0.11637322655004238
0.10797776739231556
0.10027698258946442
0.09320540980942098
0.08670449205907284
0.08072178555232119
0.07521026181540211
0.07012769348450426
0.0654361140139057
0.061101342404654285
0.05709256498559355
0.053381967173305706
0.04994440897415898
0.04675713875534495
0.04379954049772305
0.0410529103524637
0.03850025886021906
0.03612613566176463
0.033916473939377946
0.03185845218525989
0.029940371203405754
0.02815154452035437
0.02648220061347889
0.024923395567637553
0.023466934946259836
0.022105303814916596
0.020831603987301883
0.019639497678064295
0.01852315684645718
0.017477217601359108
0.01649673911362969
0.015577166547502441
0.014714297580113915
0.01390425212841341
0.013143444946589781
0.012428560795592725
0.011756531920057154
0.011124517597554742
0.010529885551167649
0.009970195039255957
0.00944318145661451
0.008946742298961679
0.008478924358540637
0.008037912032554537
0.007622016638525792
0.0072296666416408395
0.00685939870888514
0.006509849513431733
0.006179748220459144
0.0058679095924419385
0.005573227658089053
0.005294669894567864
0.005031271877561507
0.0047821323580687775
0.004546408728787424
0.004323312846437481
0.004112107179537209
0.003912101253983275
0.003722648371337116
0.0035431425770167707
0.003373015857663391
0.003211735548818229
0.003058801935731648
0.002913746031646096
0.0027761275192749466
0.0026455328424414303
0.0025215734359731387
0.002403884082969054
0.002292121389484527
0.0021859623675228876
0.00208510311798667
0.001989257605939312
0.0018981565211601901
0.0018115462175543095
0.0017291877255023503
0.0016508558317176881
0.001576338221613258
0.0015054346795819347
0.0014379563429583796
0.0013737250057649587
0.0013125724686492654
0.0012543399317009752
0.0011988774270919654
0.0011460432887182783
0.0010957036562386404
0.0010477320111015333
0.001002008742334458
0.0009584207400366253
0.000916861014668681
0.0008772283403754112
0.0008394269207063897
0.0008033660752196812
0.0007689599455637503
0.0007361272197346168
0.0007047908732996838
0.0006748779264590945
0.0006463192159166229
0.0006190491805757662
0.000593005660159695
0.0005681297059326537
0.000544365402727433
0.0005216597015599924
0.0004999622621540352
0.0004792253047462128
0.0004594034705851436
0.00044045369057742786
0.00042233506157055044
0.0004050087297968067
0.00038843778103433925
0.0003725871370704476
0.0003574234580801558
0.0003429150505582178
0.0003290317804665196
0.00031574499128076664
0.0003030274266409392
0.00029085315732900853
0.0002791975123150175
0.0002680370136295418
0.00025734931483543087
0.0002471131428866188
0.00023730824317473402
0.0002279153275770472
0.00021891602533081429
0.00021029283656990376
0.0002020290883698719
0.00019410889315709293
0.00018651710934631797
0.00017923930407952071
0.00017226171794638843
0.00016557123157433107
0.0001591553339823376
0.00015300209259968655
0.00014710012485618333
0.00014143857125630994
0.0001360070698547849
0.00013079573205598707
0.0001257951196641792
0.00012099622311588454
0.00011639044082954933
0.0001119695596117044
0.00010772573606208802
0.00010365147892367696
0.00009973963232664185
0.00009598335987811486
0.0000923761295525008
0.00008891169933956925
0.00008558410360996388
0.00008238764016014975
0.00007931685790085026
0.00007636654515508765
0.00007353171853385814
0.0000708076123591526
0.00006818966860588194
0.00006567352733564263
0.00006325501759692239
0.00006093014876759215
0.000058695102316992775
0.00005654622396604076
0.000054480016225008
0.000052493131289751633
0.00005058236427813457
0.00004874464678944603
0.00004697704077047693
0.00004527673267283933
0.00004364102788688889
0.00004206734543842585
0.00004055321293505592
0.0000390962617498035
0.00003769422243018679
0.00003634492032164924
0.00003504627139474027
0.00003379627826605103
0.00003259302640340753
0.00003143468050630183
0.00003031948105304867
0.000029245741006539273
0.000028211842670921816
0.000027216234691917022
0.000026257429193841816
0.00002533399904677299
0.00002444457525762325
0.00002358784447920031
0.000022762546631623304
0.000021967472630775013
0.000021201462218692604
0.000020463401891094413
0.00001975222291746494
0.000019066899449326312
0.000018406446712590136
0.00001776991928002975
0.000017156409420152294
0.00001656504551891143
0.000015994990570873963
0.000015445440736635513
0.000014915623963417598
0.000014404798665942302
0.000013912252464807156
0.000013437300979740366
0.000012979286675204804
0.000012537577755989184
0.000012111567110490671
0.000011700671299539578
0.000011304329523720946
0.000010922003022064954
0.000010553173535737762
0.000010197343109116056
9.854032952381405e-6
9.522782728515364e-6
9.203149808327386e-6
8.894708556816817e-6
8.597049650842893e-6
8.309779422664066e-6
8.032519234908853e-6
7.764904878927726e-6
7.506585999471596e-6
7.257225543221706e-6
7.0164992303179775e-6
6.784095047876857e-6
6.559712764535771e-6
6.343063465122178e-6
6.13386910455702e-6
5.9318620801718575e-6
5.73678482163612e-6
5.54838939774072e-6
5.366437139306458e-6
5.190698277529472e-6
5.020951597098284e-6
4.856984103455517e-6
4.698590703595081e-6
4.545573899822735e-6
4.397743495927352e-6
4.254916315235249e-6
4.116915930048179e-6
3.983572401981886e-6
3.854722032743512e-6
3.730207124915667e-6
3.609875752320107e-6
3.493581539562532e-6
3.3811834503770773e-6
3.27254558439791e-6
3.167536982012901e-6
3.066031436959631e-6
2.9679073163438957e-6
2.8730473877739195e-6
2.7813386533155997e-6
2.6926721899887635e-6
2.6069429965329524e-6
2.524049846188312e-6
2.4438951452425382e-6
2.3663847971099963e-6
2.291428071714962e-6
2.218937479965183e-6
2.148828653105967e-6
2.08102022676139e-6
2.0154337294648738e-6
1.951993475507083e-6
1.8906264619182707e-6
1.8312622694247694e-6
1.7738329672155816e-6
1.7182730213684852e-6
1.6645192067887028e-6
1.6125105225177883e-6
1.562188110281355e-6
1.5134951761434866e-6
1.4663769151457929e-6
1.4207804388131974e-6
1.3766547054104262e-6
1.3339504528433559e-6
1.2926201340981075e-6
1.2526178551199822e-6
1.2138993150339733e-6
1.1764217486174618e-6
1.1401438709340078e-6
