60.
300
1.0007748532931537
0.9996933199587182
0.9964639659085291
0.9911319556206357
0.9837706936439147
0.9744791611881921
0.9633784523122791
0.950607738063656
0.9363199067982264
0.9206771251511577
0.9038465401295845
0.8859963040481781
0.8672920569273059
0.8478939517030991
0.8279542612915758
0.8076155668285917
0.7870094952896861
0.7662559527622939
0.7454627863830667
0.7247258021403677
0.7041290658003034
0.6837454185027884
0.6636371455815808
0.6438567456204449
0.624447755683017
0.6054455973429272
0.5868784161363877
0.5687678941047869
0.5511300210836331
0.5339758153260638
0.5173119879916135
0.5011415490902292
0.4854643547709307
0.47027759750987785
0.4555762419028721
0.4413534095094728
0.4276007166225753
0.41430856902620183
0.4014664178192204
0.3890629802746606
0.37708642951343746
0.36552455652826366
0.35436490782164237
0.34359490163800915
0.3332019254865921
0.32317341737673205
0.31349693292680714
0.30416020026485235
0.2951511644152346
0.28645802266193426
0.2780692521948839
0.26997363118071555
0.2621602542520363
0.2546185432787707
0.24733825416972224
0.2403094803509846
0.23352265347875045
0.22696854186616394
0.22063824703585516
0.21452319875061931
0.20861514882327675
0.20290616396214248
0.1973886178699556
0.19205518278072617
0.18689882059020907
0.18191277371088546
0.17709055576102778
0.172425942179096
0.16791296083901658
0.16354588272845458
0.159319212740706
0.15522768062105013
0.15126623210006837
0.1474300202393725
0.14371439700919178
0.14011490511222147
0.1366272700638847
0.13324739253559817
0.12997134096466226
0.12679534443193233
0.12371578580639546
0.12072919515411862
0.11783224340768009
0.11502173629112585
0.1122946084946346
0.1096479180924204
0.10707884119690467
0.10458466684183268
0.10216279208676271
0.09981071733521282
0.09752604185868335
0.09530645951876753
0.09314975467962028
0.09105379830315252
0.08901654421944781
0.08703602556506441
0.08511035138206344
0.08323770337081042
0.08141633278980369
0.07964455749600853
0.07792075911940137
0.07624338036565707
0.0746109224411445
0.07302194259462283
0.0714750517702621
0.06996891236682869
0.06850223609810296
0.06707378194980287
0.06568235422850122
0.06432680069822141
0.06300601080059455
0.061718913954648326
0.060464477932478174
0.059241707307228914
0.058049641969980095
0.05688735571228984
0.055753954871307417
0.05464857703451025
0.05357038980126437
0.0525185895985396
0.05149240054824241
0.050491073383748745
0.049513884413339614
0.04856013452835095
0.0476291482539574
0.04672027284060988
0.04583287739424283
0.04496635204346066
0.04412010714199664
0.04329357250482402
0.04248619667637488
0.04169744622939988
0.040926805093070506
0.040173773908995555
0.03943786941388609
0.03871862384766561
0.0380155843858786
0.03732831259530773
0.03665638391176047
0.0359993871390368
0.03535692396813724
0.034728608515813414
0.034114066881608986
0.0335129367225765
0.03292486684489596
0.032349516811657125
0.03178655656610181
0.031235666069656037
0.030696534954113182
0.03016886218735898
0.029652355752057446
0.02914673233674451
0.028651717038800678
0.02816704307879896
0.027692451525748032
0.027227691032771374
0.02677251758278526
0.026326694243757776
0.02588999093315
0.025462184191158865
0.02504305696239827
0.024632398385671002
0.024230003591500068
0.02383567350710265
0.02344921466850381
0.023070439039500734
0.022699163837201292
0.022335211363871788
0.021978408844842392
0.02162858827222717
0.021285586254228946
0.020949243869806622
0.020619406528494397
0.02029592383516991
0.01997864945957775
0.019667441010422747
0.019362159913855925
0.01906267129618253
0.01876884387062985
0.01848054982801871
0.018197664731189344
0.01792006741303826
0.017647639878029628
0.01738026720704904
0.01711783746547403
0.01686024161434078
0.016607373424490587
0.016359129393585782
0.01611540866588809
0.015876112954697357
0.015641146467352693
0.015410415832702001
0.015183830030949358
0.014961300325794034
0.014742740198777417
0.014528065285758405
0.014317193315440468
0.014110044049876449
0.013906539226880782
0.013706602504280678
0.013510159405941441
0.013317137269502621
0.013127465195765194
0.012941073999671359
0.012757896162821459
0.01257786578747425
0.012400918551979029
0.012226991667590259
0.012056023836616319
0.011887955211857495
0.011722727357288073
0.01156028320994068
0.011400567042951856
0.01124352442972914
0.011089102209202414
0.010937248452122348
0.010787912428371217
0.010641044575252258
0.010496596466724762
0.010354520783553482
0.010214771284342436
0.01007730277742367
0.009942071093572846
0.009809033059524803
0.00967814647226281
0.009549370074056407
0.009422663528223598
0.00929798739559398
0.00917530311165004
0.009054572964325392
0.00893576007243825
0.008818828364740475
0.008703742559562215
0.008590468145033702
0.008478971359865466
0.008369219174669984
0.008261179273807304
0.008154820037738531
0.00805011052587133
0.007947020459882022
0.007845520207499833
0.007745580766738576
0.007647173750562601
0.007550271371973106
0.007454846429502378
0.007360872293103522
0.007268322890423226
0.007177172693446741
0.007087396705503093
0.006998970448620196
0.006911869951219139
0.006826071736137642
0.006741552808972751
0.006658290646733438
0.006576263186793781
0.0064954488161380625
0.006415826360888878
0.006337375076110378
0.006260074635878195
0.006183905123608524
0.006108847022638815
0.006034881207052672
0.0059619889327420005
0.005890151828699568
0.005819351888535256
0.005749571462209873
0.005680793247979915
0.005613000284547661
0.005546175943410577
0.005480303921404348
0.0054153682334343155
0.0053513532053897335
0.005288243467235926
0.005226023946279321
0.005164679860600472
0.00510419671265053
0.005044560283006504
0.004985756624281018
0.004927772055182327
0.004870593154720303
0.004814206756554626
0.004758599943481142
0.004703760042052633
0.004649674617330461
0.004596331467763355
0.004543718620190185
0.004491824324963036
0.004440637051187669
0.004390145482078095
0.004340338510422111
0.004291205234155099
0.004242734952038963
0.00419491715944357
0.004147741544227948
0.004101197982718606
0.004055276535782431
0.004009967444991729
0.003965261128878908
0.003921148179278578
0.003877619357754709
0.003834665592110751
