60
120
0.192757
0.191425
0.190316
0.186369
0.182777
0.176134
0.171107
0.163879
0.158682
0.150389
0.146444
0.138846
0.132567
0.126615
0.121375
0.115896
0.109985
0.107046
0.101261
0.0972992
0.0942057
0.0899255
0.0859788
0.0834795
0.0798847
0.076331
0.0733207
0.0699777
0.0683419
0.0658379
0.0640384
0.0618385
0.0595827
0.057434
0.0549031
0.053124
0.0521806
0.0505612
0.0488553
0.0471786
0.045508
0.0449979
0.0433732
0.0419868
0.0404402
0.0400275
0.0379775
0.0377241
0.0369741
0.0348281
0.0350704
0.0330441
0.0329135
0.0319841
0.031126
0.0300633
0.029563
0.0284986
0.0285931
0.0272569
0.0265152
0.0258328
0.0254369
0.0244431
0.0241867
0.0237205
0.0231488
0.0229356
0.0223334
0.0216101
0.0205895
0.0204896
0.0197794
0.0197142
0.0195171
0.0193572
0.0183953
0.0183687
0.0172516
0.0171898
0.0168806
0.0165934
0.0163222
0.0158974
0.0156312
0.0150862
0.0149268
0.0142846
0.0146378
0.0135679
0.0137775
0.0130765
0.0128227
0.0126796
0.0123384
0.0126222
0.0126685
0.0120068
0.0116963
0.0119032
0.0117788
0.0112178
0.0109309
0.0108804
0.0106317
0.0101825
0.0102528
0.00960787
0.0099233
0.00975074
0.00939405
0.00930639
0.00873989
0.0088947
0.00869235
0.00866997
0.00841964
0.00843267
0.00809708
0.0081529
0.00788881
