60
120
1.
0.9964183700366279
0.9852578764718434
0.9627280543992149
0.9429244212320346
0.9085702318554902
0.8762552160770141
0.8358230000622815
0.799308350475509
0.7570278492834525
0.7251163646013111
0.6846863033499486
0.6507936170595862
0.618933049731053
0.5828442758415899
0.554899858110308
0.524437053310912
0.501036441181011
0.4732148744791302
0.4499578965140945
0.42912816207834886
0.40819677889441747
0.389420029204423
0.37228249065851043
0.35606362219264587
0.33668714282214374
0.3222640010177567
0.30710889495174365
0.29553666743116486
0.28405214468320994
0.27068489301304693
0.2616858750538321
0.2504709911291639
0.24099575304994944
0.22913408944865507
0.2207699338487645
0.21484440306118077
0.20689988880830665
0.19898476582297348
0.19093653070700142
0.18407471184467517
0.18093789529207815
0.17304502983166575
0.1670524141762177
0.1607802778936332
0.15696633666318063
0.14980155128203992
0.14780864482208886
0.14356705780049428
0.13609332215217765
0.1350192340967394
0.12866386774711813
0.12629114864531796
0.12157812643620143
0.11886005691527028
0.11443577701209885
0.11202577530895025
0.10723547422356938
0.10737505505420408
0.10224560819081639
0.09898735878256458
0.09656449290595813
0.09484975151445917
0.09107626320641186
0.08943928347624136
0.08713360407492318
0.08477421818543539
0.08339305874268671
0.08114649967250546
0.07844004901939079
0.07521472271885091
0.07421532571019376
0.07171478178593281
0.07095557843678116
0.07006515200084536
0.06901210559373619
0.06551653947275597
0.06558639504073831
0.06160196871076965
0.06129963601353427
0.059986918358967634
0.05875499742845225
0.057650763275334756
0.055934345681898465
0.0547395463641615
0.05322879738848583
0.05218465537039349
0.0500241673533868
0.051037510440123696
0.047440836221158994
0.047844293505336574
0.04581773003530564
0.044453637170022334
0.04399113203386343
0.04276755721380831
0.04327397951132918
0.043329520269445775
0.041196332703847253
0.039910729680123894
0.04049702433344756
0.03993247088430603
0.03796149354444701
0.03707292717437024
0.03672906943618698
0.03591514098832206
0.03444275059341002
0.034744378340377635
0.03269582425373312
0.03330102393692682
0.032743102351702844
0.03151857661842653
0.03118971047223853
0.02937253320792433
0.029843570893686628
0.02902925438586439
0.02895403381072263
0.028072386072155647
0.02807285560123358
0.02701676002014556
0.027007206907777307
0.026071756578832008