60
120
1.
0.9596935281321785
0.8513337931698239
0.7288750037723084
0.6125822193354808
0.5166686287202779
0.4373344092455954
0.37057572090516916
0.3203724213381894
0.2796200014192037
0.2444431107313276
0.21653356239969396
0.1913838676780169
0.17218358351102833
0.15266962651289964
0.1387821062885676
0.12488187603500592
0.1153575039306776
0.10505829773316197
0.09660955613453506
0.08958455960777777
0.08203098708878097
0.07611755870323933
0.07113534437031535
0.06639481248431602
0.05980627885340305
0.0575857810418858
0.05355088025156336
0.05066267343171876
0.04637332376141173
0.043381219215582745
0.04104574761447359
0.039518280558622484
0.036822943577410075
0.0348545187999627
0.032529233233073745
0.030961321664959726
0.029369336663930663
0.028161790813184675
0.026124076862385364
0.025199731805006852
0.0242152235991277
0.02255831005174112
0.022108752609662705
0.020493654668269298
0.019459563599410458
0.018362367793918578
0.018047863948170245
0.016941776379374888
0.01644814942745463
0.015568841407692355
0.014388268341761098
0.01418503431732089
0.013494539140022382
0.013281276123477789
0.012422549828953333
0.01209425314628564
0.011864129562849922
0.011116268977299266
0.010976180553788226
0.010253341651424002
0.00969933639054609
0.009474097568097986
0.009071906351810911
0.008949517978256005
0.007935651766766926
0.008292342051095029
0.007534041317941072
0.007282180078639652
0.006973471274211084
0.006914809086445545
0.0068796603343350225
0.006708077826591554
0.006215030710311427
0.0060360355778237736
0.005585583487681144
0.005578833910295023
0.0054988870073809
0.005002256313887626
0.005062110631857327
0.004882082082138453
0.004815373770798839
0.00455529661299426
0.004402425495582327
0.004116463727178748
0.004036188836797948
0.0035916895853218963
0.003941042887984818
0.0037404284550658804
0.0038307534235244166
0.0034807593208443822
0.003491991849584602
0.003257803071750039
0.003330055252031141
0.002949203932692005
0.0028233192076474
0.002985780714802385
0.0028863636046211638
0.00262283802185515
0.0026314238011642334
0.0024685941661843577
0.0023538925067534003
0.002256456318494694
0.002316565111191775
0.002247391757391065
0.0022076885807975006
0.0022103510034234513
0.0021898198161807636
0.0020063125409755175
0.0020006371013301027
0.0019808912939463423
0.0017950219654770615
0.0017183408659779689
0.0018346492025192783
0.0016275639706062562
0.0018661073963327853
0.0016254240834079098
0.0014710225674773182
0.001434523775885652
0.0014553662417692446
0.0014839756469701639