60
120
0.0643582
0.0650609
0.0643593
0.0634953
0.0629502
0.0622115
0.0609913
0.0591589
0.0568084
0.0554731
0.0532681
0.0516223
0.0503397
0.0482146
0.0454788
0.0442217
0.0423031
0.0398867
0.0386513
0.0369148
0.0349337
0.0335404
0.0322788
0.030339
0.0298372
0.0280123
0.0267518
0.0257932
0.0244456
0.0239412
0.0218294
0.0214261
0.020378
0.0198367
0.0186453
0.0179688
0.0173264
0.0165272
0.0157263
0.0150382
0.0145388
0.0142109
0.0132905
0.0128333
0.0123451
0.0117096
0.0113784
0.011108
0.0105091
0.0102427
0.00969199
0.00968036
0.00908392
0.00848796
0.00845738
0.00806268
0.00778382
0.00731424
0.00728853
0.00693344
0.00657772
0.00649877
0.00631713
0.00609772
0.00579468
0.0054882
0.00530019
0.00506981
0.00492341
0.0047688
0.00470515
0.00448242
0.00433806
0.00416389
0.00407455
0.00389023
0.00367403
0.00374176
0.00350483
0.00347256
0.00334367
0.00322344
0.00312384
0.00297633
0.00284877
0.00288158
0.00269764
0.00261373
0.00260328
0.00245855
0.00238043
0.0023925
0.00219632
0.00218783
0.00211602
0.00200443
0.00197531
0.00192084
0.00179914
0.00178789
0.00172721
0.00161444
0.0016053
0.00154285
0.00151867
0.00146763
0.0014995
0.00145485
0.00134583
0.00132832
0.00127197
0.0012444
0.00120005
0.0012062
0.00112978
0.00112978
0.00108207
0.00107038
0.0010497
0.000991485
0.000937829
