60
120
0.0744078
0.0730392
0.0658982
0.0587709
0.0513486
0.0437212
0.0387641
0.0329265
0.0285693
0.0249988
0.0211941
0.0192873
0.0169046
0.0149085
0.0130938
0.011483
0.0102245
0.00922241
0.00844859
0.0074931
0.00675943
0.00600713
0.00552983
0.00503628
0.00468698
0.00404118
0.0036683
0.00336207
0.0031372
0.00285225
0.00246427
0.00239565
0.00219674
0.00196362
0.00186656
0.00166622
0.00153701
0.00145596
0.00134014
0.00123117
0.00116019
0.00102473
0.000963617
0.000907637
0.000839257
0.000742989
0.000722203
0.00067655
0.000632502
0.000564856
0.000497393
0.000488685
0.000451593
0.000425527
0.000414931
0.000387254
0.000333296
0.000326486
0.000287814
0.00028226
0.00027877
0.00025348
0.000227006
0.000217709
0.000198075
0.000182283
0.000176639
0.00017067
0.000156943
0.000148609
0.000139536
0.000129112
0.000124333
0.000103448
0.000115351
0.00010335
9.64258e-05
9.08485e-05
8.36848e-05
8.1825e-05
7.31519e-05
7.40252e-05
6.83107e-05
6.04464e-05
5.78115e-05
5.65144e-05
5.09298e-05
5.0647e-05
4.54108e-05
4.54842e-05
3.76041e-05
3.59926e-05
3.47769e-05
3.44363e-05
3.09468e-05
3.13727e-05
3.17056e-05
2.73043e-05
2.6389e-05
2.39119e-05
2.37072e-05
2.2895e-05
2.28426e-05
2.08326e-05
1.95028e-05
1.71635e-05
1.77653e-05
1.64577e-05
1.48298e-05
1.41463e-05
1.38351e-05
1.38099e-05
1.32587e-05
1.11603e-05
1.06819e-05
1.02055e-05
9.30057e-06
9.3457e-06
9.33303e-06
8.36423e-06
7.73117e-06
