60
120
0.0108969
0.011007
0.0105516
0.00996615
0.00922939
0.00864473
0.00792661
0.00686651
0.00613502
0.00537025
0.00461074
0.00396047
0.00337266
0.0028371
0.00235909
0.00203076
0.00172704
0.0014632
0.00112989
0.000985021
0.000815844
0.00069253
0.000567372
0.000461203
0.000398655
0.000309708
0.000263854
0.000226492
0.000189203
0.000165187
0.000132802
0.000107536
9.21594e-05
8.41175e-05
6.64721e-05
5.35775e-05
4.28107e-05
3.8594e-05
3.22346e-05
2.84109e-05
2.22354e-05
2.09932e-05
1.54643e-05
1.21862e-05
1.16289e-05
7.76849e-06
8.02969e-06
6.69727e-06
5.64418e-06
4.71888e-06
4.26871e-06
3.38737e-06
3.38639e-06
2.34046e-06
2.23918e-06
2.39661e-06
1.55187e-06
1.13407e-06
9.27864e-07
7.91799e-07
7.87054e-07
7.70134e-07
6.32672e-07
3.97377e-07
4.92645e-07
2.30063e-07
2.76466e-07
2.69531e-07
2.29389e-07
2.51899e-07
1.62786e-07
1.5877e-07
1.37747e-07
8.13718e-08
1.38075e-07
6.44851e-08
4.41637e-08
6.29334e-08
4.21483e-08
3.81771e-08
4.36454e-08
3.14753e-08
2.60807e-08
1.93478e-08
1.75973e-08
1.41631e-08
1.53404e-08
1.16199e-08
1.58482e-08
1.15906e-08
1.41042e-08
8.7876e-09
4.6311e-09
1.00623e-08
2.42339e-09
2.49696e-09
4.49382e-09
7.59764e-09
2.79717e-09
1.75089e-09
5.32581e-09
2.91741e-09
1.42172e-09
1.64859e-09
1.26913e-09
8.09863e-10
2.00498e-09
4.92724e-10
2.33755e-10
1.24005e-09
1.47667e-09
1.03954e-09
7.20734e-11
4.64718e-10
5.96637e-10
2.06742e-10
2.44785e-10
1.13865e-10
1.24693e-10
9.72065e-11
2.6233e-10
