60
120
0.0141749
0.0131331
0.0100952
0.007005
0.00456013
0.00295007
0.0018909
0.00116316
0.000717819
0.000462644
0.000309165
0.000188561
0.000119084
7.6851e-05
5.08454e-05
3.61202e-05
2.52621e-05
1.74037e-05
1.02731e-05
7.1634e-06
5.24908e-06
3.50522e-06
2.70489e-06
1.64217e-06
1.08413e-06
7.54057e-07
5.44538e-07
4.24312e-07
2.52274e-07
2.01922e-07
1.76564e-07
1.30317e-07
1.01257e-07
7.18408e-08
6.84834e-08
3.4381e-08
1.90481e-08
2.10201e-08
1.27164e-08
1.02965e-08
9.06469e-09
7.86092e-09
5.73092e-09
2.48399e-09
2.61148e-09
1.98067e-09
1.34678e-09
8.89718e-10
6.89473e-10
3.52396e-10
5.18962e-10
4.26493e-10
5.48819e-10
2.49716e-10
1.79401e-10
5.69432e-10
9.18163e-11
3.0358e-11
2.64515e-11
6.82319e-11
2.01594e-11
6.75459e-11
2.73075e-11
7.88164e-12
1.56665e-11
2.0729e-12
4.46316e-12
5.83041e-12
8.0666e-12
5.663e-12
1.4228e-12
2.33264e-11
5.24651e-12
8.17996e-13
4.84696e-12
5.12628e-13
5.30042e-13
2.70083e-13
9.80041e-14
2.13644e-13
2.87301e-13
3.47686e-13
8.89835e-14
3.85775e-14
3.4697e-14
2.14431e-14
4.74591e-14
2.11836e-14
7.18462e-14
5.80206e-14
1.32482e-13
3.02267e-14
6.21851e-15
1.45528e-14
9.18243e-16
1.28497e-15
3.48235e-14
2.65592e-14
7.84164e-16
1.43901e-15
1.31844e-14
4.731e-15
5.38521e-16
1.15811e-15
3.4682e-16
4.32332e-16
1.08627e-15
9.72732e-17
3.30634e-17
7.17695e-16
8.62787e-16
8.52386e-16
2.09682e-18
1.00582e-16
1.31313e-16
2.14922e-16
2.18381e-17
1.05725e-17
1.75923e-16
5.35325e-18
1.25215e-16
