60
120
0.0303228
0.0300138
0.0295201
0.0285431
0.0281853
0.0266227
0.0248945
0.0234031
0.0218229
0.0199225
0.0185832
0.0167508
0.0151304
0.014376
0.0125687
0.0115582
0.0104983
0.00958248
0.00836738
0.00768297
0.00670152
0.00621808
0.00565105
0.00515883
0.00441851
0.00405667
0.00370846
0.00335405
0.00292467
0.00260525
0.00243097
0.00212418
0.00194155
0.00172033
0.00153969
0.00144361
0.00124865
0.00114976
0.0010411
0.000950798
0.000857457
0.000767925
0.000700795
0.000611459
0.000574685
0.000512471
0.000473798
0.00042999
0.000379525
0.000354545
0.000324096
0.00029605
0.000262195
0.000235212
0.000216899
0.000213671
0.000179548
0.000164451
0.000151675
0.00014089
0.000124572
0.000106458
0.00010731
8.83077e-05
8.79894e-05
8.1149e-05
7.28217e-05
6.08255e-05
6.38447e-05
5.51232e-05
5.11694e-05
4.65544e-05
4.38554e-05
3.68356e-05
3.49294e-05
3.31938e-05
2.86052e-05
2.88109e-05
2.53389e-05
2.36739e-05
2.20156e-05
2.01721e-05
1.80984e-05
1.70274e-05
1.42894e-05
1.39623e-05
1.31706e-05
1.20493e-05
1.18556e-05
1.05895e-05
9.02868e-06
8.28261e-06
8.08732e-06
6.64611e-06
7.90511e-06
6.12856e-06
5.267e-06
5.58214e-06
4.66462e-06
4.22459e-06
3.85717e-06
3.6209e-06
3.16906e-06
3.66173e-06
2.78663e-06
3.06604e-06
2.53529e-06
2.57854e-06
1.96625e-06
2.03107e-06
1.88564e-06
1.49199e-06
1.96497e-06
1.55634e-06
1.33193e-06
1.4099e-06
1.01959e-06
1.22874e-06
8.53827e-07
1.0757e-06
1.02961e-06
