60
120
0.0479238
0.0450396
0.0383894
0.0310515
0.0238068
0.0181296
0.0136745
0.0101449
0.00773219
0.00581109
0.00438232
0.00339261
0.00254009
0.0019756
0.00153107
0.00117204
0.000918358
0.000721499
0.000566256
0.000466657
0.000370314
0.000284871
0.000233133
0.000194503
0.000145815
0.000124621
0.000105445
8.07397e-05
6.50139e-05
5.28924e-05
4.32611e-05
3.57251e-05
3.01805e-05
2.36224e-05
2.01901e-05
1.70173e-05
1.36884e-05
1.12935e-05
9.87767e-06
8.00305e-06
6.45227e-06
5.76594e-06
5.08885e-06
3.91212e-06
3.40735e-06
2.77168e-06
2.28371e-06
2.45295e-06
1.74387e-06
1.41232e-06
1.2356e-06
1.1446e-06
8.08425e-07
7.42481e-07
6.82436e-07
5.94486e-07
4.46997e-07
4.35566e-07
3.44057e-07
2.96116e-07
2.79234e-07
1.99149e-07
2.2049e-07
2.08804e-07
1.57236e-07
1.42304e-07
9.90218e-08
8.343e-08
7.29328e-08
7.15283e-08
6.68288e-08
5.92396e-08
4.50675e-08
3.82253e-08
3.89095e-08
2.29137e-08
2.32568e-08
2.38418e-08
2.284e-08
1.59993e-08
1.49393e-08
1.51595e-08
1.39972e-08
1.03551e-08
9.50994e-09
1.23542e-08
6.12564e-09
5.86079e-09
3.899e-09
3.06928e-09
3.71671e-09
7.04395e-09
2.99264e-09
2.25934e-09
2.23817e-09
3.07887e-09
1.38406e-09
1.53698e-09
1.78771e-09
1.03441e-09
1.49908e-09
1.3223e-09
5.03772e-10
6.4792e-10
7.2523e-10
8.26311e-10
3.14735e-10
2.55817e-10
1.33157e-09
2.2806e-09
2.57219e-10
4.87663e-10
1.78873e-10
3.75902e-10
9.84701e-11
1.10809e-10
2.70364e-10
9.59867e-11
7.03155e-11
1.16201e-10
9.70987e-11
