# this is EMMI RRTF_HQ_cquark_ppFONLL_5.02 TeV_yle1 file 
# first, total cross section (in fm2) ... still to be estimated in this file
3
 -1.d0 -1.d0  -1.d0
# cross section is ds/dpt (pb/GeV)
# pt      central (m_c=1.3 GeV)     fr=1 2          fr=1 .5 
400 0.5d0
0.250000  54650000.000000  26774000.000000  199180000.000000
0.750000  181950000.000000  84961000.000000  481780000.000000
1.250000  357480000.000000  144260000.000000  694560000.000000
1.750000  403889984.000000  167460000.000000  714750016.000000
2.250000  341880000.000000  152870000.000000  583889984.000000
2.750000  256170000.000000  123550000.000000  427780000.000000
3.250000  183380000.000000  94515000.000000  300680000.000000
3.750000  129710000.000000  70790000.000000  209370000.000000
4.250000  91816000.000000  52622000.000000  146060000.000000
4.750000  65364000.000000  39095000.000000  102660000.000000
5.250000  46991000.000000  29214000.000000  73015000.000000
5.750000  34242000.000000  22031000.000000  52718000.000000
6.250000  25321000.000000  16804000.000000  38655000.000000
6.750000  18976000.000000  12951000.000000  28741000.000000
7.250000  14394000.000000  10075000.000000  21650000.000000
7.750000  11045000.000000  7909500.000000  16505000.000000
8.250000  8612000.000000  6265500.000000  12724000.000000
8.750000  6812600.000000  5004800.000000  9914100.000000
9.250000  5435500.000000  4029200.000000  7801900.000000
9.750000  4379300.000000  3267900.000000  6195900.000000
10.250000  3572500.000000  2669200.000000  4962600.000000
10.750000  2933800.000000  2194700.000000  4006700.000000
11.250000  2424200.000000  1815800.000000  3259200.000000
11.750000  2015000.000000  1511200.000000  2669700.000000
12.250000  1684100.000000  1264700.000000  2201400.000000
12.750000  1415200.000000  1064100.000000  1826500.000000
13.250000  1195200.000000  899720.000000  1524300.000000
13.750000  1014100.000000  764350.000000  1279200.000000
14.250000  864300.000000  652250.000000  1079200.000000
14.750000  739690.000000  558970.000000  914890.000000
15.250000  635670.000000  480980.000000  779170.000000
15.750000  548420.000000  415470.000000  666460.000000
16.250000  474900.000000  360200.000000  572430.000000
16.750000  412680.000000  313360.000000  493640.000000
17.250000  359810.000000  273500.000000  427350.000000
17.750000  314710.000000  239470.000000  371350.000000
18.250000  276100.000000  210310.000000  323760.000000
18.750000  242940.000000  185240.000000  283160.000000
19.250000  214350.000000  163620.000000  248390.000000
19.750000  189620.000000  144900.000000  218540.000000
20.250000  168180.000000  128650.000000  192810.000000
20.750000  149530.000000  114500.000000  170580.000000
21.250000  133260.000000  102140.000000  151310.000000
21.750000  119030.000000  91320.000000  134560.000000
22.250000  106550.000000  81821.000000  119950.000000
22.750000  95576.000000  73464.000000  107170.000000
23.250000  85908.000000  66092.000000  95956.000000
23.750000  77369.000000  59575.000000  86098.000000
24.250000  69810.000000  53800.000000  77409.000000
24.750000  63105.000000  48671.000000  69733.000000
25.250000  57144.000000  44107.000000  62937.000000
25.750000  51836.000000  40037.000000  56907.000000
26.250000  47098.000000  36401.000000  51545.000000
26.750000  42858.000000  33146.000000  46767.000000
27.250000  39057.000000  30227.000000  42500.000000
27.750000  35645.000000  27606.000000  38682.000000
28.250000  32575.000000  25246.000000  35261.000000
28.750000  29811.000000  23120.000000  32190.000000
29.250000  27317.000000  21200.000000  29428.000000
29.750000  25064.000000  19464.000000  26939.000000
30.250000  23026.000000  17893.000000  24694.000000
30.750000  21180.000000  16468.000000  22665.000000
31.250000  19505.000000  15174.000000  20829.000000
31.750000  17984.000000  13998.000000  19165.000000
32.250000  16600.000000  12927.000000  17654.000000
32.750000  15339.000000  11950.000000  16281.000000
33.250000  14188.000000  11059.000000  15032.000000
33.750000  13137.000000  10244.000000  13893.000000
34.250000  12175.000000  9499.099609  12854.000000
34.750000  11295.000000  8816.500000  11905.000000
35.250000  10488.000000  8190.500000  11037.000000
35.750000  9748.000000  7615.899902  10242.000000
36.250000  9068.000000  7087.899902  9513.799805
36.750000  8442.799805  6602.299805  8845.000000
37.250000  7867.399902  6155.200195  8230.400391
37.750000  7337.399902  5743.100098  7665.100098
38.250000  6848.600098  5363.000000  7144.700195
38.750000  6397.500000  5012.000000  6664.899902
39.250000  5980.700195  4687.500000  6222.399902
39.750000  5595.200195  4387.100098  5813.899902
40.250000  5238.299805  4108.799805  5436.299805
40.750000  4907.700195  3850.899902  5087.000000
41.250000  4601.100098  3611.500000  4763.600098
41.750000  4316.600098  3389.300049  4464.000000
42.250000  4052.399902  3182.800049  4186.100098
42.750000  3806.800049  2990.800049  3928.199951
43.250000  3578.300049  2812.199951  3688.600098
43.750000  3365.699951  2645.800049  3465.899902
44.250000  3167.600098  2490.800049  3258.699951
44.750000  2983.000000  2346.199951  3065.699951
45.250000  2810.800049  2211.399902  2885.899902
45.750000  2650.000000  2085.399902  2718.300049
46.250000  2499.800049  1967.800049  2561.899902
46.750000  2359.500000  1857.800049  2415.800049
47.250000  2228.199951  1755.000000  2279.300049
47.750000  2105.300049  1658.699951  2151.699951
48.250000  1990.300049  1568.400024  2032.400024
48.750000  1882.500000  1483.800049  1920.699951
49.250000  1781.400024  1404.500000  1816.000000
49.750000  1686.500000  1330.000000  1718.000000
50.250000  1597.500000  1260.099976  1626.000000
50.750000  1513.900024  1194.400024  1539.699951
51.250000  1435.300049  1132.599976  1458.699951
51.750000  1361.400024  1074.500000  1382.599976
52.250000  1291.900024  1019.900024  1311.099976
52.750000  1226.500000  968.400024  1243.800049
53.250000  1164.900024  919.919983  1180.500000
53.750000  1106.800049  874.229980  1120.900024
54.250000  1052.099976  831.150024  1064.800049
54.750000  1000.500000  790.510010  1011.900024
55.250000  951.780029  752.159973  961.969971
55.750000  905.799988  715.950012  914.900024
56.250000  862.369995  681.739990  870.479980
56.750000  821.330017  649.409973  828.530029
57.250000  782.530029  618.849976  788.900024
57.750000  745.840027  589.929993  751.450012
58.250000  711.130005  562.570007  716.049988
58.750000  678.270020  536.659973  682.559998
59.250000  647.150024  512.119995  650.869995
59.750000  617.679993  488.869995  620.869995
60.250000  589.739990  466.820007  592.460022
60.750000  563.260010  445.920013  565.539978
61.250000  538.140015  426.089996  540.030029
61.750000  514.299988  407.269989  515.840027
62.250000  491.679993  389.399994  492.899994
62.750000  470.200012  372.440002  471.119995
63.250000  449.799988  356.320007  450.450012
63.750000  430.399994  341.000000  430.820007
64.250000  411.970001  326.429993  412.170013
64.750000  394.450012  312.570007  394.450012
65.250000  377.769989  299.390015  377.600006
65.750000  361.910004  286.850006  361.570007
66.250000  346.809998  274.910004  346.320007
66.750000  332.429993  263.540009  331.809998
67.250000  318.730011  252.710007  318.000000
67.750000  305.679993  242.380005  304.839996
68.250000  293.239990  232.539993  292.309998
68.750000  281.380005  223.160004  280.359985
69.250000  270.070007  214.210007  268.970001
69.750000  259.279999  205.669998  258.109985
70.250000  248.979996  197.520004  247.750000
70.750000  239.149994  189.740005  237.869995
71.250000  229.770004  182.309998  228.440002
71.750000  220.800003  175.220001  219.440002
72.250000  212.240005  168.440002  210.850006
72.750000  204.059998  161.949997  202.639999
73.250000  196.229996  155.759995  194.789993
73.750000  188.750000  149.830002  187.300003
74.250000  181.600006  144.160004  180.130005
74.750000  174.759995  138.740005  173.279999
75.250000  168.210007  133.550003  166.720001
75.750000  161.940002  128.580002  160.449997
76.250000  155.940002  123.830002  154.449997
76.750000  150.190002  119.269997  148.710007
77.250000  144.690002  114.910004  143.210007
77.750000  139.410004  110.720001  137.940002
78.250000  134.360001  106.709999  132.889999
78.750000  129.509995  102.870003  128.059998
79.250000  124.870003  99.184998  123.419998
79.750000  120.410004  95.651001  118.980003
80.250000  116.139999  92.260002  114.720001
80.750000  112.029999  89.005997  110.629997
81.250000  108.099998  85.883003  106.709999
81.750000  104.320000  82.885002  102.949997
82.250000  100.690002  80.007004  99.335999
82.750000  97.209000  77.241997  95.869003
83.250000  93.862000  74.586998  92.540001
83.750000  90.647003  72.035004  89.342003
84.250000  87.556999  69.583000  86.269997
84.750000  84.586998  67.225998  83.318001
85.250000  81.732002  64.959999  80.482002
85.750000  78.987000  62.782001  77.754997
86.250000  76.347000  60.686001  75.134003
86.750000  73.807999  58.669998  72.613998
87.250000  71.364998  56.730000  70.190002
87.750000  69.014000  54.862999  67.858002
88.250000  66.750999  53.067001  65.614998
88.750000  64.572998  51.337002  63.456001
89.250000  62.476002  49.671001  61.379002
89.750000  60.457001  48.067001  59.377998
90.250000  58.511002  46.521999  57.452000
90.750000  56.638000  45.033001  55.597000
91.250000  54.832001  43.598999  53.811001
91.750000  53.091999  42.216000  52.090000
92.250000  51.415001  40.883999  50.431000
92.750000  49.798000  39.598999  48.833000
93.250000  48.238998  38.360001  47.292000
93.750000  46.735001  37.165001  45.806999
94.250000  45.285000  36.013000  44.374001
94.750000  43.886002  34.901001  42.993000
95.250000  42.535999  33.827999  41.660000
95.750000  41.234001  32.792000  40.375000
96.250000  39.977001  31.792999  39.133999
96.750000  38.763000  30.827999  37.937000
97.250000  37.591000  29.896999  36.782001
97.750000  36.459000  28.997000  35.666000
98.250000  35.367001  28.128000  34.589001
98.750000  34.311001  27.289000  33.549000
99.250000  33.291000  26.478001  32.543999
99.750000  32.305000  25.695000  31.573000
100.250000  31.353001  24.938000  30.636000
100.750000  30.431999  24.205999  29.729000
101.250000  29.542999  23.497999  28.854000
101.750000  28.681999  22.813999  28.007000
102.250000  27.850000  22.153000  27.188000
102.750000  27.046000  21.513000  26.396999
103.250000  26.267000  20.895000  25.632000
103.750000  25.514000  20.296000  24.892000
104.250000  24.785999  19.716999  24.176001
104.750000  24.080999  19.156000  23.483000
105.250000  23.399000  18.614000  22.813000
105.750000  22.739000  18.089001  22.165001
106.250000  22.100000  17.580999  21.538000
106.750000  21.482000  17.089001  20.930000
107.250000  20.882999  16.613001  20.343000
107.750000  20.302000  16.150999  19.773001
108.250000  19.740999  15.704000  19.223000
108.750000  19.197001  15.272000  18.688999
109.250000  18.669001  14.852000  18.172001
109.750000  18.159000  14.446000  17.671000
110.250000  17.664000  14.052000  17.186001
110.750000  17.184000  13.671000  16.716999
111.250000  16.719000  13.301000  16.261000
111.750000  16.268999  12.942000  15.820000
112.250000  15.832000  12.595000  15.392000
112.750000  15.408000  12.258000  14.978000
113.250000  14.997000  11.931000  14.576000
113.750000  14.599000  11.614000  14.186000
114.250000  14.213000  11.307000  13.808000
114.750000  13.838000  11.008000  13.441000
115.250000  13.474000  10.719000  13.086000
115.750000  13.121000  10.438000  12.741000
116.250000  12.779000  10.166000  12.406000
116.750000  12.447000  9.901500  12.082000
117.250000  12.124000  9.644900  11.766000
117.750000  11.811000  9.395800  11.461000
118.250000  11.507000  9.153900  11.164000
118.750000  11.212000  8.919100  10.876000
119.250000  10.926000  8.691100  10.596000
119.750000  10.647000  8.469700  10.324000
120.250000  10.377000  8.254600  10.060000
120.750000  10.115000  8.045800  9.804400
121.250000  9.859600  7.842800  9.555600
121.750000  9.611900  7.645700  9.313900
122.250000  9.371100  7.454100  9.079100
122.750000  9.137200  7.268000  8.851000
123.250000  8.909800  7.087100  8.629300
123.750000  8.688900  6.911300  8.413900
124.250000  8.474000  6.740400  8.204500
124.750000  8.265200  6.574200  8.001000
125.250000  8.062200  6.412700  7.803200
125.750000  7.864800  6.255600  7.610900
126.250000  7.672900  6.102900  7.424000
126.750000  7.486200  5.954400  7.242200
127.250000  7.304700  5.810000  7.065500
127.750000  7.128100  5.669500  6.893600
128.250000  6.956400  5.532800  6.726400
128.750000  6.789300  5.399900  6.563900
129.250000  6.626800  5.270600  6.405700
129.750000  6.468600  5.144700  6.251900
130.250000  6.314800  5.022200  6.102200
130.750000  6.165000  4.903100  5.956600
131.250000  6.019200  4.787100  5.814900
131.750000  5.877400  4.674200  5.677000
132.250000  5.739300  4.564300  5.542700
132.750000  5.604800  4.457300  5.412100
133.250000  5.473900  4.353100  5.284900
133.750000  5.346500  4.251700  5.161100
134.250000  5.222400  4.152900  5.040600
134.750000  5.101500  4.056800  4.923300
135.250000  4.983800  3.963100  4.809000
135.750000  4.869200  3.871800  4.697700
136.250000  4.757500  3.783000  4.589300
136.750000  4.648700  3.696400  4.483700
137.250000  4.542700  3.612000  4.380900
137.750000  4.439500  3.529900  4.280700
138.250000  4.338900  3.449800  4.183100
138.750000  4.240800  3.371700  4.088000
139.250000  4.145200  3.295700  3.995400
139.750000  4.052100  3.221600  3.905100
140.250000  3.961300  3.149300  3.817000
140.750000  3.872800  3.078900  3.731300
141.250000  3.786600  3.010200  3.647700
141.750000  3.702400  2.943300  3.566200
142.250000  3.620400  2.878000  3.486700
142.750000  3.540500  2.814400  3.409200
143.250000  3.462500  2.752300  3.333700
143.750000  3.386400  2.691800  3.260100
144.250000  3.312300  2.632800  3.188200
144.750000  3.239900  2.575200  3.118200
145.250000  3.169300  2.519100  3.049900
145.750000  3.100500  2.464300  2.983200
146.250000  3.033300  2.410800  2.918200
146.750000  2.967800  2.358700  2.854800
147.250000  2.903800  2.307800  2.792900
147.750000  2.841400  2.258100  2.732500
148.250000  2.780500  2.209700  2.673600
148.750000  2.721000  2.162400  2.616200
149.250000  2.663000  2.116200  2.560000
149.750000  2.606400  2.071100  2.505300
150.250000  2.551100  2.027200  2.451800
150.750000  2.497100  1.984200  2.399700
151.250000  2.444400  1.942300  2.348700
151.750000  2.393000  1.901400  2.299000
152.250000  2.342800  1.861400  2.250400
152.750000  2.293700  1.822400  2.203100
153.250000  2.245800  1.784300  2.156800
153.750000  2.199000  1.747100  2.111600
154.250000  2.153300  1.710700  2.067500
154.750000  2.108700  1.675200  2.024400
155.250000  2.065100  1.640600  1.982300
155.750000  2.022600  1.606700  1.941200
156.250000  1.981000  1.573600  1.901000
156.750000  1.940300  1.541300  1.861800
157.250000  1.900600  1.509700  1.823500
157.750000  1.861900  1.478900  1.786100
158.250000  1.824000  1.448800  1.749500
158.750000  1.786900  1.419300  1.713800
159.250000  1.750800  1.390500  1.678900
159.750000  1.715400  1.362400  1.644800
160.250000  1.680800  1.334900  1.611500
160.750000  1.647000  1.308000  1.578900
161.250000  1.614000  1.281800  1.547100
161.750000  1.581700  1.256100  1.515900
162.250000  1.550200  1.231000  1.485500
162.750000  1.519300  1.206500  1.455800
163.250000  1.489100  1.182500  1.426700
163.750000  1.459700  1.159000  1.398300
164.250000  1.430800  1.136100  1.370500
164.750000  1.402600  1.113700  1.343400
165.250000  1.375000  1.091700  1.316800
165.750000  1.348100  1.070300  1.290900
166.250000  1.321700  1.049300  1.265400
166.750000  1.295900  1.028800  1.240600
167.250000  1.270700  1.008700  1.216300
167.750000  1.246000  0.989080  1.192600
168.250000  1.221800  0.969880  1.169300
168.750000  1.198200  0.951090  1.146600
169.250000  1.175100  0.932710  1.124300
169.750000  1.152400  0.914730  1.102600
170.250000  1.130300  0.897130  1.081300
170.750000  1.108700  0.879910  1.060500
171.250000  1.087500  0.863060  1.040100
171.750000  1.066700  0.846580  1.020100
172.250000  1.046400  0.830440  1.000600
172.750000  1.026600  0.814650  0.981540
173.250000  1.007100  0.799190  0.962850
173.750000  0.988100  0.784060  0.944550
174.250000  0.969470  0.769250  0.926650
174.750000  0.951230  0.754750  0.909120
175.250000  0.933370  0.740560  0.891960
175.750000  0.915890  0.726660  0.875170
176.250000  0.898770  0.713050  0.858730
176.750000  0.882010  0.699730  0.842630
177.250000  0.865600  0.686690  0.826860
177.750000  0.849530  0.673920  0.811430
178.250000  0.833790  0.661410  0.796320
178.750000  0.818370  0.649160  0.781520
179.250000  0.803280  0.637160  0.767020
179.750000  0.788490  0.625410  0.752830
180.250000  0.774010  0.613900  0.738930
180.750000  0.759820  0.602620  0.725310
181.250000  0.745920  0.591580  0.711970
181.750000  0.732300  0.580760  0.698910
182.250000  0.718960  0.570160  0.686110
182.750000  0.705900  0.559780  0.673570
183.250000  0.693090  0.549600  0.661280
183.750000  0.680540  0.539630  0.649250
184.250000  0.668250  0.529870  0.637450
184.750000  0.656200  0.520290  0.625900
185.250000  0.644390  0.510910  0.614570
185.750000  0.632820  0.501720  0.603480
186.250000  0.621480  0.492710  0.592610
186.750000  0.610360  0.483890  0.581950
187.250000  0.599470  0.475240  0.571510
187.750000  0.588800  0.466750  0.561280
188.250000  0.578330  0.458440  0.551250
188.750000  0.568080  0.450300  0.541420
189.250000  0.558020  0.442310  0.531790
189.750000  0.548170  0.434490  0.522350
190.250000  0.538510  0.426810  0.513090
190.750000  0.529040  0.419290  0.504020
191.250000  0.519750  0.411920  0.495130
191.750000  0.510650  0.404690  0.486410
192.250000  0.501720  0.397600  0.477860
192.750000  0.492970  0.390650  0.469480
193.250000  0.484380  0.383830  0.461270
193.750000  0.475970  0.377150  0.453210
194.250000  0.467710  0.370590  0.445310
194.750000  0.459620  0.364170  0.437560
195.250000  0.451680  0.357860  0.429970
195.750000  0.443890  0.351680  0.422520
196.250000  0.436260  0.345620  0.415210
196.750000  0.428770  0.339670  0.408050
197.250000  0.421420  0.333840  0.401020
197.750000  0.414220  0.328120  0.394130
198.250000  0.407150  0.322500  0.387360
198.750000  0.400210  0.317000  0.380730
199.250000  0.393410  0.311600  0.374230
199.750000  0.386730  0.306300  0.367840
