# pt   RAA_central    RAA_lower    RAA_upper  
400  0.5
0.25  0.938527  0.887676  0.977394
0.75  0.942658  0.892446  0.9824
1.25  0.947131  0.899388  0.985957
1.75  0.952106  0.90817  0.987965
2.25  0.959146  0.918663  0.992936
2.75  0.967301  0.930172  0.997758
3.25  0.973283  0.940052  1.00271
3.75  0.978554  0.94787  1.00535
4.25  0.983176  0.953907  1.00579
4.75  0.985906  0.958162  1.00564
5.25  0.98684  0.960764  1.0049
5.75  0.988175  0.96472  1.00553
6.25  0.989901  0.969933  1.00752
6.75  0.991608  0.974986  1.00948
7.25  0.993116  0.977985  1.0103
7.75  0.99443  0.979043  1.01
8.25  0.995733  0.980093  1.00969
8.75  0.997026  0.981137  1.00938
9.25  0.997629  0.98208  1.00926
9.75  0.99755  0.982923  1.00933
10.25  0.997471  0.983763  1.00941
10.75  0.997391  0.984598  1.00948
11.25  0.997914  0.985742  1.00983
11.75  0.999032  0.987188  1.01047
12.25  1.00014  0.988622  1.0111
12.75  1.00125  0.990043  1.01174
13.25  1.00234  0.991452  1.01237
13.75  1.00343  0.992849  1.01299
14.25  1.00451  0.994234  1.01362
14.75  1.00559  0.995607  1.01424
15.25  1.00665  0.996968  1.01486
15.75  1.00772  0.998319  1.01548
16.25  1.00833  0.999024  1.01594
16.75  1.00852  0.999094  1.01625
17.25  1.0087  0.999163  1.01655
17.75  1.00888  0.999233  1.01686
18.25  1.00906  0.999302  1.01716
18.75  1.00924  0.999371  1.01746
19.25  1.00942  0.999441  1.01777
19.75  1.00961  0.99951  1.01807
20.25  1.00979  0.999579  1.01837
20.75  1.00997  0.999649  1.01867
21.25  1.01015  0.999718  1.01897
21.75  1.01033  0.999787  1.01927
22.25  1.01051  0.999856  1.01957
22.75  1.01069  0.999925  1.01987
23.25  1.01087  0.999994  1.02017
23.75  1.01105  1.00006  1.02046
24.25  1.01122  1.00013  1.02076
24.75  1.0114  1.0002  1.02106
25.25  1.01158  1.00027  1.02135
25.75  1.01176  1.00034  1.02165
26.25  1.01194  1.00041  1.02194
26.75  1.01212  1.00048  1.02224
27.25  1.0123  1.00055  1.02253
27.75  1.01247  1.00061  1.02283
28.25  1.01265  1.00068  1.02312
28.75  1.01283  1.00075  1.02341
29.25  1.01301  1.00082  1.0237
29.75  1.01318  1.00089  1.024
30.25  1.01336  1.00096  1.02429
30.75  1.01354  1.00103  1.02458
31.25  1.01371  1.0011  1.02487
31.75  1.01389  1.00116  1.02516
32.25  1.01407  1.00123  1.02545
32.75  1.01424  1.0013  1.02573
33.25  1.01442  1.00137  1.02602
33.75  1.01459  1.00144  1.02631
34.25  1.01477  1.00151  1.0266
34.75  1.01495  1.00158  1.02689
35.25  1.01503  1.00161  1.02703
35.75  1.01503  1.00161  1.02703
36.25  1.01503  1.00161  1.02703
36.75  1.01503  1.00161  1.02703
37.25  1.01503  1.00161  1.02703
37.75  1.01503  1.00161  1.02703
38.25  1.01503  1.00161  1.02703
38.75  1.01503  1.00161  1.02703
39.25  1.01503  1.00161  1.02703
39.75  1.01503  1.00161  1.02703
40.25  1.01503  1.00161  1.02703
40.75  1.01503  1.00161  1.02703
41.25  1.01503  1.00161  1.02703
41.75  1.01503  1.00161  1.02703
42.25  1.01503  1.00161  1.02703
42.75  1.01503  1.00161  1.02703
43.25  1.01503  1.00161  1.02703
43.75  1.01503  1.00161  1.02703
44.25  1.01503  1.00161  1.02703
44.75  1.01503  1.00161  1.02703
45.25  1.01503  1.00161  1.02703
45.75  1.01503  1.00161  1.02703
46.25  1.01503  1.00161  1.02703
46.75  1.01503  1.00161  1.02703
47.25  1.01503  1.00161  1.02703
47.75  1.01503  1.00161  1.02703
48.25  1.01503  1.00161  1.02703
48.75  1.01503  1.00161  1.02703
49.25  1.01503  1.00161  1.02703
49.75  1.01503  1.00161  1.02703
50.25  1.  1.  1.
50.75  1.  1.  1.
51.25  1.  1.  1.
51.75  1.  1.  1.
52.25  1.  1.  1.
52.75  1.  1.  1.
53.25  1.  1.  1.
53.75  1.  1.  1.
54.25  1.  1.  1.
54.75  1.  1.  1.
55.25  1.  1.  1.
55.75  1.  1.  1.
56.25  1.  1.  1.
56.75  1.  1.  1.
57.25  1.  1.  1.
57.75  1.  1.  1.
58.25  1.  1.  1.
58.75  1.  1.  1.
59.25  1.  1.  1.
59.75  1.  1.  1.
60.25  1.  1.  1.
60.75  1.  1.  1.
61.25  1.  1.  1.
61.75  1.  1.  1.
62.25  1.  1.  1.
62.75  1.  1.  1.
63.25  1.  1.  1.
63.75  1.  1.  1.
64.25  1.  1.  1.
64.75  1.  1.  1.
65.25  1.  1.  1.
65.75  1.  1.  1.
66.25  1.  1.  1.
66.75  1.  1.  1.
67.25  1.  1.  1.
67.75  1.  1.  1.
68.25  1.  1.  1.
68.75  1.  1.  1.
69.25  1.  1.  1.
69.75  1.  1.  1.
70.25  1.  1.  1.
70.75  1.  1.  1.
71.25  1.  1.  1.
71.75  1.  1.  1.
72.25  1.  1.  1.
72.75  1.  1.  1.
73.25  1.  1.  1.
73.75  1.  1.  1.
74.25  1.  1.  1.
74.75  1.  1.  1.
75.25  1.  1.  1.
75.75  1.  1.  1.
76.25  1.  1.  1.
76.75  1.  1.  1.
77.25  1.  1.  1.
77.75  1.  1.  1.
78.25  1.  1.  1.
78.75  1.  1.  1.
79.25  1.  1.  1.
79.75  1.  1.  1.
80.25  1.  1.  1.
80.75  1.  1.  1.
81.25  1.  1.  1.
81.75  1.  1.  1.
82.25  1.  1.  1.
82.75  1.  1.  1.
83.25  1.  1.  1.
83.75  1.  1.  1.
84.25  1.  1.  1.
84.75  1.  1.  1.
85.25  1.  1.  1.
85.75  1.  1.  1.
86.25  1.  1.  1.
86.75  1.  1.  1.
87.25  1.  1.  1.
87.75  1.  1.  1.
88.25  1.  1.  1.
88.75  1.  1.  1.
89.25  1.  1.  1.
89.75  1.  1.  1.
90.25  1.  1.  1.
90.75  1.  1.  1.
91.25  1.  1.  1.
91.75  1.  1.  1.
92.25  1.  1.  1.
92.75  1.  1.  1.
93.25  1.  1.  1.
93.75  1.  1.  1.
94.25  1.  1.  1.
94.75  1.  1.  1.
95.25  1.  1.  1.
95.75  1.  1.  1.
96.25  1.  1.  1.
96.75  1.  1.  1.
97.25  1.  1.  1.
97.75  1.  1.  1.
98.25  1.  1.  1.
98.75  1.  1.  1.
99.25  1.  1.  1.
99.75  1.  1.  1.
100.25  1.  1.  1.
100.75  1.  1.  1.
101.25  1.  1.  1.
101.75  1.  1.  1.
102.25  1.  1.  1.
102.75  1.  1.  1.
103.25  1.  1.  1.
103.75  1.  1.  1.
104.25  1.  1.  1.
104.75  1.  1.  1.
105.25  1.  1.  1.
105.75  1.  1.  1.
106.25  1.  1.  1.
106.75  1.  1.  1.
107.25  1.  1.  1.
107.75  1.  1.  1.
108.25  1.  1.  1.
108.75  1.  1.  1.
109.25  1.  1.  1.
109.75  1.  1.  1.
110.25  1.  1.  1.
110.75  1.  1.  1.
111.25  1.  1.  1.
111.75  1.  1.  1.
112.25  1.  1.  1.
112.75  1.  1.  1.
113.25  1.  1.  1.
113.75  1.  1.  1.
114.25  1.  1.  1.
114.75  1.  1.  1.
115.25  1.  1.  1.
115.75  1.  1.  1.
116.25  1.  1.  1.
116.75  1.  1.  1.
117.25  1.  1.  1.
117.75  1.  1.  1.
118.25  1.  1.  1.
118.75  1.  1.  1.
119.25  1.  1.  1.
119.75  1.  1.  1.
120.25  1.  1.  1.
120.75  1.  1.  1.
121.25  1.  1.  1.
121.75  1.  1.  1.
122.25  1.  1.  1.
122.75  1.  1.  1.
123.25  1.  1.  1.
123.75  1.  1.  1.
124.25  1.  1.  1.
124.75  1.  1.  1.
125.25  1.  1.  1.
125.75  1.  1.  1.
126.25  1.  1.  1.
126.75  1.  1.  1.
127.25  1.  1.  1.
127.75  1.  1.  1.
128.25  1.  1.  1.
128.75  1.  1.  1.
129.25  1.  1.  1.
129.75  1.  1.  1.
130.25  1.  1.  1.
130.75  1.  1.  1.
131.25  1.  1.  1.
131.75  1.  1.  1.
132.25  1.  1.  1.
132.75  1.  1.  1.
133.25  1.  1.  1.
133.75  1.  1.  1.
134.25  1.  1.  1.
134.75  1.  1.  1.
135.25  1.  1.  1.
135.75  1.  1.  1.
136.25  1.  1.  1.
136.75  1.  1.  1.
137.25  1.  1.  1.
137.75  1.  1.  1.
138.25  1.  1.  1.
138.75  1.  1.  1.
139.25  1.  1.  1.
139.75  1.  1.  1.
140.25  1.  1.  1.
140.75  1.  1.  1.
141.25  1.  1.  1.
141.75  1.  1.  1.
142.25  1.  1.  1.
142.75  1.  1.  1.
143.25  1.  1.  1.
143.75  1.  1.  1.
144.25  1.  1.  1.
144.75  1.  1.  1.
145.25  1.  1.  1.
145.75  1.  1.  1.
146.25  1.  1.  1.
146.75  1.  1.  1.
147.25  1.  1.  1.
147.75  1.  1.  1.
148.25  1.  1.  1.
148.75  1.  1.  1.
149.25  1.  1.  1.
149.75  1.  1.  1.
150.25  1.  1.  1.
150.75  1.  1.  1.
151.25  1.  1.  1.
151.75  1.  1.  1.
152.25  1.  1.  1.
152.75  1.  1.  1.
153.25  1.  1.  1.
153.75  1.  1.  1.
154.25  1.  1.  1.
154.75  1.  1.  1.
155.25  1.  1.  1.
155.75  1.  1.  1.
156.25  1.  1.  1.
156.75  1.  1.  1.
157.25  1.  1.  1.
157.75  1.  1.  1.
158.25  1.  1.  1.
158.75  1.  1.  1.
159.25  1.  1.  1.
159.75  1.  1.  1.
160.25  1.  1.  1.
160.75  1.  1.  1.
161.25  1.  1.  1.
161.75  1.  1.  1.
162.25  1.  1.  1.
162.75  1.  1.  1.
163.25  1.  1.  1.
163.75  1.  1.  1.
164.25  1.  1.  1.
164.75  1.  1.  1.
165.25  1.  1.  1.
165.75  1.  1.  1.
166.25  1.  1.  1.
166.75  1.  1.  1.
167.25  1.  1.  1.
167.75  1.  1.  1.
168.25  1.  1.  1.
168.75  1.  1.  1.
169.25  1.  1.  1.
169.75  1.  1.  1.
170.25  1.  1.  1.
170.75  1.  1.  1.
171.25  1.  1.  1.
171.75  1.  1.  1.
172.25  1.  1.  1.
172.75  1.  1.  1.
173.25  1.  1.  1.
173.75  1.  1.  1.
174.25  1.  1.  1.
174.75  1.  1.  1.
175.25  1.  1.  1.
175.75  1.  1.  1.
176.25  1.  1.  1.
176.75  1.  1.  1.
177.25  1.  1.  1.
177.75  1.  1.  1.
178.25  1.  1.  1.
178.75  1.  1.  1.
179.25  1.  1.  1.
179.75  1.  1.  1.
180.25  1.  1.  1.
180.75  1.  1.  1.
181.25  1.  1.  1.
181.75  1.  1.  1.
182.25  1.  1.  1.
182.75  1.  1.  1.
183.25  1.  1.  1.
183.75  1.  1.  1.
184.25  1.  1.  1.
184.75  1.  1.  1.
185.25  1.  1.  1.
185.75  1.  1.  1.
186.25  1.  1.  1.
186.75  1.  1.  1.
187.25  1.  1.  1.
187.75  1.  1.  1.
188.25  1.  1.  1.
188.75  1.  1.  1.
189.25  1.  1.  1.
189.75  1.  1.  1.
190.25  1.  1.  1.
190.75  1.  1.  1.
191.25  1.  1.  1.
191.75  1.  1.  1.
192.25  1.  1.  1.
192.75  1.  1.  1.
193.25  1.  1.  1.
193.75  1.  1.  1.
194.25  1.  1.  1.
194.75  1.  1.  1.
195.25  1.  1.  1.
195.75  1.  1.  1.
196.25  1.  1.  1.
196.75  1.  1.  1.
197.25  1.  1.  1.
197.75  1.  1.  1.
198.25  1.  1.  1.
198.75  1.  1.  1.
199.25  1.  1.  1.
199.75  1.  1.  1.
