# pt   RAA_central    RAA_lower    RAA_upper  
400  0.5
0.25  0.639958  0.445188  0.862503
0.75  0.670437  0.462327  0.888507
1.25  0.703434  0.501748  0.920319
1.75  0.733062  0.53482  0.938854
2.25  0.78187  0.596609  0.98638
2.75  0.83578  0.636781  1.00517
3.25  0.877377  0.707872  1.0341
3.75  0.91003  0.76112  1.05733
4.25  0.933682  0.796276  1.07482
4.75  0.950255  0.824834  1.0856
5.25  0.95973  0.846755  1.08965
5.75  0.971405  0.866874  1.09619
6.25  0.985282  0.885183  1.10522
6.75  0.999169  0.903515  1.11426
7.25  1.01268  0.922423  1.1186
7.75  1.02582  0.941908  1.11827
8.25  1.03896  0.961415  1.11793
8.75  1.05212  0.980943  1.11759
9.25  1.06026  0.995983  1.12251
9.75  1.06337  1.00653  1.1327
10.25  1.06649  1.01707  1.14289
10.75  1.0696  1.02762  1.15309
11.25  1.07295  1.03337  1.15865
11.75  1.07651  1.03431  1.15956
12.25  1.08008  1.03525  1.16047
12.75  1.08365  1.03618  1.16139
13.25  1.08722  1.03712  1.1623
13.75  1.09079  1.03806  1.16321
14.25  1.09437  1.03899  1.16413
14.75  1.09794  1.03993  1.16504
15.25  1.10151  1.04087  1.16596
15.75  1.10508  1.04181  1.16687
16.25  1.10737  1.04293  1.1682
16.75  1.10837  1.04424  1.16993
17.25  1.10937  1.04555  1.17167
17.75  1.11036  1.04686  1.17341
18.25  1.11136  1.04817  1.17515
18.75  1.11236  1.04948  1.17689
19.25  1.11336  1.05079  1.17863
19.75  1.11436  1.05211  1.18037
20.25  1.11536  1.05342  1.1821
20.75  1.11636  1.05473  1.18384
21.25  1.11735  1.05604  1.18558
21.75  1.11835  1.05735  1.18732
22.25  1.11935  1.05866  1.18906
22.75  1.12035  1.05997  1.1908
23.25  1.12135  1.06129  1.19254
23.75  1.12235  1.0626  1.19428
24.25  1.12335  1.06391  1.19602
24.75  1.12434  1.06522  1.19776
25.25  1.12534  1.06653  1.1995
25.75  1.12634  1.06785  1.20124
26.25  1.12734  1.06916  1.20298
26.75  1.12834  1.07047  1.20472
27.25  1.12934  1.07178  1.20646
27.75  1.13034  1.07309  1.2082
28.25  1.13134  1.07441  1.20995
28.75  1.13234  1.07572  1.21169
29.25  1.13334  1.07703  1.21343
29.75  1.13433  1.07834  1.21517
30.25  1.13533  1.07966  1.21691
30.75  1.13633  1.08097  1.21865
31.25  1.13733  1.08228  1.22039
31.75  1.13833  1.0836  1.22213
32.25  1.13933  1.08491  1.22388
32.75  1.14033  1.08622  1.22562
33.25  1.14133  1.08753  1.22736
33.75  1.14233  1.08885  1.2291
34.25  1.14333  1.09016  1.23084
34.75  1.14433  1.09147  1.23259
35.25  1.14483  1.09213  1.23346
35.75  1.14483  1.09213  1.23346
36.25  1.14483  1.09213  1.23346
36.75  1.14483  1.09213  1.23346
37.25  1.14483  1.09213  1.23346
37.75  1.14483  1.09213  1.23346
38.25  1.14483  1.09213  1.23346
38.75  1.14483  1.09213  1.23346
39.25  1.14483  1.09213  1.23346
39.75  1.14483  1.09213  1.23346
40.25  1.14483  1.09213  1.23346
40.75  1.14483  1.09213  1.23346
41.25  1.14483  1.09213  1.23346
41.75  1.14483  1.09213  1.23346
42.25  1.14483  1.09213  1.23346
42.75  1.14483  1.09213  1.23346
43.25  1.14483  1.09213  1.23346
43.75  1.14483  1.09213  1.23346
44.25  1.14483  1.09213  1.23346
44.75  1.14483  1.09213  1.23346
45.25  1.14483  1.09213  1.23346
45.75  1.14483  1.09213  1.23346
46.25  1.14483  1.09213  1.23346
46.75  1.14483  1.09213  1.23346
47.25  1.14483  1.09213  1.23346
47.75  1.14483  1.09213  1.23346
48.25  1.14483  1.09213  1.23346
48.75  1.14483  1.09213  1.23346
49.25  1.14483  1.09213  1.23346
49.75  1.14483  1.09213  1.23346
50.25  1.  1.  1.
50.75  1.  1.  1.
51.25  1.  1.  1.
51.75  1.  1.  1.
52.25  1.  1.  1.
52.75  1.  1.  1.
53.25  1.  1.  1.
53.75  1.  1.  1.
54.25  1.  1.  1.
54.75  1.  1.  1.
55.25  1.  1.  1.
55.75  1.  1.  1.
56.25  1.  1.  1.
56.75  1.  1.  1.
57.25  1.  1.  1.
57.75  1.  1.  1.
58.25  1.  1.  1.
58.75  1.  1.  1.
59.25  1.  1.  1.
59.75  1.  1.  1.
60.25  1.  1.  1.
60.75  1.  1.  1.
61.25  1.  1.  1.
61.75  1.  1.  1.
62.25  1.  1.  1.
62.75  1.  1.  1.
63.25  1.  1.  1.
63.75  1.  1.  1.
64.25  1.  1.  1.
64.75  1.  1.  1.
65.25  1.  1.  1.
65.75  1.  1.  1.
66.25  1.  1.  1.
66.75  1.  1.  1.
67.25  1.  1.  1.
67.75  1.  1.  1.
68.25  1.  1.  1.
68.75  1.  1.  1.
69.25  1.  1.  1.
69.75  1.  1.  1.
70.25  1.  1.  1.
70.75  1.  1.  1.
71.25  1.  1.  1.
71.75  1.  1.  1.
72.25  1.  1.  1.
72.75  1.  1.  1.
73.25  1.  1.  1.
73.75  1.  1.  1.
74.25  1.  1.  1.
74.75  1.  1.  1.
75.25  1.  1.  1.
75.75  1.  1.  1.
76.25  1.  1.  1.
76.75  1.  1.  1.
77.25  1.  1.  1.
77.75  1.  1.  1.
78.25  1.  1.  1.
78.75  1.  1.  1.
79.25  1.  1.  1.
79.75  1.  1.  1.
80.25  1.  1.  1.
80.75  1.  1.  1.
81.25  1.  1.  1.
81.75  1.  1.  1.
82.25  1.  1.  1.
82.75  1.  1.  1.
83.25  1.  1.  1.
83.75  1.  1.  1.
84.25  1.  1.  1.
84.75  1.  1.  1.
85.25  1.  1.  1.
85.75  1.  1.  1.
86.25  1.  1.  1.
86.75  1.  1.  1.
87.25  1.  1.  1.
87.75  1.  1.  1.
88.25  1.  1.  1.
88.75  1.  1.  1.
89.25  1.  1.  1.
89.75  1.  1.  1.
90.25  1.  1.  1.
90.75  1.  1.  1.
91.25  1.  1.  1.
91.75  1.  1.  1.
92.25  1.  1.  1.
92.75  1.  1.  1.
93.25  1.  1.  1.
93.75  1.  1.  1.
94.25  1.  1.  1.
94.75  1.  1.  1.
95.25  1.  1.  1.
95.75  1.  1.  1.
96.25  1.  1.  1.
96.75  1.  1.  1.
97.25  1.  1.  1.
97.75  1.  1.  1.
98.25  1.  1.  1.
98.75  1.  1.  1.
99.25  1.  1.  1.
99.75  1.  1.  1.
100.25  1.  1.  1.
100.75  1.  1.  1.
101.25  1.  1.  1.
101.75  1.  1.  1.
102.25  1.  1.  1.
102.75  1.  1.  1.
103.25  1.  1.  1.
103.75  1.  1.  1.
104.25  1.  1.  1.
104.75  1.  1.  1.
105.25  1.  1.  1.
105.75  1.  1.  1.
106.25  1.  1.  1.
106.75  1.  1.  1.
107.25  1.  1.  1.
107.75  1.  1.  1.
108.25  1.  1.  1.
108.75  1.  1.  1.
109.25  1.  1.  1.
109.75  1.  1.  1.
110.25  1.  1.  1.
110.75  1.  1.  1.
111.25  1.  1.  1.
111.75  1.  1.  1.
112.25  1.  1.  1.
112.75  1.  1.  1.
113.25  1.  1.  1.
113.75  1.  1.  1.
114.25  1.  1.  1.
114.75  1.  1.  1.
115.25  1.  1.  1.
115.75  1.  1.  1.
116.25  1.  1.  1.
116.75  1.  1.  1.
117.25  1.  1.  1.
117.75  1.  1.  1.
118.25  1.  1.  1.
118.75  1.  1.  1.
119.25  1.  1.  1.
119.75  1.  1.  1.
120.25  1.  1.  1.
120.75  1.  1.  1.
121.25  1.  1.  1.
121.75  1.  1.  1.
122.25  1.  1.  1.
122.75  1.  1.  1.
123.25  1.  1.  1.
123.75  1.  1.  1.
124.25  1.  1.  1.
124.75  1.  1.  1.
125.25  1.  1.  1.
125.75  1.  1.  1.
126.25  1.  1.  1.
126.75  1.  1.  1.
127.25  1.  1.  1.
127.75  1.  1.  1.
128.25  1.  1.  1.
128.75  1.  1.  1.
129.25  1.  1.  1.
129.75  1.  1.  1.
130.25  1.  1.  1.
130.75  1.  1.  1.
131.25  1.  1.  1.
131.75  1.  1.  1.
132.25  1.  1.  1.
132.75  1.  1.  1.
133.25  1.  1.  1.
133.75  1.  1.  1.
134.25  1.  1.  1.
134.75  1.  1.  1.
135.25  1.  1.  1.
135.75  1.  1.  1.
136.25  1.  1.  1.
136.75  1.  1.  1.
137.25  1.  1.  1.
137.75  1.  1.  1.
138.25  1.  1.  1.
138.75  1.  1.  1.
139.25  1.  1.  1.
139.75  1.  1.  1.
140.25  1.  1.  1.
140.75  1.  1.  1.
141.25  1.  1.  1.
141.75  1.  1.  1.
142.25  1.  1.  1.
142.75  1.  1.  1.
143.25  1.  1.  1.
143.75  1.  1.  1.
144.25  1.  1.  1.
144.75  1.  1.  1.
145.25  1.  1.  1.
145.75  1.  1.  1.
146.25  1.  1.  1.
146.75  1.  1.  1.
147.25  1.  1.  1.
147.75  1.  1.  1.
148.25  1.  1.  1.
148.75  1.  1.  1.
149.25  1.  1.  1.
149.75  1.  1.  1.
150.25  1.  1.  1.
150.75  1.  1.  1.
151.25  1.  1.  1.
151.75  1.  1.  1.
152.25  1.  1.  1.
152.75  1.  1.  1.
153.25  1.  1.  1.
153.75  1.  1.  1.
154.25  1.  1.  1.
154.75  1.  1.  1.
155.25  1.  1.  1.
155.75  1.  1.  1.
156.25  1.  1.  1.
156.75  1.  1.  1.
157.25  1.  1.  1.
157.75  1.  1.  1.
158.25  1.  1.  1.
158.75  1.  1.  1.
159.25  1.  1.  1.
159.75  1.  1.  1.
160.25  1.  1.  1.
160.75  1.  1.  1.
161.25  1.  1.  1.
161.75  1.  1.  1.
162.25  1.  1.  1.
162.75  1.  1.  1.
163.25  1.  1.  1.
163.75  1.  1.  1.
164.25  1.  1.  1.
164.75  1.  1.  1.
165.25  1.  1.  1.
165.75  1.  1.  1.
166.25  1.  1.  1.
166.75  1.  1.  1.
167.25  1.  1.  1.
167.75  1.  1.  1.
168.25  1.  1.  1.
168.75  1.  1.  1.
169.25  1.  1.  1.
169.75  1.  1.  1.
170.25  1.  1.  1.
170.75  1.  1.  1.
171.25  1.  1.  1.
171.75  1.  1.  1.
172.25  1.  1.  1.
172.75  1.  1.  1.
173.25  1.  1.  1.
173.75  1.  1.  1.
174.25  1.  1.  1.
174.75  1.  1.  1.
175.25  1.  1.  1.
175.75  1.  1.  1.
176.25  1.  1.  1.
176.75  1.  1.  1.
177.25  1.  1.  1.
177.75  1.  1.  1.
178.25  1.  1.  1.
178.75  1.  1.  1.
179.25  1.  1.  1.
179.75  1.  1.  1.
180.25  1.  1.  1.
180.75  1.  1.  1.
181.25  1.  1.  1.
181.75  1.  1.  1.
182.25  1.  1.  1.
182.75  1.  1.  1.
183.25  1.  1.  1.
183.75  1.  1.  1.
184.25  1.  1.  1.
184.75  1.  1.  1.
185.25  1.  1.  1.
185.75  1.  1.  1.
186.25  1.  1.  1.
186.75  1.  1.  1.
187.25  1.  1.  1.
187.75  1.  1.  1.
188.25  1.  1.  1.
188.75  1.  1.  1.
189.25  1.  1.  1.
189.75  1.  1.  1.
190.25  1.  1.  1.
190.75  1.  1.  1.
191.25  1.  1.  1.
191.75  1.  1.  1.
192.25  1.  1.  1.
192.75  1.  1.  1.
193.25  1.  1.  1.
193.75  1.  1.  1.
194.25  1.  1.  1.
194.75  1.  1.  1.
195.25  1.  1.  1.
195.75  1.  1.  1.
196.25  1.  1.  1.
196.75  1.  1.  1.
197.25  1.  1.  1.
197.75  1.  1.  1.
198.25  1.  1.  1.
198.75  1.  1.  1.
199.25  1.  1.  1.
199.75  1.  1.  1.
