# pt   RAA_central    RAA_lower    RAA_upper  
400  0.5
0.25  0.640789  0.442056  0.84998
0.75  0.660473  0.457905  0.881192
1.25  0.682456  0.481579  0.904041
1.75  0.707726  0.513285  0.917198
2.25  0.744942  0.554079  0.950561
2.75  0.790264  0.602747  0.984046
3.25  0.82515  0.647987  1.01959
3.75  0.857117  0.686155  1.03906
4.25  0.886126  0.717088  1.04236
4.75  0.903713  0.739642  1.04124
5.25  0.909805  0.753738  1.03571
5.75  0.918581  0.77565  1.04039
6.25  0.930051  0.805441  1.0553
6.75  0.941535  0.835349  1.07023
7.25  0.951791  0.853609  1.07653
7.75  0.960815  0.860138  1.07417
8.25  0.969848  0.866672  1.07182
8.75  0.97889  0.873212  1.06946
9.25  0.983136  0.87916  1.06856
9.75  0.982578  0.884517  1.0691
10.25  0.98202  0.889878  1.06964
10.75  0.981463  0.895241  1.07018
11.25  0.985149  0.902642  1.0729
11.75  0.993084  0.912087  1.0778
12.25  1.00103  0.921541  1.08269
12.75  1.00897  0.931006  1.08759
13.25  1.01693  0.940482  1.09249
13.75  1.02489  0.949967  1.0974
14.25  1.03286  0.959464  1.1023
14.75  1.04083  0.96897  1.10721
15.25  1.04881  0.978486  1.11212
15.75  1.0568  0.988013  1.11703
16.25  1.06149  0.993028  1.1207
16.75  1.06287  0.993522  1.12314
17.25  1.06425  0.994017  1.12558
17.75  1.06563  0.994512  1.12801
18.25  1.06702  0.995007  1.13045
18.75  1.0684  0.995502  1.13289
19.25  1.06979  0.995998  1.13533
19.75  1.07117  0.996492  1.13777
20.25  1.07255  0.996987  1.14021
20.75  1.07394  0.997483  1.14265
21.25  1.07532  0.997977  1.14509
21.75  1.07671  0.998473  1.14753
22.25  1.07809  0.998968  1.14997
22.75  1.07948  0.999463  1.15241
23.25  1.08086  0.999959  1.15486
23.75  1.08225  1.00045  1.1573
24.25  1.08363  1.00095  1.15974
24.75  1.08502  1.00144  1.16219
25.25  1.0864  1.00194  1.16463
25.75  1.08779  1.00243  1.16708
26.25  1.08917  1.00293  1.16952
26.75  1.09056  1.00343  1.17197
27.25  1.09195  1.00392  1.17442
27.75  1.09333  1.00442  1.17686
28.25  1.09472  1.00491  1.17931
28.75  1.09611  1.00541  1.18176
29.25  1.09749  1.0059  1.18421
29.75  1.09888  1.0064  1.18666
30.25  1.10027  1.00689  1.18911
30.75  1.10166  1.00739  1.19156
31.25  1.10305  1.00789  1.19401
31.75  1.10443  1.00838  1.19646
32.25  1.10582  1.00888  1.19891
32.75  1.10721  1.00937  1.20136
33.25  1.1086  1.00987  1.20381
33.75  1.10999  1.01037  1.20627
34.25  1.11138  1.01086  1.20872
34.75  1.11277  1.01136  1.21118
35.25  1.11346  1.0116  1.2124
35.75  1.11346  1.0116  1.2124
36.25  1.11346  1.0116  1.2124
36.75  1.11346  1.0116  1.2124
37.25  1.11346  1.0116  1.2124
37.75  1.11346  1.0116  1.2124
38.25  1.11346  1.0116  1.2124
38.75  1.11346  1.0116  1.2124
39.25  1.11346  1.0116  1.2124
39.75  1.11346  1.0116  1.2124
40.25  1.11346  1.0116  1.2124
40.75  1.11346  1.0116  1.2124
41.25  1.11346  1.0116  1.2124
41.75  1.11346  1.0116  1.2124
42.25  1.11346  1.0116  1.2124
42.75  1.11346  1.0116  1.2124
43.25  1.11346  1.0116  1.2124
43.75  1.11346  1.0116  1.2124
44.25  1.11346  1.0116  1.2124
44.75  1.11346  1.0116  1.2124
45.25  1.11346  1.0116  1.2124
45.75  1.11346  1.0116  1.2124
46.25  1.11346  1.0116  1.2124
46.75  1.11346  1.0116  1.2124
47.25  1.11346  1.0116  1.2124
47.75  1.11346  1.0116  1.2124
48.25  1.11346  1.0116  1.2124
48.75  1.11346  1.0116  1.2124
49.25  1.11346  1.0116  1.2124
49.75  1.11346  1.0116  1.2124
50.25  1.  1.  1.
50.75  1.  1.  1.
51.25  1.  1.  1.
51.75  1.  1.  1.
52.25  1.  1.  1.
52.75  1.  1.  1.
53.25  1.  1.  1.
53.75  1.  1.  1.
54.25  1.  1.  1.
54.75  1.  1.  1.
55.25  1.  1.  1.
55.75  1.  1.  1.
56.25  1.  1.  1.
56.75  1.  1.  1.
57.25  1.  1.  1.
57.75  1.  1.  1.
58.25  1.  1.  1.
58.75  1.  1.  1.
59.25  1.  1.  1.
59.75  1.  1.  1.
60.25  1.  1.  1.
60.75  1.  1.  1.
61.25  1.  1.  1.
61.75  1.  1.  1.
62.25  1.  1.  1.
62.75  1.  1.  1.
63.25  1.  1.  1.
63.75  1.  1.  1.
64.25  1.  1.  1.
64.75  1.  1.  1.
65.25  1.  1.  1.
65.75  1.  1.  1.
66.25  1.  1.  1.
66.75  1.  1.  1.
67.25  1.  1.  1.
67.75  1.  1.  1.
68.25  1.  1.  1.
68.75  1.  1.  1.
69.25  1.  1.  1.
69.75  1.  1.  1.
70.25  1.  1.  1.
70.75  1.  1.  1.
71.25  1.  1.  1.
71.75  1.  1.  1.
72.25  1.  1.  1.
72.75  1.  1.  1.
73.25  1.  1.  1.
73.75  1.  1.  1.
74.25  1.  1.  1.
74.75  1.  1.  1.
75.25  1.  1.  1.
75.75  1.  1.  1.
76.25  1.  1.  1.
76.75  1.  1.  1.
77.25  1.  1.  1.
77.75  1.  1.  1.
78.25  1.  1.  1.
78.75  1.  1.  1.
79.25  1.  1.  1.
79.75  1.  1.  1.
80.25  1.  1.  1.
80.75  1.  1.  1.
81.25  1.  1.  1.
81.75  1.  1.  1.
82.25  1.  1.  1.
82.75  1.  1.  1.
83.25  1.  1.  1.
83.75  1.  1.  1.
84.25  1.  1.  1.
84.75  1.  1.  1.
85.25  1.  1.  1.
85.75  1.  1.  1.
86.25  1.  1.  1.
86.75  1.  1.  1.
87.25  1.  1.  1.
87.75  1.  1.  1.
88.25  1.  1.  1.
88.75  1.  1.  1.
89.25  1.  1.  1.
89.75  1.  1.  1.
90.25  1.  1.  1.
90.75  1.  1.  1.
91.25  1.  1.  1.
91.75  1.  1.  1.
92.25  1.  1.  1.
92.75  1.  1.  1.
93.25  1.  1.  1.
93.75  1.  1.  1.
94.25  1.  1.  1.
94.75  1.  1.  1.
95.25  1.  1.  1.
95.75  1.  1.  1.
96.25  1.  1.  1.
96.75  1.  1.  1.
97.25  1.  1.  1.
97.75  1.  1.  1.
98.25  1.  1.  1.
98.75  1.  1.  1.
99.25  1.  1.  1.
99.75  1.  1.  1.
100.25  1.  1.  1.
100.75  1.  1.  1.
101.25  1.  1.  1.
101.75  1.  1.  1.
102.25  1.  1.  1.
102.75  1.  1.  1.
103.25  1.  1.  1.
103.75  1.  1.  1.
104.25  1.  1.  1.
104.75  1.  1.  1.
105.25  1.  1.  1.
105.75  1.  1.  1.
106.25  1.  1.  1.
106.75  1.  1.  1.
107.25  1.  1.  1.
107.75  1.  1.  1.
108.25  1.  1.  1.
108.75  1.  1.  1.
109.25  1.  1.  1.
109.75  1.  1.  1.
110.25  1.  1.  1.
110.75  1.  1.  1.
111.25  1.  1.  1.
111.75  1.  1.  1.
112.25  1.  1.  1.
112.75  1.  1.  1.
113.25  1.  1.  1.
113.75  1.  1.  1.
114.25  1.  1.  1.
114.75  1.  1.  1.
115.25  1.  1.  1.
115.75  1.  1.  1.
116.25  1.  1.  1.
116.75  1.  1.  1.
117.25  1.  1.  1.
117.75  1.  1.  1.
118.25  1.  1.  1.
118.75  1.  1.  1.
119.25  1.  1.  1.
119.75  1.  1.  1.
120.25  1.  1.  1.
120.75  1.  1.  1.
121.25  1.  1.  1.
121.75  1.  1.  1.
122.25  1.  1.  1.
122.75  1.  1.  1.
123.25  1.  1.  1.
123.75  1.  1.  1.
124.25  1.  1.  1.
124.75  1.  1.  1.
125.25  1.  1.  1.
125.75  1.  1.  1.
126.25  1.  1.  1.
126.75  1.  1.  1.
127.25  1.  1.  1.
127.75  1.  1.  1.
128.25  1.  1.  1.
128.75  1.  1.  1.
129.25  1.  1.  1.
129.75  1.  1.  1.
130.25  1.  1.  1.
130.75  1.  1.  1.
131.25  1.  1.  1.
131.75  1.  1.  1.
132.25  1.  1.  1.
132.75  1.  1.  1.
133.25  1.  1.  1.
133.75  1.  1.  1.
134.25  1.  1.  1.
134.75  1.  1.  1.
135.25  1.  1.  1.
135.75  1.  1.  1.
136.25  1.  1.  1.
136.75  1.  1.  1.
137.25  1.  1.  1.
137.75  1.  1.  1.
138.25  1.  1.  1.
138.75  1.  1.  1.
139.25  1.  1.  1.
139.75  1.  1.  1.
140.25  1.  1.  1.
140.75  1.  1.  1.
141.25  1.  1.  1.
141.75  1.  1.  1.
142.25  1.  1.  1.
142.75  1.  1.  1.
143.25  1.  1.  1.
143.75  1.  1.  1.
144.25  1.  1.  1.
144.75  1.  1.  1.
145.25  1.  1.  1.
145.75  1.  1.  1.
146.25  1.  1.  1.
146.75  1.  1.  1.
147.25  1.  1.  1.
147.75  1.  1.  1.
148.25  1.  1.  1.
148.75  1.  1.  1.
149.25  1.  1.  1.
149.75  1.  1.  1.
150.25  1.  1.  1.
150.75  1.  1.  1.
151.25  1.  1.  1.
151.75  1.  1.  1.
152.25  1.  1.  1.
152.75  1.  1.  1.
153.25  1.  1.  1.
153.75  1.  1.  1.
154.25  1.  1.  1.
154.75  1.  1.  1.
155.25  1.  1.  1.
155.75  1.  1.  1.
156.25  1.  1.  1.
156.75  1.  1.  1.
157.25  1.  1.  1.
157.75  1.  1.  1.
158.25  1.  1.  1.
158.75  1.  1.  1.
159.25  1.  1.  1.
159.75  1.  1.  1.
160.25  1.  1.  1.
160.75  1.  1.  1.
161.25  1.  1.  1.
161.75  1.  1.  1.
162.25  1.  1.  1.
162.75  1.  1.  1.
163.25  1.  1.  1.
163.75  1.  1.  1.
164.25  1.  1.  1.
164.75  1.  1.  1.
165.25  1.  1.  1.
165.75  1.  1.  1.
166.25  1.  1.  1.
166.75  1.  1.  1.
167.25  1.  1.  1.
167.75  1.  1.  1.
168.25  1.  1.  1.
168.75  1.  1.  1.
169.25  1.  1.  1.
169.75  1.  1.  1.
170.25  1.  1.  1.
170.75  1.  1.  1.
171.25  1.  1.  1.
171.75  1.  1.  1.
172.25  1.  1.  1.
172.75  1.  1.  1.
173.25  1.  1.  1.
173.75  1.  1.  1.
174.25  1.  1.  1.
174.75  1.  1.  1.
175.25  1.  1.  1.
175.75  1.  1.  1.
176.25  1.  1.  1.
176.75  1.  1.  1.
177.25  1.  1.  1.
177.75  1.  1.  1.
178.25  1.  1.  1.
178.75  1.  1.  1.
179.25  1.  1.  1.
179.75  1.  1.  1.
180.25  1.  1.  1.
180.75  1.  1.  1.
181.25  1.  1.  1.
181.75  1.  1.  1.
182.25  1.  1.  1.
182.75  1.  1.  1.
183.25  1.  1.  1.
183.75  1.  1.  1.
184.25  1.  1.  1.
184.75  1.  1.  1.
185.25  1.  1.  1.
185.75  1.  1.  1.
186.25  1.  1.  1.
186.75  1.  1.  1.
187.25  1.  1.  1.
187.75  1.  1.  1.
188.25  1.  1.  1.
188.75  1.  1.  1.
189.25  1.  1.  1.
189.75  1.  1.  1.
190.25  1.  1.  1.
190.75  1.  1.  1.
191.25  1.  1.  1.
191.75  1.  1.  1.
192.25  1.  1.  1.
192.75  1.  1.  1.
193.25  1.  1.  1.
193.75  1.  1.  1.
194.25  1.  1.  1.
194.75  1.  1.  1.
195.25  1.  1.  1.
195.75  1.  1.  1.
196.25  1.  1.  1.
196.75  1.  1.  1.
197.25  1.  1.  1.
197.75  1.  1.  1.
198.25  1.  1.  1.
198.75  1.  1.  1.
199.25  1.  1.  1.
199.75  1.  1.  1.
