# pt   RAA_central    RAA_lower    RAA_upper  
400  0.5
0.25  0.711905  0.53637  0.894216
0.75  0.737806  0.552518  0.914591
1.25  0.765464  0.589242  0.939275
1.75  0.789989  0.619473  0.953537
2.25  0.829846  0.674417  0.989726
2.75  0.873085  0.709184  1.00389
3.25  0.905893  0.769155  1.02554
3.75  0.93132  0.812983  1.0428
4.25  0.949566  0.841481  1.05572
4.75  0.962268  0.864372  1.06365
5.25  0.9695  0.881787  1.06663
5.75  0.978381  0.897654  1.07142
6.25  0.988896  0.911997  1.07803
6.75  0.999374  0.926269  1.08463
7.25  1.00953  0.940898  1.0878
7.75  1.01936  0.955879  1.08755
8.25  1.02916  0.970784  1.08731
8.75  1.03894  0.985613  1.08706
9.25  1.04497  0.996974  1.09065
9.75  1.04727  1.00491  1.09805
10.25  1.04957  1.01282  1.10544
10.75  1.05187  1.02071  1.11282
11.25  1.05434  1.025  1.11683
11.75  1.05697  1.0257  1.11749
12.25  1.05959  1.0264  1.11815
12.75  1.06222  1.02709  1.11881
13.25  1.06484  1.02779  1.11947
13.75  1.06747  1.02849  1.12012
14.25  1.07009  1.02919  1.12078
14.75  1.0727  1.02988  1.12144
15.25  1.07532  1.03058  1.1221
15.75  1.07793  1.03128  1.12276
16.25  1.0796  1.03211  1.12371
16.75  1.08033  1.03309  1.12496
17.25  1.08106  1.03406  1.12621
17.75  1.08179  1.03504  1.12746
18.25  1.08252  1.03601  1.12871
18.75  1.08325  1.03698  1.12996
19.25  1.08398  1.03796  1.13121
19.75  1.08471  1.03893  1.13246
20.25  1.08543  1.0399  1.13371
20.75  1.08616  1.04087  1.13495
21.25  1.08689  1.04184  1.1362
21.75  1.08762  1.04281  1.13745
22.25  1.08834  1.04379  1.13869
22.75  1.08907  1.04476  1.13994
23.25  1.0898  1.04573  1.14118
23.75  1.09053  1.0467  1.14243
24.25  1.09125  1.04767  1.14367
24.75  1.09198  1.04864  1.14492
25.25  1.09271  1.0496  1.14616
25.75  1.09343  1.05057  1.14741
26.25  1.09416  1.05154  1.14865
26.75  1.09489  1.05251  1.14989
27.25  1.09561  1.05348  1.15113
27.75  1.09634  1.05445  1.15238
28.25  1.09706  1.05541  1.15362
28.75  1.09779  1.05638  1.15486
29.25  1.09851  1.05735  1.1561
29.75  1.09924  1.05831  1.15734
30.25  1.09996  1.05928  1.15858
30.75  1.10069  1.06025  1.15982
31.25  1.10141  1.06121  1.16106
31.75  1.10214  1.06218  1.16229
32.25  1.10286  1.06314  1.16353
32.75  1.10359  1.06411  1.16477
33.25  1.10431  1.06507  1.16601
33.75  1.10504  1.06604  1.16724
34.25  1.10576  1.067  1.16848
34.75  1.10648  1.06797  1.16972
35.25  1.10685  1.06845  1.17034
35.75  1.10685  1.06845  1.17034
36.25  1.10685  1.06845  1.17034
36.75  1.10685  1.06845  1.17034
37.25  1.10685  1.06845  1.17034
37.75  1.10685  1.06845  1.17034
38.25  1.10685  1.06845  1.17034
38.75  1.10685  1.06845  1.17034
39.25  1.10685  1.06845  1.17034
39.75  1.10685  1.06845  1.17034
40.25  1.10685  1.06845  1.17034
40.75  1.10685  1.06845  1.17034
41.25  1.10685  1.06845  1.17034
41.75  1.10685  1.06845  1.17034
42.25  1.10685  1.06845  1.17034
42.75  1.10685  1.06845  1.17034
43.25  1.10685  1.06845  1.17034
43.75  1.10685  1.06845  1.17034
44.25  1.10685  1.06845  1.17034
44.75  1.10685  1.06845  1.17034
45.25  1.10685  1.06845  1.17034
45.75  1.10685  1.06845  1.17034
46.25  1.10685  1.06845  1.17034
46.75  1.10685  1.06845  1.17034
47.25  1.10685  1.06845  1.17034
47.75  1.10685  1.06845  1.17034
48.25  1.10685  1.06845  1.17034
48.75  1.10685  1.06845  1.17034
49.25  1.10685  1.06845  1.17034
49.75  1.10685  1.06845  1.17034
50.25  1.  1.  1.
50.75  1.  1.  1.
51.25  1.  1.  1.
51.75  1.  1.  1.
52.25  1.  1.  1.
52.75  1.  1.  1.
53.25  1.  1.  1.
53.75  1.  1.  1.
54.25  1.  1.  1.
54.75  1.  1.  1.
55.25  1.  1.  1.
55.75  1.  1.  1.
56.25  1.  1.  1.
56.75  1.  1.  1.
57.25  1.  1.  1.
57.75  1.  1.  1.
58.25  1.  1.  1.
58.75  1.  1.  1.
59.25  1.  1.  1.
59.75  1.  1.  1.
60.25  1.  1.  1.
60.75  1.  1.  1.
61.25  1.  1.  1.
61.75  1.  1.  1.
62.25  1.  1.  1.
62.75  1.  1.  1.
63.25  1.  1.  1.
63.75  1.  1.  1.
64.25  1.  1.  1.
64.75  1.  1.  1.
65.25  1.  1.  1.
65.75  1.  1.  1.
66.25  1.  1.  1.
66.75  1.  1.  1.
67.25  1.  1.  1.
67.75  1.  1.  1.
68.25  1.  1.  1.
68.75  1.  1.  1.
69.25  1.  1.  1.
69.75  1.  1.  1.
70.25  1.  1.  1.
70.75  1.  1.  1.
71.25  1.  1.  1.
71.75  1.  1.  1.
72.25  1.  1.  1.
72.75  1.  1.  1.
73.25  1.  1.  1.
73.75  1.  1.  1.
74.25  1.  1.  1.
74.75  1.  1.  1.
75.25  1.  1.  1.
75.75  1.  1.  1.
76.25  1.  1.  1.
76.75  1.  1.  1.
77.25  1.  1.  1.
77.75  1.  1.  1.
78.25  1.  1.  1.
78.75  1.  1.  1.
79.25  1.  1.  1.
79.75  1.  1.  1.
80.25  1.  1.  1.
80.75  1.  1.  1.
81.25  1.  1.  1.
81.75  1.  1.  1.
82.25  1.  1.  1.
82.75  1.  1.  1.
83.25  1.  1.  1.
83.75  1.  1.  1.
84.25  1.  1.  1.
84.75  1.  1.  1.
85.25  1.  1.  1.
85.75  1.  1.  1.
86.25  1.  1.  1.
86.75  1.  1.  1.
87.25  1.  1.  1.
87.75  1.  1.  1.
88.25  1.  1.  1.
88.75  1.  1.  1.
89.25  1.  1.  1.
89.75  1.  1.  1.
90.25  1.  1.  1.
90.75  1.  1.  1.
91.25  1.  1.  1.
91.75  1.  1.  1.
92.25  1.  1.  1.
92.75  1.  1.  1.
93.25  1.  1.  1.
93.75  1.  1.  1.
94.25  1.  1.  1.
94.75  1.  1.  1.
95.25  1.  1.  1.
95.75  1.  1.  1.
96.25  1.  1.  1.
96.75  1.  1.  1.
97.25  1.  1.  1.
97.75  1.  1.  1.
98.25  1.  1.  1.
98.75  1.  1.  1.
99.25  1.  1.  1.
99.75  1.  1.  1.
100.25  1.  1.  1.
100.75  1.  1.  1.
101.25  1.  1.  1.
101.75  1.  1.  1.
102.25  1.  1.  1.
102.75  1.  1.  1.
103.25  1.  1.  1.
103.75  1.  1.  1.
104.25  1.  1.  1.
104.75  1.  1.  1.
105.25  1.  1.  1.
105.75  1.  1.  1.
106.25  1.  1.  1.
106.75  1.  1.  1.
107.25  1.  1.  1.
107.75  1.  1.  1.
108.25  1.  1.  1.
108.75  1.  1.  1.
109.25  1.  1.  1.
109.75  1.  1.  1.
110.25  1.  1.  1.
110.75  1.  1.  1.
111.25  1.  1.  1.
111.75  1.  1.  1.
112.25  1.  1.  1.
112.75  1.  1.  1.
113.25  1.  1.  1.
113.75  1.  1.  1.
114.25  1.  1.  1.
114.75  1.  1.  1.
115.25  1.  1.  1.
115.75  1.  1.  1.
116.25  1.  1.  1.
116.75  1.  1.  1.
117.25  1.  1.  1.
117.75  1.  1.  1.
118.25  1.  1.  1.
118.75  1.  1.  1.
119.25  1.  1.  1.
119.75  1.  1.  1.
120.25  1.  1.  1.
120.75  1.  1.  1.
121.25  1.  1.  1.
121.75  1.  1.  1.
122.25  1.  1.  1.
122.75  1.  1.  1.
123.25  1.  1.  1.
123.75  1.  1.  1.
124.25  1.  1.  1.
124.75  1.  1.  1.
125.25  1.  1.  1.
125.75  1.  1.  1.
126.25  1.  1.  1.
126.75  1.  1.  1.
127.25  1.  1.  1.
127.75  1.  1.  1.
128.25  1.  1.  1.
128.75  1.  1.  1.
129.25  1.  1.  1.
129.75  1.  1.  1.
130.25  1.  1.  1.
130.75  1.  1.  1.
131.25  1.  1.  1.
131.75  1.  1.  1.
132.25  1.  1.  1.
132.75  1.  1.  1.
133.25  1.  1.  1.
133.75  1.  1.  1.
134.25  1.  1.  1.
134.75  1.  1.  1.
135.25  1.  1.  1.
135.75  1.  1.  1.
136.25  1.  1.  1.
136.75  1.  1.  1.
137.25  1.  1.  1.
137.75  1.  1.  1.
138.25  1.  1.  1.
138.75  1.  1.  1.
139.25  1.  1.  1.
139.75  1.  1.  1.
140.25  1.  1.  1.
140.75  1.  1.  1.
141.25  1.  1.  1.
141.75  1.  1.  1.
142.25  1.  1.  1.
142.75  1.  1.  1.
143.25  1.  1.  1.
143.75  1.  1.  1.
144.25  1.  1.  1.
144.75  1.  1.  1.
145.25  1.  1.  1.
145.75  1.  1.  1.
146.25  1.  1.  1.
146.75  1.  1.  1.
147.25  1.  1.  1.
147.75  1.  1.  1.
148.25  1.  1.  1.
148.75  1.  1.  1.
149.25  1.  1.  1.
149.75  1.  1.  1.
150.25  1.  1.  1.
150.75  1.  1.  1.
151.25  1.  1.  1.
151.75  1.  1.  1.
152.25  1.  1.  1.
152.75  1.  1.  1.
153.25  1.  1.  1.
153.75  1.  1.  1.
154.25  1.  1.  1.
154.75  1.  1.  1.
155.25  1.  1.  1.
155.75  1.  1.  1.
156.25  1.  1.  1.
156.75  1.  1.  1.
157.25  1.  1.  1.
157.75  1.  1.  1.
158.25  1.  1.  1.
158.75  1.  1.  1.
159.25  1.  1.  1.
159.75  1.  1.  1.
160.25  1.  1.  1.
160.75  1.  1.  1.
161.25  1.  1.  1.
161.75  1.  1.  1.
162.25  1.  1.  1.
162.75  1.  1.  1.
163.25  1.  1.  1.
163.75  1.  1.  1.
164.25  1.  1.  1.
164.75  1.  1.  1.
165.25  1.  1.  1.
165.75  1.  1.  1.
166.25  1.  1.  1.
166.75  1.  1.  1.
167.25  1.  1.  1.
167.75  1.  1.  1.
168.25  1.  1.  1.
168.75  1.  1.  1.
169.25  1.  1.  1.
169.75  1.  1.  1.
170.25  1.  1.  1.
170.75  1.  1.  1.
171.25  1.  1.  1.
171.75  1.  1.  1.
172.25  1.  1.  1.
172.75  1.  1.  1.
173.25  1.  1.  1.
173.75  1.  1.  1.
174.25  1.  1.  1.
174.75  1.  1.  1.
175.25  1.  1.  1.
175.75  1.  1.  1.
176.25  1.  1.  1.
176.75  1.  1.  1.
177.25  1.  1.  1.
177.75  1.  1.  1.
178.25  1.  1.  1.
178.75  1.  1.  1.
179.25  1.  1.  1.
179.75  1.  1.  1.
180.25  1.  1.  1.
180.75  1.  1.  1.
181.25  1.  1.  1.
181.75  1.  1.  1.
182.25  1.  1.  1.
182.75  1.  1.  1.
183.25  1.  1.  1.
183.75  1.  1.  1.
184.25  1.  1.  1.
184.75  1.  1.  1.
185.25  1.  1.  1.
185.75  1.  1.  1.
186.25  1.  1.  1.
186.75  1.  1.  1.
187.25  1.  1.  1.
187.75  1.  1.  1.
188.25  1.  1.  1.
188.75  1.  1.  1.
189.25  1.  1.  1.
189.75  1.  1.  1.
190.25  1.  1.  1.
190.75  1.  1.  1.
191.25  1.  1.  1.
191.75  1.  1.  1.
192.25  1.  1.  1.
192.75  1.  1.  1.
193.25  1.  1.  1.
193.75  1.  1.  1.
194.25  1.  1.  1.
194.75  1.  1.  1.
195.25  1.  1.  1.
195.75  1.  1.  1.
196.25  1.  1.  1.
196.75  1.  1.  1.
197.25  1.  1.  1.
197.75  1.  1.  1.
198.25  1.  1.  1.
198.75  1.  1.  1.
199.25  1.  1.  1.
199.75  1.  1.  1.
