# pt   RAA_central    RAA_lower    RAA_upper  
400  0.5
0.25  0.803135  0.662555  0.924111
0.75  0.815433  0.674931  0.940559
1.25  0.828903  0.693209  0.952368
1.75  0.844066  0.716846  0.959083
2.25  0.865845  0.745861  0.975839
2.75  0.891557  0.77867  0.992287
3.25  0.910752  0.807659  1.00937
3.75  0.927905  0.831143  1.01856
4.25  0.943126  0.849601  1.02011
4.75  0.952201  0.86278  1.01959
5.25  0.955318  0.870905  1.01699
5.75  0.959785  0.883363  1.01919
6.25  0.965583  0.89997  1.02616
6.75  0.971343  0.916269  1.03307
7.25  0.97645  0.926042  1.03597
7.75  0.980915  0.929505  1.03489
8.25  0.985357  0.932954  1.0338
8.75  0.989778  0.936389  1.03272
9.25  0.991845  0.9395  1.0323
9.75  0.991573  0.94229  1.03255
10.25  0.991302  0.945071  1.0328
10.75  0.991031  0.947843  1.03305
11.25  0.992823  0.951651  1.0343
11.75  0.996666  0.956482  1.03655
12.25  1.00049  0.961286  1.0388
12.75  1.0043  0.966064  1.04104
13.25  1.0081  0.970817  1.04328
13.75  1.01188  0.975544  1.04551
14.25  1.01565  0.980248  1.04773
14.75  1.0194  0.984926  1.04995
15.25  1.02313  0.989581  1.05217
15.75  1.02685  0.994212  1.05438
16.25  1.02903  0.996639  1.05603
16.75  1.02967  0.996877  1.05712
17.25  1.03031  0.997117  1.05821
17.75  1.03095  0.997356  1.0593
18.25  1.03159  0.997594  1.06039
18.75  1.03223  0.997833  1.06147
19.25  1.03287  0.998072  1.06256
19.75  1.0335  0.998311  1.06365
20.25  1.03414  0.998549  1.06473
20.75  1.03478  0.998788  1.06581
21.25  1.03542  0.999026  1.06689
21.75  1.03605  0.999265  1.06797
22.25  1.03669  0.999504  1.06905
22.75  1.03732  0.999742  1.07013
23.25  1.03796  0.99998  1.07121
23.75  1.03859  1.00022  1.07228
24.25  1.03923  1.00046  1.07336
24.75  1.03986  1.00069  1.07443
25.25  1.0405  1.00093  1.07551
25.75  1.04113  1.00117  1.07658
26.25  1.04176  1.00141  1.07765
26.75  1.0424  1.00165  1.07872
27.25  1.04303  1.00188  1.07978
27.75  1.04366  1.00212  1.08085
28.25  1.04429  1.00236  1.08192
28.75  1.04492  1.0026  1.08298
29.25  1.04555  1.00283  1.08405
29.75  1.04618  1.00307  1.08511
30.25  1.04681  1.00331  1.08617
30.75  1.04744  1.00355  1.08723
31.25  1.04807  1.00378  1.08829
31.75  1.0487  1.00402  1.08935
32.25  1.04932  1.00426  1.09041
32.75  1.04995  1.0045  1.09146
33.25  1.05058  1.00473  1.09252
33.75  1.05121  1.00497  1.09357
34.25  1.05183  1.00521  1.09462
34.75  1.05246  1.00544  1.09568
35.25  1.05277  1.00556  1.0962
35.75  1.05277  1.00556  1.0962
36.25  1.05277  1.00556  1.0962
36.75  1.05277  1.00556  1.0962
37.25  1.05277  1.00556  1.0962
37.75  1.05277  1.00556  1.0962
38.25  1.05277  1.00556  1.0962
38.75  1.05277  1.00556  1.0962
39.25  1.05277  1.00556  1.0962
39.75  1.05277  1.00556  1.0962
40.25  1.05277  1.00556  1.0962
40.75  1.05277  1.00556  1.0962
41.25  1.05277  1.00556  1.0962
41.75  1.05277  1.00556  1.0962
42.25  1.05277  1.00556  1.0962
42.75  1.05277  1.00556  1.0962
43.25  1.05277  1.00556  1.0962
43.75  1.05277  1.00556  1.0962
44.25  1.05277  1.00556  1.0962
44.75  1.05277  1.00556  1.0962
45.25  1.05277  1.00556  1.0962
45.75  1.05277  1.00556  1.0962
46.25  1.05277  1.00556  1.0962
46.75  1.05277  1.00556  1.0962
47.25  1.05277  1.00556  1.0962
47.75  1.05277  1.00556  1.0962
48.25  1.05277  1.00556  1.0962
48.75  1.05277  1.00556  1.0962
49.25  1.05277  1.00556  1.0962
49.75  1.05277  1.00556  1.0962
50.25  1.  1.  1.
50.75  1.  1.  1.
51.25  1.  1.  1.
51.75  1.  1.  1.
52.25  1.  1.  1.
52.75  1.  1.  1.
53.25  1.  1.  1.
53.75  1.  1.  1.
54.25  1.  1.  1.
54.75  1.  1.  1.
55.25  1.  1.  1.
55.75  1.  1.  1.
56.25  1.  1.  1.
56.75  1.  1.  1.
57.25  1.  1.  1.
57.75  1.  1.  1.
58.25  1.  1.  1.
58.75  1.  1.  1.
59.25  1.  1.  1.
59.75  1.  1.  1.
60.25  1.  1.  1.
60.75  1.  1.  1.
61.25  1.  1.  1.
61.75  1.  1.  1.
62.25  1.  1.  1.
62.75  1.  1.  1.
63.25  1.  1.  1.
63.75  1.  1.  1.
64.25  1.  1.  1.
64.75  1.  1.  1.
65.25  1.  1.  1.
65.75  1.  1.  1.
66.25  1.  1.  1.
66.75  1.  1.  1.
67.25  1.  1.  1.
67.75  1.  1.  1.
68.25  1.  1.  1.
68.75  1.  1.  1.
69.25  1.  1.  1.
69.75  1.  1.  1.
70.25  1.  1.  1.
70.75  1.  1.  1.
71.25  1.  1.  1.
71.75  1.  1.  1.
72.25  1.  1.  1.
72.75  1.  1.  1.
73.25  1.  1.  1.
73.75  1.  1.  1.
74.25  1.  1.  1.
74.75  1.  1.  1.
75.25  1.  1.  1.
75.75  1.  1.  1.
76.25  1.  1.  1.
76.75  1.  1.  1.
77.25  1.  1.  1.
77.75  1.  1.  1.
78.25  1.  1.  1.
78.75  1.  1.  1.
79.25  1.  1.  1.
79.75  1.  1.  1.
80.25  1.  1.  1.
80.75  1.  1.  1.
81.25  1.  1.  1.
81.75  1.  1.  1.
82.25  1.  1.  1.
82.75  1.  1.  1.
83.25  1.  1.  1.
83.75  1.  1.  1.
84.25  1.  1.  1.
84.75  1.  1.  1.
85.25  1.  1.  1.
85.75  1.  1.  1.
86.25  1.  1.  1.
86.75  1.  1.  1.
87.25  1.  1.  1.
87.75  1.  1.  1.
88.25  1.  1.  1.
88.75  1.  1.  1.
89.25  1.  1.  1.
89.75  1.  1.  1.
90.25  1.  1.  1.
90.75  1.  1.  1.
91.25  1.  1.  1.
91.75  1.  1.  1.
92.25  1.  1.  1.
92.75  1.  1.  1.
93.25  1.  1.  1.
93.75  1.  1.  1.
94.25  1.  1.  1.
94.75  1.  1.  1.
95.25  1.  1.  1.
95.75  1.  1.  1.
96.25  1.  1.  1.
96.75  1.  1.  1.
97.25  1.  1.  1.
97.75  1.  1.  1.
98.25  1.  1.  1.
98.75  1.  1.  1.
99.25  1.  1.  1.
99.75  1.  1.  1.
100.25  1.  1.  1.
100.75  1.  1.  1.
101.25  1.  1.  1.
101.75  1.  1.  1.
102.25  1.  1.  1.
102.75  1.  1.  1.
103.25  1.  1.  1.
103.75  1.  1.  1.
104.25  1.  1.  1.
104.75  1.  1.  1.
105.25  1.  1.  1.
105.75  1.  1.  1.
106.25  1.  1.  1.
106.75  1.  1.  1.
107.25  1.  1.  1.
107.75  1.  1.  1.
108.25  1.  1.  1.
108.75  1.  1.  1.
109.25  1.  1.  1.
109.75  1.  1.  1.
110.25  1.  1.  1.
110.75  1.  1.  1.
111.25  1.  1.  1.
111.75  1.  1.  1.
112.25  1.  1.  1.
112.75  1.  1.  1.
113.25  1.  1.  1.
113.75  1.  1.  1.
114.25  1.  1.  1.
114.75  1.  1.  1.
115.25  1.  1.  1.
115.75  1.  1.  1.
116.25  1.  1.  1.
116.75  1.  1.  1.
117.25  1.  1.  1.
117.75  1.  1.  1.
118.25  1.  1.  1.
118.75  1.  1.  1.
119.25  1.  1.  1.
119.75  1.  1.  1.
120.25  1.  1.  1.
120.75  1.  1.  1.
121.25  1.  1.  1.
121.75  1.  1.  1.
122.25  1.  1.  1.
122.75  1.  1.  1.
123.25  1.  1.  1.
123.75  1.  1.  1.
124.25  1.  1.  1.
124.75  1.  1.  1.
125.25  1.  1.  1.
125.75  1.  1.  1.
126.25  1.  1.  1.
126.75  1.  1.  1.
127.25  1.  1.  1.
127.75  1.  1.  1.
128.25  1.  1.  1.
128.75  1.  1.  1.
129.25  1.  1.  1.
129.75  1.  1.  1.
130.25  1.  1.  1.
130.75  1.  1.  1.
131.25  1.  1.  1.
131.75  1.  1.  1.
132.25  1.  1.  1.
132.75  1.  1.  1.
133.25  1.  1.  1.
133.75  1.  1.  1.
134.25  1.  1.  1.
134.75  1.  1.  1.
135.25  1.  1.  1.
135.75  1.  1.  1.
136.25  1.  1.  1.
136.75  1.  1.  1.
137.25  1.  1.  1.
137.75  1.  1.  1.
138.25  1.  1.  1.
138.75  1.  1.  1.
139.25  1.  1.  1.
139.75  1.  1.  1.
140.25  1.  1.  1.
140.75  1.  1.  1.
141.25  1.  1.  1.
141.75  1.  1.  1.
142.25  1.  1.  1.
142.75  1.  1.  1.
143.25  1.  1.  1.
143.75  1.  1.  1.
144.25  1.  1.  1.
144.75  1.  1.  1.
145.25  1.  1.  1.
145.75  1.  1.  1.
146.25  1.  1.  1.
146.75  1.  1.  1.
147.25  1.  1.  1.
147.75  1.  1.  1.
148.25  1.  1.  1.
148.75  1.  1.  1.
149.25  1.  1.  1.
149.75  1.  1.  1.
150.25  1.  1.  1.
150.75  1.  1.  1.
151.25  1.  1.  1.
151.75  1.  1.  1.
152.25  1.  1.  1.
152.75  1.  1.  1.
153.25  1.  1.  1.
153.75  1.  1.  1.
154.25  1.  1.  1.
154.75  1.  1.  1.
155.25  1.  1.  1.
155.75  1.  1.  1.
156.25  1.  1.  1.
156.75  1.  1.  1.
157.25  1.  1.  1.
157.75  1.  1.  1.
158.25  1.  1.  1.
158.75  1.  1.  1.
159.25  1.  1.  1.
159.75  1.  1.  1.
160.25  1.  1.  1.
160.75  1.  1.  1.
161.25  1.  1.  1.
161.75  1.  1.  1.
162.25  1.  1.  1.
162.75  1.  1.  1.
163.25  1.  1.  1.
163.75  1.  1.  1.
164.25  1.  1.  1.
164.75  1.  1.  1.
165.25  1.  1.  1.
165.75  1.  1.  1.
166.25  1.  1.  1.
166.75  1.  1.  1.
167.25  1.  1.  1.
167.75  1.  1.  1.
168.25  1.  1.  1.
168.75  1.  1.  1.
169.25  1.  1.  1.
169.75  1.  1.  1.
170.25  1.  1.  1.
170.75  1.  1.  1.
171.25  1.  1.  1.
171.75  1.  1.  1.
172.25  1.  1.  1.
172.75  1.  1.  1.
173.25  1.  1.  1.
173.75  1.  1.  1.
174.25  1.  1.  1.
174.75  1.  1.  1.
175.25  1.  1.  1.
175.75  1.  1.  1.
176.25  1.  1.  1.
176.75  1.  1.  1.
177.25  1.  1.  1.
177.75  1.  1.  1.
178.25  1.  1.  1.
178.75  1.  1.  1.
179.25  1.  1.  1.
179.75  1.  1.  1.
180.25  1.  1.  1.
180.75  1.  1.  1.
181.25  1.  1.  1.
181.75  1.  1.  1.
182.25  1.  1.  1.
182.75  1.  1.  1.
183.25  1.  1.  1.
183.75  1.  1.  1.
184.25  1.  1.  1.
184.75  1.  1.  1.
185.25  1.  1.  1.
185.75  1.  1.  1.
186.25  1.  1.  1.
186.75  1.  1.  1.
187.25  1.  1.  1.
187.75  1.  1.  1.
188.25  1.  1.  1.
188.75  1.  1.  1.
189.25  1.  1.  1.
189.75  1.  1.  1.
190.25  1.  1.  1.
190.75  1.  1.  1.
191.25  1.  1.  1.
191.75  1.  1.  1.
192.25  1.  1.  1.
192.75  1.  1.  1.
193.25  1.  1.  1.
193.75  1.  1.  1.
194.25  1.  1.  1.
194.75  1.  1.  1.
195.25  1.  1.  1.
195.75  1.  1.  1.
196.25  1.  1.  1.
196.75  1.  1.  1.
197.25  1.  1.  1.
197.75  1.  1.  1.
198.25  1.  1.  1.
198.75  1.  1.  1.
199.25  1.  1.  1.
199.75  1.  1.  1.
