# pt   RAA_central    RAA_lower    RAA_upper  
400  0.5
0.25  0.637348  0.438333  0.848142
0.75  0.657134  0.454164  0.879689
1.25  0.679244  0.477808  0.902798
1.75  0.704678  0.509502  0.916112
2.25  0.742164  0.55034  0.949892
2.75  0.787858  0.599142  0.983824
3.25  0.823065  0.644581  1.01987
3.75  0.855354  0.682966  1.03963
4.25  0.884678  0.714104  1.04298
4.75  0.902467  0.736824  1.04184
5.25  0.908631  0.751029  1.03623
5.75  0.917512  0.773118  1.04098
6.25  0.929122  0.803171  1.05612
6.75  0.94075  0.833364  1.07128
7.25  0.951138  0.851809  1.07768
7.75  0.96028  0.858406  1.07528
8.25  0.969433  0.86501  1.07289
8.75  0.978597  0.87162  1.0705
9.25  0.982901  0.877634  1.06958
9.75  0.982335  0.88305  1.07013
10.25  0.98177  0.888472  1.07068
10.75  0.981205  0.893897  1.07123
11.25  0.984942  0.901383  1.07399
11.75  0.992986  0.91094  1.07897
12.25  1.00104  0.920508  1.08394
12.75  1.0091  0.930089  1.08892
13.25  1.01717  0.939684  1.0939
13.75  1.02525  0.949291  1.09888
14.25  1.03333  0.958912  1.10386
14.75  1.04143  0.968544  1.10885
15.25  1.04953  0.978188  1.11384
15.75  1.05764  0.987846  1.11884
16.25  1.0624  0.99293  1.12257
16.75  1.0638  0.993431  1.12505
17.25  1.06521  0.993933  1.12753
17.75  1.06661  0.994435  1.13001
18.25  1.06802  0.994936  1.13248
18.75  1.06942  0.995439  1.13496
19.25  1.07083  0.995941  1.13744
19.75  1.07223  0.996442  1.13993
20.25  1.07364  0.996945  1.14241
20.75  1.07504  0.997447  1.14489
21.25  1.07645  0.997949  1.14737
21.75  1.07786  0.998451  1.14986
22.25  1.07926  0.998954  1.15234
22.75  1.08067  0.999455  1.15483
23.25  1.08208  0.999958  1.15731
23.75  1.08349  1.00046  1.1598
24.25  1.08489  1.00096  1.16228
24.75  1.0863  1.00146  1.16477
25.25  1.08771  1.00197  1.16726
25.75  1.08912  1.00247  1.16975
26.25  1.09052  1.00297  1.17224
26.75  1.09193  1.00347  1.17472
27.25  1.09334  1.00398  1.17721
27.75  1.09475  1.00448  1.17971
28.25  1.09616  1.00498  1.1822
28.75  1.09757  1.00548  1.18469
29.25  1.09898  1.00599  1.18718
29.75  1.10039  1.00649  1.18968
30.25  1.1018  1.00699  1.19217
30.75  1.10321  1.0075  1.19466
31.25  1.10462  1.008  1.19716
31.75  1.10603  1.0085  1.19965
32.25  1.10744  1.009  1.20215
32.75  1.10885  1.00951  1.20465
33.25  1.11027  1.01001  1.20714
33.75  1.11168  1.01051  1.20964
34.25  1.11309  1.01102  1.21214
34.75  1.1145  1.01152  1.21464
35.25  1.11521  1.01177  1.21589
35.75  1.11521  1.01177  1.21589
36.25  1.11521  1.01177  1.21589
36.75  1.11521  1.01177  1.21589
37.25  1.11521  1.01177  1.21589
37.75  1.11521  1.01177  1.21589
38.25  1.11521  1.01177  1.21589
38.75  1.11521  1.01177  1.21589
39.25  1.11521  1.01177  1.21589
39.75  1.11521  1.01177  1.21589
40.25  1.11521  1.01177  1.21589
40.75  1.11521  1.01177  1.21589
41.25  1.11521  1.01177  1.21589
41.75  1.11521  1.01177  1.21589
42.25  1.11521  1.01177  1.21589
42.75  1.11521  1.01177  1.21589
43.25  1.11521  1.01177  1.21589
43.75  1.11521  1.01177  1.21589
44.25  1.11521  1.01177  1.21589
44.75  1.11521  1.01177  1.21589
45.25  1.11521  1.01177  1.21589
45.75  1.11521  1.01177  1.21589
46.25  1.11521  1.01177  1.21589
46.75  1.11521  1.01177  1.21589
47.25  1.11521  1.01177  1.21589
47.75  1.11521  1.01177  1.21589
48.25  1.11521  1.01177  1.21589
48.75  1.11521  1.01177  1.21589
49.25  1.11521  1.01177  1.21589
49.75  1.11521  1.01177  1.21589
50.25  1.  1.  1.
50.75  1.  1.  1.
51.25  1.  1.  1.
51.75  1.  1.  1.
52.25  1.  1.  1.
52.75  1.  1.  1.
53.25  1.  1.  1.
53.75  1.  1.  1.
54.25  1.  1.  1.
54.75  1.  1.  1.
55.25  1.  1.  1.
55.75  1.  1.  1.
56.25  1.  1.  1.
56.75  1.  1.  1.
57.25  1.  1.  1.
57.75  1.  1.  1.
58.25  1.  1.  1.
58.75  1.  1.  1.
59.25  1.  1.  1.
59.75  1.  1.  1.
60.25  1.  1.  1.
60.75  1.  1.  1.
61.25  1.  1.  1.
61.75  1.  1.  1.
62.25  1.  1.  1.
62.75  1.  1.  1.
63.25  1.  1.  1.
63.75  1.  1.  1.
64.25  1.  1.  1.
64.75  1.  1.  1.
65.25  1.  1.  1.
65.75  1.  1.  1.
66.25  1.  1.  1.
66.75  1.  1.  1.
67.25  1.  1.  1.
67.75  1.  1.  1.
68.25  1.  1.  1.
68.75  1.  1.  1.
69.25  1.  1.  1.
69.75  1.  1.  1.
70.25  1.  1.  1.
70.75  1.  1.  1.
71.25  1.  1.  1.
71.75  1.  1.  1.
72.25  1.  1.  1.
72.75  1.  1.  1.
73.25  1.  1.  1.
73.75  1.  1.  1.
74.25  1.  1.  1.
74.75  1.  1.  1.
75.25  1.  1.  1.
75.75  1.  1.  1.
76.25  1.  1.  1.
76.75  1.  1.  1.
77.25  1.  1.  1.
77.75  1.  1.  1.
78.25  1.  1.  1.
78.75  1.  1.  1.
79.25  1.  1.  1.
79.75  1.  1.  1.
80.25  1.  1.  1.
80.75  1.  1.  1.
81.25  1.  1.  1.
81.75  1.  1.  1.
82.25  1.  1.  1.
82.75  1.  1.  1.
83.25  1.  1.  1.
83.75  1.  1.  1.
84.25  1.  1.  1.
84.75  1.  1.  1.
85.25  1.  1.  1.
85.75  1.  1.  1.
86.25  1.  1.  1.
86.75  1.  1.  1.
87.25  1.  1.  1.
87.75  1.  1.  1.
88.25  1.  1.  1.
88.75  1.  1.  1.
89.25  1.  1.  1.
89.75  1.  1.  1.
90.25  1.  1.  1.
90.75  1.  1.  1.
91.25  1.  1.  1.
91.75  1.  1.  1.
92.25  1.  1.  1.
92.75  1.  1.  1.
93.25  1.  1.  1.
93.75  1.  1.  1.
94.25  1.  1.  1.
94.75  1.  1.  1.
95.25  1.  1.  1.
95.75  1.  1.  1.
96.25  1.  1.  1.
96.75  1.  1.  1.
97.25  1.  1.  1.
97.75  1.  1.  1.
98.25  1.  1.  1.
98.75  1.  1.  1.
99.25  1.  1.  1.
99.75  1.  1.  1.
100.25  1.  1.  1.
100.75  1.  1.  1.
101.25  1.  1.  1.
101.75  1.  1.  1.
102.25  1.  1.  1.
102.75  1.  1.  1.
103.25  1.  1.  1.
103.75  1.  1.  1.
104.25  1.  1.  1.
104.75  1.  1.  1.
105.25  1.  1.  1.
105.75  1.  1.  1.
106.25  1.  1.  1.
106.75  1.  1.  1.
107.25  1.  1.  1.
107.75  1.  1.  1.
108.25  1.  1.  1.
108.75  1.  1.  1.
109.25  1.  1.  1.
109.75  1.  1.  1.
110.25  1.  1.  1.
110.75  1.  1.  1.
111.25  1.  1.  1.
111.75  1.  1.  1.
112.25  1.  1.  1.
112.75  1.  1.  1.
113.25  1.  1.  1.
113.75  1.  1.  1.
114.25  1.  1.  1.
114.75  1.  1.  1.
115.25  1.  1.  1.
115.75  1.  1.  1.
116.25  1.  1.  1.
116.75  1.  1.  1.
117.25  1.  1.  1.
117.75  1.  1.  1.
118.25  1.  1.  1.
118.75  1.  1.  1.
119.25  1.  1.  1.
119.75  1.  1.  1.
120.25  1.  1.  1.
120.75  1.  1.  1.
121.25  1.  1.  1.
121.75  1.  1.  1.
122.25  1.  1.  1.
122.75  1.  1.  1.
123.25  1.  1.  1.
123.75  1.  1.  1.
124.25  1.  1.  1.
124.75  1.  1.  1.
125.25  1.  1.  1.
125.75  1.  1.  1.
126.25  1.  1.  1.
126.75  1.  1.  1.
127.25  1.  1.  1.
127.75  1.  1.  1.
128.25  1.  1.  1.
128.75  1.  1.  1.
129.25  1.  1.  1.
129.75  1.  1.  1.
130.25  1.  1.  1.
130.75  1.  1.  1.
131.25  1.  1.  1.
131.75  1.  1.  1.
132.25  1.  1.  1.
132.75  1.  1.  1.
133.25  1.  1.  1.
133.75  1.  1.  1.
134.25  1.  1.  1.
134.75  1.  1.  1.
135.25  1.  1.  1.
135.75  1.  1.  1.
136.25  1.  1.  1.
136.75  1.  1.  1.
137.25  1.  1.  1.
137.75  1.  1.  1.
138.25  1.  1.  1.
138.75  1.  1.  1.
139.25  1.  1.  1.
139.75  1.  1.  1.
140.25  1.  1.  1.
140.75  1.  1.  1.
141.25  1.  1.  1.
141.75  1.  1.  1.
142.25  1.  1.  1.
142.75  1.  1.  1.
143.25  1.  1.  1.
143.75  1.  1.  1.
144.25  1.  1.  1.
144.75  1.  1.  1.
145.25  1.  1.  1.
145.75  1.  1.  1.
146.25  1.  1.  1.
146.75  1.  1.  1.
147.25  1.  1.  1.
147.75  1.  1.  1.
148.25  1.  1.  1.
148.75  1.  1.  1.
149.25  1.  1.  1.
149.75  1.  1.  1.
150.25  1.  1.  1.
150.75  1.  1.  1.
151.25  1.  1.  1.
151.75  1.  1.  1.
152.25  1.  1.  1.
152.75  1.  1.  1.
153.25  1.  1.  1.
153.75  1.  1.  1.
154.25  1.  1.  1.
154.75  1.  1.  1.
155.25  1.  1.  1.
155.75  1.  1.  1.
156.25  1.  1.  1.
156.75  1.  1.  1.
157.25  1.  1.  1.
157.75  1.  1.  1.
158.25  1.  1.  1.
158.75  1.  1.  1.
159.25  1.  1.  1.
159.75  1.  1.  1.
160.25  1.  1.  1.
160.75  1.  1.  1.
161.25  1.  1.  1.
161.75  1.  1.  1.
162.25  1.  1.  1.
162.75  1.  1.  1.
163.25  1.  1.  1.
163.75  1.  1.  1.
164.25  1.  1.  1.
164.75  1.  1.  1.
165.25  1.  1.  1.
165.75  1.  1.  1.
166.25  1.  1.  1.
166.75  1.  1.  1.
167.25  1.  1.  1.
167.75  1.  1.  1.
168.25  1.  1.  1.
168.75  1.  1.  1.
169.25  1.  1.  1.
169.75  1.  1.  1.
170.25  1.  1.  1.
170.75  1.  1.  1.
171.25  1.  1.  1.
171.75  1.  1.  1.
172.25  1.  1.  1.
172.75  1.  1.  1.
173.25  1.  1.  1.
173.75  1.  1.  1.
174.25  1.  1.  1.
174.75  1.  1.  1.
175.25  1.  1.  1.
175.75  1.  1.  1.
176.25  1.  1.  1.
176.75  1.  1.  1.
177.25  1.  1.  1.
177.75  1.  1.  1.
178.25  1.  1.  1.
178.75  1.  1.  1.
179.25  1.  1.  1.
179.75  1.  1.  1.
180.25  1.  1.  1.
180.75  1.  1.  1.
181.25  1.  1.  1.
181.75  1.  1.  1.
182.25  1.  1.  1.
182.75  1.  1.  1.
183.25  1.  1.  1.
183.75  1.  1.  1.
184.25  1.  1.  1.
184.75  1.  1.  1.
185.25  1.  1.  1.
185.75  1.  1.  1.
186.25  1.  1.  1.
186.75  1.  1.  1.
187.25  1.  1.  1.
187.75  1.  1.  1.
188.25  1.  1.  1.
188.75  1.  1.  1.
189.25  1.  1.  1.
189.75  1.  1.  1.
190.25  1.  1.  1.
190.75  1.  1.  1.
191.25  1.  1.  1.
191.75  1.  1.  1.
192.25  1.  1.  1.
192.75  1.  1.  1.
193.25  1.  1.  1.
193.75  1.  1.  1.
194.25  1.  1.  1.
194.75  1.  1.  1.
195.25  1.  1.  1.
195.75  1.  1.  1.
196.25  1.  1.  1.
196.75  1.  1.  1.
197.25  1.  1.  1.
197.75  1.  1.  1.
198.25  1.  1.  1.
198.75  1.  1.  1.
199.25  1.  1.  1.
199.75  1.  1.  1.
