# pt   RAA_central    RAA_lower    RAA_upper  
400  0.5
0.25  0.748919  0.583412  0.900708
0.75  0.763979  0.597516  0.921964
1.25  0.780574  0.618466  0.937316
1.75  0.799379  0.645867  0.946078
2.25  0.826607  0.679996  0.968052
2.75  0.859078  0.719231  0.989768
3.25  0.883555  0.754449  1.01247
3.75  0.905599  0.783344  1.02476
4.25  0.925294  0.806276  1.02683
4.75  0.937097  0.82276  1.02613
5.25  0.941162  0.832969  1.02265
5.75  0.946996  0.848691  1.02559
6.25  0.954584  0.869781  1.03493
6.75  0.962141  0.890627  1.04423
7.25  0.968856  0.903197  1.04813
7.75  0.974737  0.907662  1.04667
8.25  0.9806  0.912118  1.04521
8.75  0.986445  0.916561  1.04375
9.25  0.989182  0.920591  1.04319
9.75  0.988822  0.924209  1.04353
10.25  0.988463  0.92782  1.04386
10.75  0.988104  0.931424  1.0442
11.25  0.990477  0.936381  1.04589
11.75  0.995573  0.942681  1.04892
12.25  1.00065  0.948958  1.05195
12.75  1.00572  0.955214  1.05497
13.25  1.01078  0.96145  1.05799
13.75  1.01582  0.967664  1.061
14.25  1.02085  0.973858  1.06401
14.75  1.02587  0.980031  1.06702
15.25  1.03088  0.986185  1.07002
15.75  1.03587  0.992319  1.07302
16.25  1.03879  0.995537  1.07526
16.75  1.03965  0.995854  1.07674
17.25  1.04051  0.996171  1.07822
17.75  1.04137  0.996488  1.0797
18.25  1.04223  0.996805  1.08118
18.75  1.04309  0.997122  1.08266
19.25  1.04395  0.99744  1.08414
19.75  1.04481  0.997756  1.08561
20.25  1.04567  0.998073  1.08709
20.75  1.04653  0.99839  1.08856
21.25  1.04739  0.998707  1.09004
21.75  1.04824  0.999024  1.09151
22.25  1.0491  0.999341  1.09298
22.75  1.04996  0.999657  1.09445
23.25  1.05081  0.999973  1.09592
23.75  1.05167  1.00029  1.09739
24.25  1.05253  1.00061  1.09886
24.75  1.05338  1.00092  1.10033
25.25  1.05424  1.00124  1.10179
25.75  1.05509  1.00156  1.10326
26.25  1.05594  1.00187  1.10472
26.75  1.0568  1.00219  1.10618
27.25  1.05765  1.0025  1.10765
27.75  1.05851  1.00282  1.10911
28.25  1.05936  1.00314  1.11057
28.75  1.06021  1.00345  1.11203
29.25  1.06106  1.00377  1.11348
29.75  1.06192  1.00408  1.11494
30.25  1.06277  1.0044  1.1164
30.75  1.06362  1.00472  1.11785
31.25  1.06447  1.00503  1.11931
31.75  1.06532  1.00535  1.12076
32.25  1.06617  1.00566  1.12221
32.75  1.06702  1.00598  1.12367
33.25  1.06787  1.00629  1.12512
33.75  1.06872  1.00661  1.12657
34.25  1.06957  1.00693  1.12802
34.75  1.07042  1.00724  1.12947
35.25  1.07084  1.0074  1.13019
35.75  1.07084  1.0074  1.13019
36.25  1.07084  1.0074  1.13019
36.75  1.07084  1.0074  1.13019
37.25  1.07084  1.0074  1.13019
37.75  1.07084  1.0074  1.13019
38.25  1.07084  1.0074  1.13019
38.75  1.07084  1.0074  1.13019
39.25  1.07084  1.0074  1.13019
39.75  1.07084  1.0074  1.13019
40.25  1.07084  1.0074  1.13019
40.75  1.07084  1.0074  1.13019
41.25  1.07084  1.0074  1.13019
41.75  1.07084  1.0074  1.13019
42.25  1.07084  1.0074  1.13019
42.75  1.07084  1.0074  1.13019
43.25  1.07084  1.0074  1.13019
43.75  1.07084  1.0074  1.13019
44.25  1.07084  1.0074  1.13019
44.75  1.07084  1.0074  1.13019
45.25  1.07084  1.0074  1.13019
45.75  1.07084  1.0074  1.13019
46.25  1.07084  1.0074  1.13019
46.75  1.07084  1.0074  1.13019
47.25  1.07084  1.0074  1.13019
47.75  1.07084  1.0074  1.13019
48.25  1.07084  1.0074  1.13019
48.75  1.07084  1.0074  1.13019
49.25  1.07084  1.0074  1.13019
49.75  1.07084  1.0074  1.13019
50.25  1.  1.  1.
50.75  1.  1.  1.
51.25  1.  1.  1.
51.75  1.  1.  1.
52.25  1.  1.  1.
52.75  1.  1.  1.
53.25  1.  1.  1.
53.75  1.  1.  1.
54.25  1.  1.  1.
54.75  1.  1.  1.
55.25  1.  1.  1.
55.75  1.  1.  1.
56.25  1.  1.  1.
56.75  1.  1.  1.
57.25  1.  1.  1.
57.75  1.  1.  1.
58.25  1.  1.  1.
58.75  1.  1.  1.
59.25  1.  1.  1.
59.75  1.  1.  1.
60.25  1.  1.  1.
60.75  1.  1.  1.
61.25  1.  1.  1.
61.75  1.  1.  1.
62.25  1.  1.  1.
62.75  1.  1.  1.
63.25  1.  1.  1.
63.75  1.  1.  1.
64.25  1.  1.  1.
64.75  1.  1.  1.
65.25  1.  1.  1.
65.75  1.  1.  1.
66.25  1.  1.  1.
66.75  1.  1.  1.
67.25  1.  1.  1.
67.75  1.  1.  1.
68.25  1.  1.  1.
68.75  1.  1.  1.
69.25  1.  1.  1.
69.75  1.  1.  1.
70.25  1.  1.  1.
70.75  1.  1.  1.
71.25  1.  1.  1.
71.75  1.  1.  1.
72.25  1.  1.  1.
72.75  1.  1.  1.
73.25  1.  1.  1.
73.75  1.  1.  1.
74.25  1.  1.  1.
74.75  1.  1.  1.
75.25  1.  1.  1.
75.75  1.  1.  1.
76.25  1.  1.  1.
76.75  1.  1.  1.
77.25  1.  1.  1.
77.75  1.  1.  1.
78.25  1.  1.  1.
78.75  1.  1.  1.
79.25  1.  1.  1.
79.75  1.  1.  1.
80.25  1.  1.  1.
80.75  1.  1.  1.
81.25  1.  1.  1.
81.75  1.  1.  1.
82.25  1.  1.  1.
82.75  1.  1.  1.
83.25  1.  1.  1.
83.75  1.  1.  1.
84.25  1.  1.  1.
84.75  1.  1.  1.
85.25  1.  1.  1.
85.75  1.  1.  1.
86.25  1.  1.  1.
86.75  1.  1.  1.
87.25  1.  1.  1.
87.75  1.  1.  1.
88.25  1.  1.  1.
88.75  1.  1.  1.
89.25  1.  1.  1.
89.75  1.  1.  1.
90.25  1.  1.  1.
90.75  1.  1.  1.
91.25  1.  1.  1.
91.75  1.  1.  1.
92.25  1.  1.  1.
92.75  1.  1.  1.
93.25  1.  1.  1.
93.75  1.  1.  1.
94.25  1.  1.  1.
94.75  1.  1.  1.
95.25  1.  1.  1.
95.75  1.  1.  1.
96.25  1.  1.  1.
96.75  1.  1.  1.
97.25  1.  1.  1.
97.75  1.  1.  1.
98.25  1.  1.  1.
98.75  1.  1.  1.
99.25  1.  1.  1.
99.75  1.  1.  1.
100.25  1.  1.  1.
100.75  1.  1.  1.
101.25  1.  1.  1.
101.75  1.  1.  1.
102.25  1.  1.  1.
102.75  1.  1.  1.
103.25  1.  1.  1.
103.75  1.  1.  1.
104.25  1.  1.  1.
104.75  1.  1.  1.
105.25  1.  1.  1.
105.75  1.  1.  1.
106.25  1.  1.  1.
106.75  1.  1.  1.
107.25  1.  1.  1.
107.75  1.  1.  1.
108.25  1.  1.  1.
108.75  1.  1.  1.
109.25  1.  1.  1.
109.75  1.  1.  1.
110.25  1.  1.  1.
110.75  1.  1.  1.
111.25  1.  1.  1.
111.75  1.  1.  1.
112.25  1.  1.  1.
112.75  1.  1.  1.
113.25  1.  1.  1.
113.75  1.  1.  1.
114.25  1.  1.  1.
114.75  1.  1.  1.
115.25  1.  1.  1.
115.75  1.  1.  1.
116.25  1.  1.  1.
116.75  1.  1.  1.
117.25  1.  1.  1.
117.75  1.  1.  1.
118.25  1.  1.  1.
118.75  1.  1.  1.
119.25  1.  1.  1.
119.75  1.  1.  1.
120.25  1.  1.  1.
120.75  1.  1.  1.
121.25  1.  1.  1.
121.75  1.  1.  1.
122.25  1.  1.  1.
122.75  1.  1.  1.
123.25  1.  1.  1.
123.75  1.  1.  1.
124.25  1.  1.  1.
124.75  1.  1.  1.
125.25  1.  1.  1.
125.75  1.  1.  1.
126.25  1.  1.  1.
126.75  1.  1.  1.
127.25  1.  1.  1.
127.75  1.  1.  1.
128.25  1.  1.  1.
128.75  1.  1.  1.
129.25  1.  1.  1.
129.75  1.  1.  1.
130.25  1.  1.  1.
130.75  1.  1.  1.
131.25  1.  1.  1.
131.75  1.  1.  1.
132.25  1.  1.  1.
132.75  1.  1.  1.
133.25  1.  1.  1.
133.75  1.  1.  1.
134.25  1.  1.  1.
134.75  1.  1.  1.
135.25  1.  1.  1.
135.75  1.  1.  1.
136.25  1.  1.  1.
136.75  1.  1.  1.
137.25  1.  1.  1.
137.75  1.  1.  1.
138.25  1.  1.  1.
138.75  1.  1.  1.
139.25  1.  1.  1.
139.75  1.  1.  1.
140.25  1.  1.  1.
140.75  1.  1.  1.
141.25  1.  1.  1.
141.75  1.  1.  1.
142.25  1.  1.  1.
142.75  1.  1.  1.
143.25  1.  1.  1.
143.75  1.  1.  1.
144.25  1.  1.  1.
144.75  1.  1.  1.
145.25  1.  1.  1.
145.75  1.  1.  1.
146.25  1.  1.  1.
146.75  1.  1.  1.
147.25  1.  1.  1.
147.75  1.  1.  1.
148.25  1.  1.  1.
148.75  1.  1.  1.
149.25  1.  1.  1.
149.75  1.  1.  1.
150.25  1.  1.  1.
150.75  1.  1.  1.
151.25  1.  1.  1.
151.75  1.  1.  1.
152.25  1.  1.  1.
152.75  1.  1.  1.
153.25  1.  1.  1.
153.75  1.  1.  1.
154.25  1.  1.  1.
154.75  1.  1.  1.
155.25  1.  1.  1.
155.75  1.  1.  1.
156.25  1.  1.  1.
156.75  1.  1.  1.
157.25  1.  1.  1.
157.75  1.  1.  1.
158.25  1.  1.  1.
158.75  1.  1.  1.
159.25  1.  1.  1.
159.75  1.  1.  1.
160.25  1.  1.  1.
160.75  1.  1.  1.
161.25  1.  1.  1.
161.75  1.  1.  1.
162.25  1.  1.  1.
162.75  1.  1.  1.
163.25  1.  1.  1.
163.75  1.  1.  1.
164.25  1.  1.  1.
164.75  1.  1.  1.
165.25  1.  1.  1.
165.75  1.  1.  1.
166.25  1.  1.  1.
166.75  1.  1.  1.
167.25  1.  1.  1.
167.75  1.  1.  1.
168.25  1.  1.  1.
168.75  1.  1.  1.
169.25  1.  1.  1.
169.75  1.  1.  1.
170.25  1.  1.  1.
170.75  1.  1.  1.
171.25  1.  1.  1.
171.75  1.  1.  1.
172.25  1.  1.  1.
172.75  1.  1.  1.
173.25  1.  1.  1.
173.75  1.  1.  1.
174.25  1.  1.  1.
174.75  1.  1.  1.
175.25  1.  1.  1.
175.75  1.  1.  1.
176.25  1.  1.  1.
176.75  1.  1.  1.
177.25  1.  1.  1.
177.75  1.  1.  1.
178.25  1.  1.  1.
178.75  1.  1.  1.
179.25  1.  1.  1.
179.75  1.  1.  1.
180.25  1.  1.  1.
180.75  1.  1.  1.
181.25  1.  1.  1.
181.75  1.  1.  1.
182.25  1.  1.  1.
182.75  1.  1.  1.
183.25  1.  1.  1.
183.75  1.  1.  1.
184.25  1.  1.  1.
184.75  1.  1.  1.
185.25  1.  1.  1.
185.75  1.  1.  1.
186.25  1.  1.  1.
186.75  1.  1.  1.
187.25  1.  1.  1.
187.75  1.  1.  1.
188.25  1.  1.  1.
188.75  1.  1.  1.
189.25  1.  1.  1.
189.75  1.  1.  1.
190.25  1.  1.  1.
190.75  1.  1.  1.
191.25  1.  1.  1.
191.75  1.  1.  1.
192.25  1.  1.  1.
192.75  1.  1.  1.
193.25  1.  1.  1.
193.75  1.  1.  1.
194.25  1.  1.  1.
194.75  1.  1.  1.
195.25  1.  1.  1.
195.75  1.  1.  1.
196.25  1.  1.  1.
196.75  1.  1.  1.
197.25  1.  1.  1.
197.75  1.  1.  1.
198.25  1.  1.  1.
198.75  1.  1.  1.
199.25  1.  1.  1.
199.75  1.  1.  1.
