# pt   RAA_central    RAA_lower    RAA_upper  
400  0.5
0.25  0.677907  0.492167  0.879532
0.75  0.706069  0.508905  0.90254
1.25  0.736333  0.547181  0.930539
1.75  0.763326  0.578968  0.946781
2.25  0.807473  0.637475  0.988192
2.75  0.855771  0.67496  1.00448
3.25  0.892705  0.740386  1.02945
3.75  0.921501  0.788753  1.04943
4.25  0.942254  0.820428  1.06443
4.75  0.956745  0.846004  1.07365
5.25  0.965011  0.865544  1.07711
5.75  0.975179  0.883407  1.0827
6.25  0.987239  0.899605  1.0904
6.75  0.99928  0.915769  1.0981
7.25  1.01097  0.932386  1.1018
7.75  1.02231  0.949452  1.10151
8.25  1.03364  0.96648  1.10122
8.75  1.04495  0.983471  1.10094
9.25  1.05194  0.99652  1.10513
9.75  1.05461  1.00565  1.11379
10.25  1.05728  1.01476  1.12244
10.75  1.05995  1.02387  1.13108
11.25  1.06282  1.02882  1.13579
11.75  1.06587  1.02963  1.13656
12.25  1.06893  1.03044  1.13734
12.75  1.07198  1.03125  1.13811
13.25  1.07504  1.03205  1.13888
13.75  1.07809  1.03286  1.13966
14.25  1.08114  1.03367  1.14043
14.75  1.08419  1.03447  1.1412
15.25  1.08724  1.03528  1.14198
15.75  1.09028  1.03609  1.14275
16.25  1.09223  1.03705  1.14387
16.75  1.09308  1.03818  1.14534
17.25  1.09393  1.03931  1.14681
17.75  1.09478  1.04043  1.14828
18.25  1.09563  1.04156  1.14975
18.75  1.09648  1.04269  1.15122
19.25  1.09733  1.04382  1.15268
19.75  1.09818  1.04494  1.15415
20.25  1.09903  1.04607  1.15562
20.75  1.09989  1.04719  1.15709
21.25  1.10074  1.04832  1.15856
21.75  1.10159  1.04945  1.16002
22.25  1.10244  1.05057  1.16149
22.75  1.10328  1.0517  1.16296
23.25  1.10414  1.05282  1.16443
23.75  1.10498  1.05395  1.16589
24.25  1.10583  1.05507  1.16736
24.75  1.10668  1.0562  1.16883
25.25  1.10753  1.05732  1.17029
25.75  1.10838  1.05845  1.17176
26.25  1.10923  1.05957  1.17322
26.75  1.11008  1.0607  1.17469
27.25  1.11093  1.06182  1.17615
27.75  1.11178  1.06294  1.17762
28.25  1.11263  1.06407  1.17908
28.75  1.11348  1.06519  1.18055
29.25  1.11433  1.06632  1.18201
29.75  1.11517  1.06744  1.18348
30.25  1.11602  1.06856  1.18494
30.75  1.11687  1.06969  1.1864
31.25  1.11772  1.07081  1.18787
31.75  1.11857  1.07193  1.18933
32.25  1.11942  1.07306  1.1908
32.75  1.12026  1.07418  1.19226
33.25  1.12111  1.0753  1.19372
33.75  1.12196  1.07642  1.19518
34.25  1.12281  1.07755  1.19665
34.75  1.12366  1.07867  1.19811
35.25  1.12408  1.07923  1.19884
35.75  1.12408  1.07923  1.19884
36.25  1.12408  1.07923  1.19884
36.75  1.12408  1.07923  1.19884
37.25  1.12408  1.07923  1.19884
37.75  1.12408  1.07923  1.19884
38.25  1.12408  1.07923  1.19884
38.75  1.12408  1.07923  1.19884
39.25  1.12408  1.07923  1.19884
39.75  1.12408  1.07923  1.19884
40.25  1.12408  1.07923  1.19884
40.75  1.12408  1.07923  1.19884
41.25  1.12408  1.07923  1.19884
41.75  1.12408  1.07923  1.19884
42.25  1.12408  1.07923  1.19884
42.75  1.12408  1.07923  1.19884
43.25  1.12408  1.07923  1.19884
43.75  1.12408  1.07923  1.19884
44.25  1.12408  1.07923  1.19884
44.75  1.12408  1.07923  1.19884
45.25  1.12408  1.07923  1.19884
45.75  1.12408  1.07923  1.19884
46.25  1.12408  1.07923  1.19884
46.75  1.12408  1.07923  1.19884
47.25  1.12408  1.07923  1.19884
47.75  1.12408  1.07923  1.19884
48.25  1.12408  1.07923  1.19884
48.75  1.12408  1.07923  1.19884
49.25  1.12408  1.07923  1.19884
49.75  1.12408  1.07923  1.19884
50.25  1.  1.  1.
50.75  1.  1.  1.
51.25  1.  1.  1.
51.75  1.  1.  1.
52.25  1.  1.  1.
52.75  1.  1.  1.
53.25  1.  1.  1.
53.75  1.  1.  1.
54.25  1.  1.  1.
54.75  1.  1.  1.
55.25  1.  1.  1.
55.75  1.  1.  1.
56.25  1.  1.  1.
56.75  1.  1.  1.
57.25  1.  1.  1.
57.75  1.  1.  1.
58.25  1.  1.  1.
58.75  1.  1.  1.
59.25  1.  1.  1.
59.75  1.  1.  1.
60.25  1.  1.  1.
60.75  1.  1.  1.
61.25  1.  1.  1.
61.75  1.  1.  1.
62.25  1.  1.  1.
62.75  1.  1.  1.
63.25  1.  1.  1.
63.75  1.  1.  1.
64.25  1.  1.  1.
64.75  1.  1.  1.
65.25  1.  1.  1.
65.75  1.  1.  1.
66.25  1.  1.  1.
66.75  1.  1.  1.
67.25  1.  1.  1.
67.75  1.  1.  1.
68.25  1.  1.  1.
68.75  1.  1.  1.
69.25  1.  1.  1.
69.75  1.  1.  1.
70.25  1.  1.  1.
70.75  1.  1.  1.
71.25  1.  1.  1.
71.75  1.  1.  1.
72.25  1.  1.  1.
72.75  1.  1.  1.
73.25  1.  1.  1.
73.75  1.  1.  1.
74.25  1.  1.  1.
74.75  1.  1.  1.
75.25  1.  1.  1.
75.75  1.  1.  1.
76.25  1.  1.  1.
76.75  1.  1.  1.
77.25  1.  1.  1.
77.75  1.  1.  1.
78.25  1.  1.  1.
78.75  1.  1.  1.
79.25  1.  1.  1.
79.75  1.  1.  1.
80.25  1.  1.  1.
80.75  1.  1.  1.
81.25  1.  1.  1.
81.75  1.  1.  1.
82.25  1.  1.  1.
82.75  1.  1.  1.
83.25  1.  1.  1.
83.75  1.  1.  1.
84.25  1.  1.  1.
84.75  1.  1.  1.
85.25  1.  1.  1.
85.75  1.  1.  1.
86.25  1.  1.  1.
86.75  1.  1.  1.
87.25  1.  1.  1.
87.75  1.  1.  1.
88.25  1.  1.  1.
88.75  1.  1.  1.
89.25  1.  1.  1.
89.75  1.  1.  1.
90.25  1.  1.  1.
90.75  1.  1.  1.
91.25  1.  1.  1.
91.75  1.  1.  1.
92.25  1.  1.  1.
92.75  1.  1.  1.
93.25  1.  1.  1.
93.75  1.  1.  1.
94.25  1.  1.  1.
94.75  1.  1.  1.
95.25  1.  1.  1.
95.75  1.  1.  1.
96.25  1.  1.  1.
96.75  1.  1.  1.
97.25  1.  1.  1.
97.75  1.  1.  1.
98.25  1.  1.  1.
98.75  1.  1.  1.
99.25  1.  1.  1.
99.75  1.  1.  1.
100.25  1.  1.  1.
100.75  1.  1.  1.
101.25  1.  1.  1.
101.75  1.  1.  1.
102.25  1.  1.  1.
102.75  1.  1.  1.
103.25  1.  1.  1.
103.75  1.  1.  1.
104.25  1.  1.  1.
104.75  1.  1.  1.
105.25  1.  1.  1.
105.75  1.  1.  1.
106.25  1.  1.  1.
106.75  1.  1.  1.
107.25  1.  1.  1.
107.75  1.  1.  1.
108.25  1.  1.  1.
108.75  1.  1.  1.
109.25  1.  1.  1.
109.75  1.  1.  1.
110.25  1.  1.  1.
110.75  1.  1.  1.
111.25  1.  1.  1.
111.75  1.  1.  1.
112.25  1.  1.  1.
112.75  1.  1.  1.
113.25  1.  1.  1.
113.75  1.  1.  1.
114.25  1.  1.  1.
114.75  1.  1.  1.
115.25  1.  1.  1.
115.75  1.  1.  1.
116.25  1.  1.  1.
116.75  1.  1.  1.
117.25  1.  1.  1.
117.75  1.  1.  1.
118.25  1.  1.  1.
118.75  1.  1.  1.
119.25  1.  1.  1.
119.75  1.  1.  1.
120.25  1.  1.  1.
120.75  1.  1.  1.
121.25  1.  1.  1.
121.75  1.  1.  1.
122.25  1.  1.  1.
122.75  1.  1.  1.
123.25  1.  1.  1.
123.75  1.  1.  1.
124.25  1.  1.  1.
124.75  1.  1.  1.
125.25  1.  1.  1.
125.75  1.  1.  1.
126.25  1.  1.  1.
126.75  1.  1.  1.
127.25  1.  1.  1.
127.75  1.  1.  1.
128.25  1.  1.  1.
128.75  1.  1.  1.
129.25  1.  1.  1.
129.75  1.  1.  1.
130.25  1.  1.  1.
130.75  1.  1.  1.
131.25  1.  1.  1.
131.75  1.  1.  1.
132.25  1.  1.  1.
132.75  1.  1.  1.
133.25  1.  1.  1.
133.75  1.  1.  1.
134.25  1.  1.  1.
134.75  1.  1.  1.
135.25  1.  1.  1.
135.75  1.  1.  1.
136.25  1.  1.  1.
136.75  1.  1.  1.
137.25  1.  1.  1.
137.75  1.  1.  1.
138.25  1.  1.  1.
138.75  1.  1.  1.
139.25  1.  1.  1.
139.75  1.  1.  1.
140.25  1.  1.  1.
140.75  1.  1.  1.
141.25  1.  1.  1.
141.75  1.  1.  1.
142.25  1.  1.  1.
142.75  1.  1.  1.
143.25  1.  1.  1.
143.75  1.  1.  1.
144.25  1.  1.  1.
144.75  1.  1.  1.
145.25  1.  1.  1.
145.75  1.  1.  1.
146.25  1.  1.  1.
146.75  1.  1.  1.
147.25  1.  1.  1.
147.75  1.  1.  1.
148.25  1.  1.  1.
148.75  1.  1.  1.
149.25  1.  1.  1.
149.75  1.  1.  1.
150.25  1.  1.  1.
150.75  1.  1.  1.
151.25  1.  1.  1.
151.75  1.  1.  1.
152.25  1.  1.  1.
152.75  1.  1.  1.
153.25  1.  1.  1.
153.75  1.  1.  1.
154.25  1.  1.  1.
154.75  1.  1.  1.
155.25  1.  1.  1.
155.75  1.  1.  1.
156.25  1.  1.  1.
156.75  1.  1.  1.
157.25  1.  1.  1.
157.75  1.  1.  1.
158.25  1.  1.  1.
158.75  1.  1.  1.
159.25  1.  1.  1.
159.75  1.  1.  1.
160.25  1.  1.  1.
160.75  1.  1.  1.
161.25  1.  1.  1.
161.75  1.  1.  1.
162.25  1.  1.  1.
162.75  1.  1.  1.
163.25  1.  1.  1.
163.75  1.  1.  1.
164.25  1.  1.  1.
164.75  1.  1.  1.
165.25  1.  1.  1.
165.75  1.  1.  1.
166.25  1.  1.  1.
166.75  1.  1.  1.
167.25  1.  1.  1.
167.75  1.  1.  1.
168.25  1.  1.  1.
168.75  1.  1.  1.
169.25  1.  1.  1.
169.75  1.  1.  1.
170.25  1.  1.  1.
170.75  1.  1.  1.
171.25  1.  1.  1.
171.75  1.  1.  1.
172.25  1.  1.  1.
172.75  1.  1.  1.
173.25  1.  1.  1.
173.75  1.  1.  1.
174.25  1.  1.  1.
174.75  1.  1.  1.
175.25  1.  1.  1.
175.75  1.  1.  1.
176.25  1.  1.  1.
176.75  1.  1.  1.
177.25  1.  1.  1.
177.75  1.  1.  1.
178.25  1.  1.  1.
178.75  1.  1.  1.
179.25  1.  1.  1.
179.75  1.  1.  1.
180.25  1.  1.  1.
180.75  1.  1.  1.
181.25  1.  1.  1.
181.75  1.  1.  1.
182.25  1.  1.  1.
182.75  1.  1.  1.
183.25  1.  1.  1.
183.75  1.  1.  1.
184.25  1.  1.  1.
184.75  1.  1.  1.
185.25  1.  1.  1.
185.75  1.  1.  1.
186.25  1.  1.  1.
186.75  1.  1.  1.
187.25  1.  1.  1.
187.75  1.  1.  1.
188.25  1.  1.  1.
188.75  1.  1.  1.
189.25  1.  1.  1.
189.75  1.  1.  1.
190.25  1.  1.  1.
190.75  1.  1.  1.
191.25  1.  1.  1.
191.75  1.  1.  1.
192.25  1.  1.  1.
192.75  1.  1.  1.
193.25  1.  1.  1.
193.75  1.  1.  1.
194.25  1.  1.  1.
194.75  1.  1.  1.
195.25  1.  1.  1.
195.75  1.  1.  1.
196.25  1.  1.  1.
196.75  1.  1.  1.
197.25  1.  1.  1.
197.75  1.  1.  1.
198.25  1.  1.  1.
198.75  1.  1.  1.
199.25  1.  1.  1.
199.75  1.  1.  1.
