# pt   RAA_central    RAA_lower    RAA_upper  
400  0.5
0.25  0.785765  0.636741  0.916714
0.75  0.798971  0.64972  0.934693
1.25  0.813464  0.668928  0.947626
1.75  0.829815  0.69386  0.954989
2.25  0.853362  0.724611  0.973392
2.75  0.881254  0.759571  0.991497
3.25  0.902144  0.79062  1.01034
3.75  0.920858  0.815878  1.0205
4.25  0.937502  0.835793  1.02221
4.75  0.947442  0.850044  1.02163
5.25  0.950859  0.858843  1.01876
5.75  0.955759  0.872354  1.02119
6.25  0.962123  0.890403  1.0289
6.75  0.96845  0.908158  1.03656
7.25  0.974064  0.918824  1.03977
7.75  0.978974  0.922606  1.03857
8.25  0.983864  0.926375  1.03737
8.75  0.988732  0.930131  1.03616
9.25  0.991009  0.933534  1.0357
9.75  0.99071  0.936587  1.03598
10.25  0.990411  0.939632  1.03626
10.75  0.990113  0.942668  1.03653
11.25  0.992087  0.94684  1.03792
11.75  0.996323  0.952136  1.04041
12.25  1.00054  0.957406  1.0429
12.75  1.00475  0.962651  1.04539
13.25  1.00894  0.967872  1.04787
13.75  1.01311  0.973068  1.05034
14.25  1.01728  0.978241  1.05281
14.75  1.02142  0.98339  1.05527
15.25  1.02555  0.988515  1.05773
15.75  1.02967  0.993619  1.06019
16.25  1.03208  0.996293  1.06202
16.75  1.03279  0.996556  1.06323
17.25  1.0335  0.99682  1.06444
17.75  1.03421  0.997084  1.06565
18.25  1.03491  0.997347  1.06686
18.75  1.03562  0.99761  1.06807
19.25  1.03633  0.997874  1.06928
19.75  1.03704  0.998137  1.07049
20.25  1.03774  0.9984  1.07169
20.75  1.03845  0.998663  1.07289
21.25  1.03915  0.998926  1.0741
21.75  1.03986  0.999189  1.0753
22.25  1.04056  0.999452  1.0765
22.75  1.04127  0.999715  1.0777
23.25  1.04197  0.999978  1.0789
23.75  1.04268  1.00024  1.0801
24.25  1.04338  1.0005  1.08129
24.75  1.04408  1.00077  1.08249
25.25  1.04478  1.00103  1.08368
25.75  1.04549  1.00129  1.08487
26.25  1.04619  1.00155  1.08607
26.75  1.04689  1.00182  1.08726
27.25  1.04759  1.00208  1.08845
27.75  1.04829  1.00234  1.08963
28.25  1.04899  1.0026  1.09082
28.75  1.04969  1.00286  1.09201
29.25  1.05039  1.00313  1.09319
29.75  1.05109  1.00339  1.09438
30.25  1.05179  1.00365  1.09556
30.75  1.05249  1.00391  1.09674
31.25  1.05318  1.00418  1.09793
31.75  1.05388  1.00444  1.09911
32.25  1.05458  1.0047  1.10028
32.75  1.05527  1.00496  1.10146
33.25  1.05597  1.00522  1.10264
33.75  1.05667  1.00548  1.10382
34.25  1.05736  1.00575  1.10499
34.75  1.05806  1.00601  1.10617
35.25  1.0584  1.00614  1.10675
35.75  1.0584  1.00614  1.10675
36.25  1.0584  1.00614  1.10675
36.75  1.0584  1.00614  1.10675
37.25  1.0584  1.00614  1.10675
37.75  1.0584  1.00614  1.10675
38.25  1.0584  1.00614  1.10675
38.75  1.0584  1.00614  1.10675
39.25  1.0584  1.00614  1.10675
39.75  1.0584  1.00614  1.10675
40.25  1.0584  1.00614  1.10675
40.75  1.0584  1.00614  1.10675
41.25  1.0584  1.00614  1.10675
41.75  1.0584  1.00614  1.10675
42.25  1.0584  1.00614  1.10675
42.75  1.0584  1.00614  1.10675
43.25  1.0584  1.00614  1.10675
43.75  1.0584  1.00614  1.10675
44.25  1.0584  1.00614  1.10675
44.75  1.0584  1.00614  1.10675
45.25  1.0584  1.00614  1.10675
45.75  1.0584  1.00614  1.10675
46.25  1.0584  1.00614  1.10675
46.75  1.0584  1.00614  1.10675
47.25  1.0584  1.00614  1.10675
47.75  1.0584  1.00614  1.10675
48.25  1.0584  1.00614  1.10675
48.75  1.0584  1.00614  1.10675
49.25  1.0584  1.00614  1.10675
49.75  1.0584  1.00614  1.10675
50.25  1.  1.  1.
50.75  1.  1.  1.
51.25  1.  1.  1.
51.75  1.  1.  1.
52.25  1.  1.  1.
52.75  1.  1.  1.
53.25  1.  1.  1.
53.75  1.  1.  1.
54.25  1.  1.  1.
54.75  1.  1.  1.
55.25  1.  1.  1.
55.75  1.  1.  1.
56.25  1.  1.  1.
56.75  1.  1.  1.
57.25  1.  1.  1.
57.75  1.  1.  1.
58.25  1.  1.  1.
58.75  1.  1.  1.
59.25  1.  1.  1.
59.75  1.  1.  1.
60.25  1.  1.  1.
60.75  1.  1.  1.
61.25  1.  1.  1.
61.75  1.  1.  1.
62.25  1.  1.  1.
62.75  1.  1.  1.
63.25  1.  1.  1.
63.75  1.  1.  1.
64.25  1.  1.  1.
64.75  1.  1.  1.
65.25  1.  1.  1.
65.75  1.  1.  1.
66.25  1.  1.  1.
66.75  1.  1.  1.
67.25  1.  1.  1.
67.75  1.  1.  1.
68.25  1.  1.  1.
68.75  1.  1.  1.
69.25  1.  1.  1.
69.75  1.  1.  1.
70.25  1.  1.  1.
70.75  1.  1.  1.
71.25  1.  1.  1.
71.75  1.  1.  1.
72.25  1.  1.  1.
72.75  1.  1.  1.
73.25  1.  1.  1.
73.75  1.  1.  1.
74.25  1.  1.  1.
74.75  1.  1.  1.
75.25  1.  1.  1.
75.75  1.  1.  1.
76.25  1.  1.  1.
76.75  1.  1.  1.
77.25  1.  1.  1.
77.75  1.  1.  1.
78.25  1.  1.  1.
78.75  1.  1.  1.
79.25  1.  1.  1.
79.75  1.  1.  1.
80.25  1.  1.  1.
80.75  1.  1.  1.
81.25  1.  1.  1.
81.75  1.  1.  1.
82.25  1.  1.  1.
82.75  1.  1.  1.
83.25  1.  1.  1.
83.75  1.  1.  1.
84.25  1.  1.  1.
84.75  1.  1.  1.
85.25  1.  1.  1.
85.75  1.  1.  1.
86.25  1.  1.  1.
86.75  1.  1.  1.
87.25  1.  1.  1.
87.75  1.  1.  1.
88.25  1.  1.  1.
88.75  1.  1.  1.
89.25  1.  1.  1.
89.75  1.  1.  1.
90.25  1.  1.  1.
90.75  1.  1.  1.
91.25  1.  1.  1.
91.75  1.  1.  1.
92.25  1.  1.  1.
92.75  1.  1.  1.
93.25  1.  1.  1.
93.75  1.  1.  1.
94.25  1.  1.  1.
94.75  1.  1.  1.
95.25  1.  1.  1.
95.75  1.  1.  1.
96.25  1.  1.  1.
96.75  1.  1.  1.
97.25  1.  1.  1.
97.75  1.  1.  1.
98.25  1.  1.  1.
98.75  1.  1.  1.
99.25  1.  1.  1.
99.75  1.  1.  1.
100.25  1.  1.  1.
100.75  1.  1.  1.
101.25  1.  1.  1.
101.75  1.  1.  1.
102.25  1.  1.  1.
102.75  1.  1.  1.
103.25  1.  1.  1.
103.75  1.  1.  1.
104.25  1.  1.  1.
104.75  1.  1.  1.
105.25  1.  1.  1.
105.75  1.  1.  1.
106.25  1.  1.  1.
106.75  1.  1.  1.
107.25  1.  1.  1.
107.75  1.  1.  1.
108.25  1.  1.  1.
108.75  1.  1.  1.
109.25  1.  1.  1.
109.75  1.  1.  1.
110.25  1.  1.  1.
110.75  1.  1.  1.
111.25  1.  1.  1.
111.75  1.  1.  1.
112.25  1.  1.  1.
112.75  1.  1.  1.
113.25  1.  1.  1.
113.75  1.  1.  1.
114.25  1.  1.  1.
114.75  1.  1.  1.
115.25  1.  1.  1.
115.75  1.  1.  1.
116.25  1.  1.  1.
116.75  1.  1.  1.
117.25  1.  1.  1.
117.75  1.  1.  1.
118.25  1.  1.  1.
118.75  1.  1.  1.
119.25  1.  1.  1.
119.75  1.  1.  1.
120.25  1.  1.  1.
120.75  1.  1.  1.
121.25  1.  1.  1.
121.75  1.  1.  1.
122.25  1.  1.  1.
122.75  1.  1.  1.
123.25  1.  1.  1.
123.75  1.  1.  1.
124.25  1.  1.  1.
124.75  1.  1.  1.
125.25  1.  1.  1.
125.75  1.  1.  1.
126.25  1.  1.  1.
126.75  1.  1.  1.
127.25  1.  1.  1.
127.75  1.  1.  1.
128.25  1.  1.  1.
128.75  1.  1.  1.
129.25  1.  1.  1.
129.75  1.  1.  1.
130.25  1.  1.  1.
130.75  1.  1.  1.
131.25  1.  1.  1.
131.75  1.  1.  1.
132.25  1.  1.  1.
132.75  1.  1.  1.
133.25  1.  1.  1.
133.75  1.  1.  1.
134.25  1.  1.  1.
134.75  1.  1.  1.
135.25  1.  1.  1.
135.75  1.  1.  1.
136.25  1.  1.  1.
136.75  1.  1.  1.
137.25  1.  1.  1.
137.75  1.  1.  1.
138.25  1.  1.  1.
138.75  1.  1.  1.
139.25  1.  1.  1.
139.75  1.  1.  1.
140.25  1.  1.  1.
140.75  1.  1.  1.
141.25  1.  1.  1.
141.75  1.  1.  1.
142.25  1.  1.  1.
142.75  1.  1.  1.
143.25  1.  1.  1.
143.75  1.  1.  1.
144.25  1.  1.  1.
144.75  1.  1.  1.
145.25  1.  1.  1.
145.75  1.  1.  1.
146.25  1.  1.  1.
146.75  1.  1.  1.
147.25  1.  1.  1.
147.75  1.  1.  1.
148.25  1.  1.  1.
148.75  1.  1.  1.
149.25  1.  1.  1.
149.75  1.  1.  1.
150.25  1.  1.  1.
150.75  1.  1.  1.
151.25  1.  1.  1.
151.75  1.  1.  1.
152.25  1.  1.  1.
152.75  1.  1.  1.
153.25  1.  1.  1.
153.75  1.  1.  1.
154.25  1.  1.  1.
154.75  1.  1.  1.
155.25  1.  1.  1.
155.75  1.  1.  1.
156.25  1.  1.  1.
156.75  1.  1.  1.
157.25  1.  1.  1.
157.75  1.  1.  1.
158.25  1.  1.  1.
158.75  1.  1.  1.
159.25  1.  1.  1.
159.75  1.  1.  1.
160.25  1.  1.  1.
160.75  1.  1.  1.
161.25  1.  1.  1.
161.75  1.  1.  1.
162.25  1.  1.  1.
162.75  1.  1.  1.
163.25  1.  1.  1.
163.75  1.  1.  1.
164.25  1.  1.  1.
164.75  1.  1.  1.
165.25  1.  1.  1.
165.75  1.  1.  1.
166.25  1.  1.  1.
166.75  1.  1.  1.
167.25  1.  1.  1.
167.75  1.  1.  1.
168.25  1.  1.  1.
168.75  1.  1.  1.
169.25  1.  1.  1.
169.75  1.  1.  1.
170.25  1.  1.  1.
170.75  1.  1.  1.
171.25  1.  1.  1.
171.75  1.  1.  1.
172.25  1.  1.  1.
172.75  1.  1.  1.
173.25  1.  1.  1.
173.75  1.  1.  1.
174.25  1.  1.  1.
174.75  1.  1.  1.
175.25  1.  1.  1.
175.75  1.  1.  1.
176.25  1.  1.  1.
176.75  1.  1.  1.
177.25  1.  1.  1.
177.75  1.  1.  1.
178.25  1.  1.  1.
178.75  1.  1.  1.
179.25  1.  1.  1.
179.75  1.  1.  1.
180.25  1.  1.  1.
180.75  1.  1.  1.
181.25  1.  1.  1.
181.75  1.  1.  1.
182.25  1.  1.  1.
182.75  1.  1.  1.
183.25  1.  1.  1.
183.75  1.  1.  1.
184.25  1.  1.  1.
184.75  1.  1.  1.
185.25  1.  1.  1.
185.75  1.  1.  1.
186.25  1.  1.  1.
186.75  1.  1.  1.
187.25  1.  1.  1.
187.75  1.  1.  1.
188.25  1.  1.  1.
188.75  1.  1.  1.
189.25  1.  1.  1.
189.75  1.  1.  1.
190.25  1.  1.  1.
190.75  1.  1.  1.
191.25  1.  1.  1.
191.75  1.  1.  1.
192.25  1.  1.  1.
192.75  1.  1.  1.
193.25  1.  1.  1.
193.75  1.  1.  1.
194.25  1.  1.  1.
194.75  1.  1.  1.
195.25  1.  1.  1.
195.75  1.  1.  1.
196.25  1.  1.  1.
196.75  1.  1.  1.
197.25  1.  1.  1.
197.75  1.  1.  1.
198.25  1.  1.  1.
198.75  1.  1.  1.
199.25  1.  1.  1.
199.75  1.  1.  1.
