# pt   RAA_central    RAA_lower    RAA_upper  
400  0.5
0.25  0.673764  0.487055  0.877669
0.75  0.702177  0.503835  0.901004
1.25  0.732738  0.542232  0.92942
1.75  0.760018  0.574157  0.945913
2.25  0.804673  0.633017  0.987993
2.75  0.853584  0.670792  1.00455
3.25  0.891028  0.736834  1.02996
3.75  0.920245  0.785732  1.05029
4.25  0.941315  0.817786  1.06557
4.75  0.956034  0.843688  1.07496
5.25  0.964433  0.863488  1.07849
5.75  0.974765  0.881598  1.08418
6.25  0.987024  0.898027  1.09203
6.75  0.999268  0.914428  1.09987
7.25  1.01116  0.931295  1.10364
7.75  1.0227  0.948626  1.10335
8.25  1.03422  0.965925  1.10306
8.75  1.04574  0.983194  1.10276
9.25  1.05285  0.996461  1.10703
9.75  1.05557  1.00574  1.11586
10.25  1.05829  1.01502  1.12468
10.75  1.06101  1.02428  1.1335
11.25  1.06393  1.02932  1.1383
11.75  1.06704  1.03015  1.13909
12.25  1.07015  1.03097  1.13988
12.75  1.07326  1.03179  1.14066
13.25  1.07637  1.03261  1.14145
13.75  1.07948  1.03343  1.14224
14.25  1.08259  1.03425  1.14303
14.75  1.08569  1.03507  1.14382
15.25  1.0888  1.03589  1.14461
15.75  1.09191  1.03671  1.14539
16.25  1.09389  1.0377  1.14654
16.75  1.09476  1.03884  1.14804
17.25  1.09563  1.03999  1.14954
17.75  1.09649  1.04114  1.15103
18.25  1.09736  1.04229  1.15253
18.75  1.09823  1.04343  1.15403
19.25  1.09909  1.04458  1.15553
19.75  1.09996  1.04573  1.15703
20.25  1.10082  1.04687  1.15853
20.75  1.10169  1.04802  1.16002
21.25  1.10256  1.04917  1.16152
21.75  1.10342  1.05031  1.16302
22.25  1.10429  1.05146  1.16452
22.75  1.10516  1.0526  1.16601
23.25  1.10602  1.05375  1.16751
23.75  1.10689  1.0549  1.16901
24.25  1.10775  1.05604  1.1705
24.75  1.10862  1.05719  1.172
25.25  1.10949  1.05833  1.1735
25.75  1.11035  1.05948  1.17499
26.25  1.11122  1.06062  1.17649
26.75  1.11208  1.06177  1.17798
27.25  1.11295  1.06291  1.17948
27.75  1.11381  1.06406  1.18098
28.25  1.11468  1.0652  1.18247
28.75  1.11555  1.06635  1.18397
29.25  1.11641  1.06749  1.18546
29.75  1.11728  1.06864  1.18695
30.25  1.11814  1.06978  1.18845
30.75  1.11901  1.07092  1.18994
31.25  1.11987  1.07207  1.19144
31.75  1.12074  1.07321  1.19293
32.25  1.1216  1.07436  1.19443
32.75  1.12247  1.0755  1.19592
33.25  1.12333  1.07664  1.19741
33.75  1.1242  1.07779  1.19891
34.25  1.12506  1.07893  1.2004
34.75  1.12592  1.08007  1.20189
35.25  1.12636  1.08064  1.20264
35.75  1.12636  1.08064  1.20264
36.25  1.12636  1.08064  1.20264
36.75  1.12636  1.08064  1.20264
37.25  1.12636  1.08064  1.20264
37.75  1.12636  1.08064  1.20264
38.25  1.12636  1.08064  1.20264
38.75  1.12636  1.08064  1.20264
39.25  1.12636  1.08064  1.20264
39.75  1.12636  1.08064  1.20264
40.25  1.12636  1.08064  1.20264
40.75  1.12636  1.08064  1.20264
41.25  1.12636  1.08064  1.20264
41.75  1.12636  1.08064  1.20264
42.25  1.12636  1.08064  1.20264
42.75  1.12636  1.08064  1.20264
43.25  1.12636  1.08064  1.20264
43.75  1.12636  1.08064  1.20264
44.25  1.12636  1.08064  1.20264
44.75  1.12636  1.08064  1.20264
45.25  1.12636  1.08064  1.20264
45.75  1.12636  1.08064  1.20264
46.25  1.12636  1.08064  1.20264
46.75  1.12636  1.08064  1.20264
47.25  1.12636  1.08064  1.20264
47.75  1.12636  1.08064  1.20264
48.25  1.12636  1.08064  1.20264
48.75  1.12636  1.08064  1.20264
49.25  1.12636  1.08064  1.20264
49.75  1.12636  1.08064  1.20264
50.25  1.  1.  1.
50.75  1.  1.  1.
51.25  1.  1.  1.
51.75  1.  1.  1.
52.25  1.  1.  1.
52.75  1.  1.  1.
53.25  1.  1.  1.
53.75  1.  1.  1.
54.25  1.  1.  1.
54.75  1.  1.  1.
55.25  1.  1.  1.
55.75  1.  1.  1.
56.25  1.  1.  1.
56.75  1.  1.  1.
57.25  1.  1.  1.
57.75  1.  1.  1.
58.25  1.  1.  1.
58.75  1.  1.  1.
59.25  1.  1.  1.
59.75  1.  1.  1.
60.25  1.  1.  1.
60.75  1.  1.  1.
61.25  1.  1.  1.
61.75  1.  1.  1.
62.25  1.  1.  1.
62.75  1.  1.  1.
63.25  1.  1.  1.
63.75  1.  1.  1.
64.25  1.  1.  1.
64.75  1.  1.  1.
65.25  1.  1.  1.
65.75  1.  1.  1.
66.25  1.  1.  1.
66.75  1.  1.  1.
67.25  1.  1.  1.
67.75  1.  1.  1.
68.25  1.  1.  1.
68.75  1.  1.  1.
69.25  1.  1.  1.
69.75  1.  1.  1.
70.25  1.  1.  1.
70.75  1.  1.  1.
71.25  1.  1.  1.
71.75  1.  1.  1.
72.25  1.  1.  1.
72.75  1.  1.  1.
73.25  1.  1.  1.
73.75  1.  1.  1.
74.25  1.  1.  1.
74.75  1.  1.  1.
75.25  1.  1.  1.
75.75  1.  1.  1.
76.25  1.  1.  1.
76.75  1.  1.  1.
77.25  1.  1.  1.
77.75  1.  1.  1.
78.25  1.  1.  1.
78.75  1.  1.  1.
79.25  1.  1.  1.
79.75  1.  1.  1.
80.25  1.  1.  1.
80.75  1.  1.  1.
81.25  1.  1.  1.
81.75  1.  1.  1.
82.25  1.  1.  1.
82.75  1.  1.  1.
83.25  1.  1.  1.
83.75  1.  1.  1.
84.25  1.  1.  1.
84.75  1.  1.  1.
85.25  1.  1.  1.
85.75  1.  1.  1.
86.25  1.  1.  1.
86.75  1.  1.  1.
87.25  1.  1.  1.
87.75  1.  1.  1.
88.25  1.  1.  1.
88.75  1.  1.  1.
89.25  1.  1.  1.
89.75  1.  1.  1.
90.25  1.  1.  1.
90.75  1.  1.  1.
91.25  1.  1.  1.
91.75  1.  1.  1.
92.25  1.  1.  1.
92.75  1.  1.  1.
93.25  1.  1.  1.
93.75  1.  1.  1.
94.25  1.  1.  1.
94.75  1.  1.  1.
95.25  1.  1.  1.
95.75  1.  1.  1.
96.25  1.  1.  1.
96.75  1.  1.  1.
97.25  1.  1.  1.
97.75  1.  1.  1.
98.25  1.  1.  1.
98.75  1.  1.  1.
99.25  1.  1.  1.
99.75  1.  1.  1.
100.25  1.  1.  1.
100.75  1.  1.  1.
101.25  1.  1.  1.
101.75  1.  1.  1.
102.25  1.  1.  1.
102.75  1.  1.  1.
103.25  1.  1.  1.
103.75  1.  1.  1.
104.25  1.  1.  1.
104.75  1.  1.  1.
105.25  1.  1.  1.
105.75  1.  1.  1.
106.25  1.  1.  1.
106.75  1.  1.  1.
107.25  1.  1.  1.
107.75  1.  1.  1.
108.25  1.  1.  1.
108.75  1.  1.  1.
109.25  1.  1.  1.
109.75  1.  1.  1.
110.25  1.  1.  1.
110.75  1.  1.  1.
111.25  1.  1.  1.
111.75  1.  1.  1.
112.25  1.  1.  1.
112.75  1.  1.  1.
113.25  1.  1.  1.
113.75  1.  1.  1.
114.25  1.  1.  1.
114.75  1.  1.  1.
115.25  1.  1.  1.
115.75  1.  1.  1.
116.25  1.  1.  1.
116.75  1.  1.  1.
117.25  1.  1.  1.
117.75  1.  1.  1.
118.25  1.  1.  1.
118.75  1.  1.  1.
119.25  1.  1.  1.
119.75  1.  1.  1.
120.25  1.  1.  1.
120.75  1.  1.  1.
121.25  1.  1.  1.
121.75  1.  1.  1.
122.25  1.  1.  1.
122.75  1.  1.  1.
123.25  1.  1.  1.
123.75  1.  1.  1.
124.25  1.  1.  1.
124.75  1.  1.  1.
125.25  1.  1.  1.
125.75  1.  1.  1.
126.25  1.  1.  1.
126.75  1.  1.  1.
127.25  1.  1.  1.
127.75  1.  1.  1.
128.25  1.  1.  1.
128.75  1.  1.  1.
129.25  1.  1.  1.
129.75  1.  1.  1.
130.25  1.  1.  1.
130.75  1.  1.  1.
131.25  1.  1.  1.
131.75  1.  1.  1.
132.25  1.  1.  1.
132.75  1.  1.  1.
133.25  1.  1.  1.
133.75  1.  1.  1.
134.25  1.  1.  1.
134.75  1.  1.  1.
135.25  1.  1.  1.
135.75  1.  1.  1.
136.25  1.  1.  1.
136.75  1.  1.  1.
137.25  1.  1.  1.
137.75  1.  1.  1.
138.25  1.  1.  1.
138.75  1.  1.  1.
139.25  1.  1.  1.
139.75  1.  1.  1.
140.25  1.  1.  1.
140.75  1.  1.  1.
141.25  1.  1.  1.
141.75  1.  1.  1.
142.25  1.  1.  1.
142.75  1.  1.  1.
143.25  1.  1.  1.
143.75  1.  1.  1.
144.25  1.  1.  1.
144.75  1.  1.  1.
145.25  1.  1.  1.
145.75  1.  1.  1.
146.25  1.  1.  1.
146.75  1.  1.  1.
147.25  1.  1.  1.
147.75  1.  1.  1.
148.25  1.  1.  1.
148.75  1.  1.  1.
149.25  1.  1.  1.
149.75  1.  1.  1.
150.25  1.  1.  1.
150.75  1.  1.  1.
151.25  1.  1.  1.
151.75  1.  1.  1.
152.25  1.  1.  1.
152.75  1.  1.  1.
153.25  1.  1.  1.
153.75  1.  1.  1.
154.25  1.  1.  1.
154.75  1.  1.  1.
155.25  1.  1.  1.
155.75  1.  1.  1.
156.25  1.  1.  1.
156.75  1.  1.  1.
157.25  1.  1.  1.
157.75  1.  1.  1.
158.25  1.  1.  1.
158.75  1.  1.  1.
159.25  1.  1.  1.
159.75  1.  1.  1.
160.25  1.  1.  1.
160.75  1.  1.  1.
161.25  1.  1.  1.
161.75  1.  1.  1.
162.25  1.  1.  1.
162.75  1.  1.  1.
163.25  1.  1.  1.
163.75  1.  1.  1.
164.25  1.  1.  1.
164.75  1.  1.  1.
165.25  1.  1.  1.
165.75  1.  1.  1.
166.25  1.  1.  1.
166.75  1.  1.  1.
167.25  1.  1.  1.
167.75  1.  1.  1.
168.25  1.  1.  1.
168.75  1.  1.  1.
169.25  1.  1.  1.
169.75  1.  1.  1.
170.25  1.  1.  1.
170.75  1.  1.  1.
171.25  1.  1.  1.
171.75  1.  1.  1.
172.25  1.  1.  1.
172.75  1.  1.  1.
173.25  1.  1.  1.
173.75  1.  1.  1.
174.25  1.  1.  1.
174.75  1.  1.  1.
175.25  1.  1.  1.
175.75  1.  1.  1.
176.25  1.  1.  1.
176.75  1.  1.  1.
177.25  1.  1.  1.
177.75  1.  1.  1.
178.25  1.  1.  1.
178.75  1.  1.  1.
179.25  1.  1.  1.
179.75  1.  1.  1.
180.25  1.  1.  1.
180.75  1.  1.  1.
181.25  1.  1.  1.
181.75  1.  1.  1.
182.25  1.  1.  1.
182.75  1.  1.  1.
183.25  1.  1.  1.
183.75  1.  1.  1.
184.25  1.  1.  1.
184.75  1.  1.  1.
185.25  1.  1.  1.
185.75  1.  1.  1.
186.25  1.  1.  1.
186.75  1.  1.  1.
187.25  1.  1.  1.
187.75  1.  1.  1.
188.25  1.  1.  1.
188.75  1.  1.  1.
189.25  1.  1.  1.
189.75  1.  1.  1.
190.25  1.  1.  1.
190.75  1.  1.  1.
191.25  1.  1.  1.
191.75  1.  1.  1.
192.25  1.  1.  1.
192.75  1.  1.  1.
193.25  1.  1.  1.
193.75  1.  1.  1.
194.25  1.  1.  1.
194.75  1.  1.  1.
195.25  1.  1.  1.
195.75  1.  1.  1.
196.25  1.  1.  1.
196.75  1.  1.  1.
197.25  1.  1.  1.
197.75  1.  1.  1.
198.25  1.  1.  1.
198.75  1.  1.  1.
199.25  1.  1.  1.
199.75  1.  1.  1.
