# pt   RAA_central    RAA_lower    RAA_upper  
400  0.5
0.25  0.951668  0.912667  0.983869
0.75  0.956655  0.916694  0.987103
1.25  0.961809  0.925504  0.990935
1.75  0.966244  0.932396  0.99311
2.25  0.973211  0.944149  0.998501
2.75  0.980447  0.951135  1.00056
3.25  0.98573  0.962484  1.00367
3.75  0.98971  0.970299  1.0061
4.25  0.992507  0.97519  1.00791
4.75  0.994426  0.979014  1.009
5.25  0.995509  0.981865  1.00941
5.75  0.99683  0.984419  1.01007
6.25  0.998379  0.986695  1.01097
6.75  0.999909  0.988927  1.01187
7.25  1.00138  0.991184  1.0123
7.75  1.00279  0.993464  1.01226
8.25  1.00418  0.995701  1.01223
8.75  1.00556  0.997897  1.0122
9.25  1.00641  0.99956  1.01268
9.75  1.00673  1.00071  1.01367
10.25  1.00705  1.00185  1.01466
10.75  1.00737  1.00298  1.01564
11.25  1.00771  1.00359  1.01617
11.75  1.00808  1.00369  1.01626
12.25  1.00844  1.00379  1.01635
12.75  1.0088  1.00389  1.01644
13.25  1.00917  1.00399  1.01652
13.75  1.00953  1.00409  1.01661
14.25  1.00988  1.00419  1.0167
14.75  1.01024  1.00429  1.01678
15.25  1.0106  1.00438  1.01687
15.75  1.01096  1.00448  1.01696
16.25  1.01118  1.0046  1.01708
16.75  1.01128  1.00474  1.01725
17.25  1.01138  1.00488  1.01741
17.75  1.01148  1.00501  1.01757
18.25  1.01158  1.00515  1.01774
18.75  1.01168  1.00529  1.0179
19.25  1.01178  1.00542  1.01806
19.75  1.01188  1.00556  1.01823
20.25  1.01197  1.0057  1.01839
20.75  1.01207  1.00583  1.01855
21.25  1.01217  1.00597  1.01872
21.75  1.01227  1.00611  1.01888
22.25  1.01237  1.00624  1.01904
22.75  1.01247  1.00638  1.0192
23.25  1.01256  1.00651  1.01936
23.75  1.01266  1.00665  1.01953
24.25  1.01276  1.00678  1.01969
24.75  1.01286  1.00692  1.01985
25.25  1.01296  1.00706  1.02001
25.75  1.01305  1.00719  1.02017
26.25  1.01315  1.00732  1.02033
26.75  1.01325  1.00746  1.02049
27.25  1.01335  1.00759  1.02065
27.75  1.01344  1.00773  1.02081
28.25  1.01354  1.00786  1.02097
28.75  1.01364  1.008  1.02113
29.25  1.01374  1.00813  1.02129
29.75  1.01383  1.00826  1.02145
30.25  1.01393  1.0084  1.02161
30.75  1.01403  1.00853  1.02177
31.25  1.01412  1.00866  1.02192
31.75  1.01422  1.0088  1.02208
32.25  1.01432  1.00893  1.02224
32.75  1.01442  1.00906  1.0224
33.25  1.01451  1.0092  1.02256
33.75  1.01461  1.00933  1.02271
34.25  1.0147  1.00946  1.02287
34.75  1.0148  1.00959  1.02303
35.25  1.01485  1.00966  1.02311
35.75  1.01485  1.00966  1.02311
36.25  1.01485  1.00966  1.02311
36.75  1.01485  1.00966  1.02311
37.25  1.01485  1.00966  1.02311
37.75  1.01485  1.00966  1.02311
38.25  1.01485  1.00966  1.02311
38.75  1.01485  1.00966  1.02311
39.25  1.01485  1.00966  1.02311
39.75  1.01485  1.00966  1.02311
40.25  1.01485  1.00966  1.02311
40.75  1.01485  1.00966  1.02311
41.25  1.01485  1.00966  1.02311
41.75  1.01485  1.00966  1.02311
42.25  1.01485  1.00966  1.02311
42.75  1.01485  1.00966  1.02311
43.25  1.01485  1.00966  1.02311
43.75  1.01485  1.00966  1.02311
44.25  1.01485  1.00966  1.02311
44.75  1.01485  1.00966  1.02311
45.25  1.01485  1.00966  1.02311
45.75  1.01485  1.00966  1.02311
46.25  1.01485  1.00966  1.02311
46.75  1.01485  1.00966  1.02311
47.25  1.01485  1.00966  1.02311
47.75  1.01485  1.00966  1.02311
48.25  1.01485  1.00966  1.02311
48.75  1.01485  1.00966  1.02311
49.25  1.01485  1.00966  1.02311
49.75  1.01485  1.00966  1.02311
50.25  1.  1.  1.
50.75  1.  1.  1.
51.25  1.  1.  1.
51.75  1.  1.  1.
52.25  1.  1.  1.
52.75  1.  1.  1.
53.25  1.  1.  1.
53.75  1.  1.  1.
54.25  1.  1.  1.
54.75  1.  1.  1.
55.25  1.  1.  1.
55.75  1.  1.  1.
56.25  1.  1.  1.
56.75  1.  1.  1.
57.25  1.  1.  1.
57.75  1.  1.  1.
58.25  1.  1.  1.
58.75  1.  1.  1.
59.25  1.  1.  1.
59.75  1.  1.  1.
60.25  1.  1.  1.
60.75  1.  1.  1.
61.25  1.  1.  1.
61.75  1.  1.  1.
62.25  1.  1.  1.
62.75  1.  1.  1.
63.25  1.  1.  1.
63.75  1.  1.  1.
64.25  1.  1.  1.
64.75  1.  1.  1.
65.25  1.  1.  1.
65.75  1.  1.  1.
66.25  1.  1.  1.
66.75  1.  1.  1.
67.25  1.  1.  1.
67.75  1.  1.  1.
68.25  1.  1.  1.
68.75  1.  1.  1.
69.25  1.  1.  1.
69.75  1.  1.  1.
70.25  1.  1.  1.
70.75  1.  1.  1.
71.25  1.  1.  1.
71.75  1.  1.  1.
72.25  1.  1.  1.
72.75  1.  1.  1.
73.25  1.  1.  1.
73.75  1.  1.  1.
74.25  1.  1.  1.
74.75  1.  1.  1.
75.25  1.  1.  1.
75.75  1.  1.  1.
76.25  1.  1.  1.
76.75  1.  1.  1.
77.25  1.  1.  1.
77.75  1.  1.  1.
78.25  1.  1.  1.
78.75  1.  1.  1.
79.25  1.  1.  1.
79.75  1.  1.  1.
80.25  1.  1.  1.
80.75  1.  1.  1.
81.25  1.  1.  1.
81.75  1.  1.  1.
82.25  1.  1.  1.
82.75  1.  1.  1.
83.25  1.  1.  1.
83.75  1.  1.  1.
84.25  1.  1.  1.
84.75  1.  1.  1.
85.25  1.  1.  1.
85.75  1.  1.  1.
86.25  1.  1.  1.
86.75  1.  1.  1.
87.25  1.  1.  1.
87.75  1.  1.  1.
88.25  1.  1.  1.
88.75  1.  1.  1.
89.25  1.  1.  1.
89.75  1.  1.  1.
90.25  1.  1.  1.
90.75  1.  1.  1.
91.25  1.  1.  1.
91.75  1.  1.  1.
92.25  1.  1.  1.
92.75  1.  1.  1.
93.25  1.  1.  1.
93.75  1.  1.  1.
94.25  1.  1.  1.
94.75  1.  1.  1.
95.25  1.  1.  1.
95.75  1.  1.  1.
96.25  1.  1.  1.
96.75  1.  1.  1.
97.25  1.  1.  1.
97.75  1.  1.  1.
98.25  1.  1.  1.
98.75  1.  1.  1.
99.25  1.  1.  1.
99.75  1.  1.  1.
100.25  1.  1.  1.
100.75  1.  1.  1.
101.25  1.  1.  1.
101.75  1.  1.  1.
102.25  1.  1.  1.
102.75  1.  1.  1.
103.25  1.  1.  1.
103.75  1.  1.  1.
104.25  1.  1.  1.
104.75  1.  1.  1.
105.25  1.  1.  1.
105.75  1.  1.  1.
106.25  1.  1.  1.
106.75  1.  1.  1.
107.25  1.  1.  1.
107.75  1.  1.  1.
108.25  1.  1.  1.
108.75  1.  1.  1.
109.25  1.  1.  1.
109.75  1.  1.  1.
110.25  1.  1.  1.
110.75  1.  1.  1.
111.25  1.  1.  1.
111.75  1.  1.  1.
112.25  1.  1.  1.
112.75  1.  1.  1.
113.25  1.  1.  1.
113.75  1.  1.  1.
114.25  1.  1.  1.
114.75  1.  1.  1.
115.25  1.  1.  1.
115.75  1.  1.  1.
116.25  1.  1.  1.
116.75  1.  1.  1.
117.25  1.  1.  1.
117.75  1.  1.  1.
118.25  1.  1.  1.
118.75  1.  1.  1.
119.25  1.  1.  1.
119.75  1.  1.  1.
120.25  1.  1.  1.
120.75  1.  1.  1.
121.25  1.  1.  1.
121.75  1.  1.  1.
122.25  1.  1.  1.
122.75  1.  1.  1.
123.25  1.  1.  1.
123.75  1.  1.  1.
124.25  1.  1.  1.
124.75  1.  1.  1.
125.25  1.  1.  1.
125.75  1.  1.  1.
126.25  1.  1.  1.
126.75  1.  1.  1.
127.25  1.  1.  1.
127.75  1.  1.  1.
128.25  1.  1.  1.
128.75  1.  1.  1.
129.25  1.  1.  1.
129.75  1.  1.  1.
130.25  1.  1.  1.
130.75  1.  1.  1.
131.25  1.  1.  1.
131.75  1.  1.  1.
132.25  1.  1.  1.
132.75  1.  1.  1.
133.25  1.  1.  1.
133.75  1.  1.  1.
134.25  1.  1.  1.
134.75  1.  1.  1.
135.25  1.  1.  1.
135.75  1.  1.  1.
136.25  1.  1.  1.
136.75  1.  1.  1.
137.25  1.  1.  1.
137.75  1.  1.  1.
138.25  1.  1.  1.
138.75  1.  1.  1.
139.25  1.  1.  1.
139.75  1.  1.  1.
140.25  1.  1.  1.
140.75  1.  1.  1.
141.25  1.  1.  1.
141.75  1.  1.  1.
142.25  1.  1.  1.
142.75  1.  1.  1.
143.25  1.  1.  1.
143.75  1.  1.  1.
144.25  1.  1.  1.
144.75  1.  1.  1.
145.25  1.  1.  1.
145.75  1.  1.  1.
146.25  1.  1.  1.
146.75  1.  1.  1.
147.25  1.  1.  1.
147.75  1.  1.  1.
148.25  1.  1.  1.
148.75  1.  1.  1.
149.25  1.  1.  1.
149.75  1.  1.  1.
150.25  1.  1.  1.
150.75  1.  1.  1.
151.25  1.  1.  1.
151.75  1.  1.  1.
152.25  1.  1.  1.
152.75  1.  1.  1.
153.25  1.  1.  1.
153.75  1.  1.  1.
154.25  1.  1.  1.
154.75  1.  1.  1.
155.25  1.  1.  1.
155.75  1.  1.  1.
156.25  1.  1.  1.
156.75  1.  1.  1.
157.25  1.  1.  1.
157.75  1.  1.  1.
158.25  1.  1.  1.
158.75  1.  1.  1.
159.25  1.  1.  1.
159.75  1.  1.  1.
160.25  1.  1.  1.
160.75  1.  1.  1.
161.25  1.  1.  1.
161.75  1.  1.  1.
162.25  1.  1.  1.
162.75  1.  1.  1.
163.25  1.  1.  1.
163.75  1.  1.  1.
164.25  1.  1.  1.
164.75  1.  1.  1.
165.25  1.  1.  1.
165.75  1.  1.  1.
166.25  1.  1.  1.
166.75  1.  1.  1.
167.25  1.  1.  1.
167.75  1.  1.  1.
168.25  1.  1.  1.
168.75  1.  1.  1.
169.25  1.  1.  1.
169.75  1.  1.  1.
170.25  1.  1.  1.
170.75  1.  1.  1.
171.25  1.  1.  1.
171.75  1.  1.  1.
172.25  1.  1.  1.
172.75  1.  1.  1.
173.25  1.  1.  1.
173.75  1.  1.  1.
174.25  1.  1.  1.
174.75  1.  1.  1.
175.25  1.  1.  1.
175.75  1.  1.  1.
176.25  1.  1.  1.
176.75  1.  1.  1.
177.25  1.  1.  1.
177.75  1.  1.  1.
178.25  1.  1.  1.
178.75  1.  1.  1.
179.25  1.  1.  1.
179.75  1.  1.  1.
180.25  1.  1.  1.
180.75  1.  1.  1.
181.25  1.  1.  1.
181.75  1.  1.  1.
182.25  1.  1.  1.
182.75  1.  1.  1.
183.25  1.  1.  1.
183.75  1.  1.  1.
184.25  1.  1.  1.
184.75  1.  1.  1.
185.25  1.  1.  1.
185.75  1.  1.  1.
186.25  1.  1.  1.
186.75  1.  1.  1.
187.25  1.  1.  1.
187.75  1.  1.  1.
188.25  1.  1.  1.
188.75  1.  1.  1.
189.25  1.  1.  1.
189.75  1.  1.  1.
190.25  1.  1.  1.
190.75  1.  1.  1.
191.25  1.  1.  1.
191.75  1.  1.  1.
192.25  1.  1.  1.
192.75  1.  1.  1.
193.25  1.  1.  1.
193.75  1.  1.  1.
194.25  1.  1.  1.
194.75  1.  1.  1.
195.25  1.  1.  1.
195.75  1.  1.  1.
196.25  1.  1.  1.
196.75  1.  1.  1.
197.25  1.  1.  1.
197.75  1.  1.  1.
198.25  1.  1.  1.
198.75  1.  1.  1.
199.25  1.  1.  1.
199.75  1.  1.  1.
