# pt   RAA_central    RAA_lower    RAA_upper  
400  0.5
0.25  0.93572  0.884168  0.978503
0.75  0.942333  0.889477  0.982808
1.25  0.949174  0.901101  0.987914
1.75  0.955064  0.910207  0.990812
2.25  0.964322  0.925758  0.998
2.75  0.973947  0.935013  1.00075
3.25  0.980981  0.950071  1.0049
3.75  0.986282  0.960452  1.00815
4.25  0.990009  0.966953  1.01055
4.75  0.992567  0.972041  1.01201
5.25  0.994011  0.975835  1.01256
5.75  0.995771  0.979235  1.01344
6.25  0.997838  0.982265  1.01464
6.75  0.999879  0.985239  1.01584
7.25  1.00184  0.988246  1.01641
7.75  1.00372  0.991284  1.01637
8.25  1.00558  0.994266  1.01632
8.75  1.00742  0.997195  1.01628
9.25  1.00855  0.999413  1.01693
9.75  1.00898  1.00095  1.01826
10.25  1.00941  1.00247  1.01958
10.75  1.00984  1.00398  1.02089
11.25  1.01029  1.00479  1.0216
11.75  1.01078  1.00493  1.02171
12.25  1.01127  1.00506  1.02183
12.75  1.01175  1.00519  1.02194
13.25  1.01223  1.00532  1.02206
13.75  1.01271  1.00545  1.02218
14.25  1.01319  1.00559  1.02229
14.75  1.01367  1.00572  1.02241
15.25  1.01415  1.00585  1.02252
15.75  1.01463  1.00598  1.02264
16.25  1.01493  1.00614  1.02281
16.75  1.01506  1.00632  1.02303
17.25  1.01519  1.00651  1.02325
17.75  1.01533  1.00669  1.02347
18.25  1.01546  1.00687  1.02369
18.75  1.01559  1.00706  1.0239
19.25  1.01572  1.00724  1.02412
19.75  1.01585  1.00742  1.02434
20.25  1.01599  1.0076  1.02456
20.75  1.01612  1.00779  1.02478
21.25  1.01625  1.00797  1.02499
21.75  1.01638  1.00815  1.02521
22.25  1.01651  1.00833  1.02543
22.75  1.01664  1.00851  1.02564
23.25  1.01677  1.00869  1.02586
23.75  1.0169  1.00887  1.02608
24.25  1.01704  1.00905  1.02629
24.75  1.01717  1.00924  1.02651
25.25  1.0173  1.00942  1.02672
25.75  1.01743  1.0096  1.02694
26.25  1.01756  1.00978  1.02715
26.75  1.01769  1.00996  1.02737
27.25  1.01782  1.01013  1.02758
27.75  1.01795  1.01031  1.02779
28.25  1.01808  1.01049  1.02801
28.75  1.01821  1.01067  1.02822
29.25  1.01834  1.01085  1.02843
29.75  1.01847  1.01103  1.02865
30.25  1.0186  1.01121  1.02886
30.75  1.01873  1.01139  1.02907
31.25  1.01886  1.01156  1.02928
31.75  1.01899  1.01174  1.0295
32.25  1.01912  1.01192  1.02971
32.75  1.01925  1.0121  1.02992
33.25  1.01937  1.01227  1.03013
33.75  1.0195  1.01245  1.03034
34.25  1.01963  1.01263  1.03055
34.75  1.01976  1.01281  1.03076
35.25  1.01983  1.01289  1.03087
35.75  1.01983  1.01289  1.03087
36.25  1.01983  1.01289  1.03087
36.75  1.01983  1.01289  1.03087
37.25  1.01983  1.01289  1.03087
37.75  1.01983  1.01289  1.03087
38.25  1.01983  1.01289  1.03087
38.75  1.01983  1.01289  1.03087
39.25  1.01983  1.01289  1.03087
39.75  1.01983  1.01289  1.03087
40.25  1.01983  1.01289  1.03087
40.75  1.01983  1.01289  1.03087
41.25  1.01983  1.01289  1.03087
41.75  1.01983  1.01289  1.03087
42.25  1.01983  1.01289  1.03087
42.75  1.01983  1.01289  1.03087
43.25  1.01983  1.01289  1.03087
43.75  1.01983  1.01289  1.03087
44.25  1.01983  1.01289  1.03087
44.75  1.01983  1.01289  1.03087
45.25  1.01983  1.01289  1.03087
45.75  1.01983  1.01289  1.03087
46.25  1.01983  1.01289  1.03087
46.75  1.01983  1.01289  1.03087
47.25  1.01983  1.01289  1.03087
47.75  1.01983  1.01289  1.03087
48.25  1.01983  1.01289  1.03087
48.75  1.01983  1.01289  1.03087
49.25  1.01983  1.01289  1.03087
49.75  1.01983  1.01289  1.03087
50.25  1.  1.  1.
50.75  1.  1.  1.
51.25  1.  1.  1.
51.75  1.  1.  1.
52.25  1.  1.  1.
52.75  1.  1.  1.
53.25  1.  1.  1.
53.75  1.  1.  1.
54.25  1.  1.  1.
54.75  1.  1.  1.
55.25  1.  1.  1.
55.75  1.  1.  1.
56.25  1.  1.  1.
56.75  1.  1.  1.
57.25  1.  1.  1.
57.75  1.  1.  1.
58.25  1.  1.  1.
58.75  1.  1.  1.
59.25  1.  1.  1.
59.75  1.  1.  1.
60.25  1.  1.  1.
60.75  1.  1.  1.
61.25  1.  1.  1.
61.75  1.  1.  1.
62.25  1.  1.  1.
62.75  1.  1.  1.
63.25  1.  1.  1.
63.75  1.  1.  1.
64.25  1.  1.  1.
64.75  1.  1.  1.
65.25  1.  1.  1.
65.75  1.  1.  1.
66.25  1.  1.  1.
66.75  1.  1.  1.
67.25  1.  1.  1.
67.75  1.  1.  1.
68.25  1.  1.  1.
68.75  1.  1.  1.
69.25  1.  1.  1.
69.75  1.  1.  1.
70.25  1.  1.  1.
70.75  1.  1.  1.
71.25  1.  1.  1.
71.75  1.  1.  1.
72.25  1.  1.  1.
72.75  1.  1.  1.
73.25  1.  1.  1.
73.75  1.  1.  1.
74.25  1.  1.  1.
74.75  1.  1.  1.
75.25  1.  1.  1.
75.75  1.  1.  1.
76.25  1.  1.  1.
76.75  1.  1.  1.
77.25  1.  1.  1.
77.75  1.  1.  1.
78.25  1.  1.  1.
78.75  1.  1.  1.
79.25  1.  1.  1.
79.75  1.  1.  1.
80.25  1.  1.  1.
80.75  1.  1.  1.
81.25  1.  1.  1.
81.75  1.  1.  1.
82.25  1.  1.  1.
82.75  1.  1.  1.
83.25  1.  1.  1.
83.75  1.  1.  1.
84.25  1.  1.  1.
84.75  1.  1.  1.
85.25  1.  1.  1.
85.75  1.  1.  1.
86.25  1.  1.  1.
86.75  1.  1.  1.
87.25  1.  1.  1.
87.75  1.  1.  1.
88.25  1.  1.  1.
88.75  1.  1.  1.
89.25  1.  1.  1.
89.75  1.  1.  1.
90.25  1.  1.  1.
90.75  1.  1.  1.
91.25  1.  1.  1.
91.75  1.  1.  1.
92.25  1.  1.  1.
92.75  1.  1.  1.
93.25  1.  1.  1.
93.75  1.  1.  1.
94.25  1.  1.  1.
94.75  1.  1.  1.
95.25  1.  1.  1.
95.75  1.  1.  1.
96.25  1.  1.  1.
96.75  1.  1.  1.
97.25  1.  1.  1.
97.75  1.  1.  1.
98.25  1.  1.  1.
98.75  1.  1.  1.
99.25  1.  1.  1.
99.75  1.  1.  1.
100.25  1.  1.  1.
100.75  1.  1.  1.
101.25  1.  1.  1.
101.75  1.  1.  1.
102.25  1.  1.  1.
102.75  1.  1.  1.
103.25  1.  1.  1.
103.75  1.  1.  1.
104.25  1.  1.  1.
104.75  1.  1.  1.
105.25  1.  1.  1.
105.75  1.  1.  1.
106.25  1.  1.  1.
106.75  1.  1.  1.
107.25  1.  1.  1.
107.75  1.  1.  1.
108.25  1.  1.  1.
108.75  1.  1.  1.
109.25  1.  1.  1.
109.75  1.  1.  1.
110.25  1.  1.  1.
110.75  1.  1.  1.
111.25  1.  1.  1.
111.75  1.  1.  1.
112.25  1.  1.  1.
112.75  1.  1.  1.
113.25  1.  1.  1.
113.75  1.  1.  1.
114.25  1.  1.  1.
114.75  1.  1.  1.
115.25  1.  1.  1.
115.75  1.  1.  1.
116.25  1.  1.  1.
116.75  1.  1.  1.
117.25  1.  1.  1.
117.75  1.  1.  1.
118.25  1.  1.  1.
118.75  1.  1.  1.
119.25  1.  1.  1.
119.75  1.  1.  1.
120.25  1.  1.  1.
120.75  1.  1.  1.
121.25  1.  1.  1.
121.75  1.  1.  1.
122.25  1.  1.  1.
122.75  1.  1.  1.
123.25  1.  1.  1.
123.75  1.  1.  1.
124.25  1.  1.  1.
124.75  1.  1.  1.
125.25  1.  1.  1.
125.75  1.  1.  1.
126.25  1.  1.  1.
126.75  1.  1.  1.
127.25  1.  1.  1.
127.75  1.  1.  1.
128.25  1.  1.  1.
128.75  1.  1.  1.
129.25  1.  1.  1.
129.75  1.  1.  1.
130.25  1.  1.  1.
130.75  1.  1.  1.
131.25  1.  1.  1.
131.75  1.  1.  1.
132.25  1.  1.  1.
132.75  1.  1.  1.
133.25  1.  1.  1.
133.75  1.  1.  1.
134.25  1.  1.  1.
134.75  1.  1.  1.
135.25  1.  1.  1.
135.75  1.  1.  1.
136.25  1.  1.  1.
136.75  1.  1.  1.
137.25  1.  1.  1.
137.75  1.  1.  1.
138.25  1.  1.  1.
138.75  1.  1.  1.
139.25  1.  1.  1.
139.75  1.  1.  1.
140.25  1.  1.  1.
140.75  1.  1.  1.
141.25  1.  1.  1.
141.75  1.  1.  1.
142.25  1.  1.  1.
142.75  1.  1.  1.
143.25  1.  1.  1.
143.75  1.  1.  1.
144.25  1.  1.  1.
144.75  1.  1.  1.
145.25  1.  1.  1.
145.75  1.  1.  1.
146.25  1.  1.  1.
146.75  1.  1.  1.
147.25  1.  1.  1.
147.75  1.  1.  1.
148.25  1.  1.  1.
148.75  1.  1.  1.
149.25  1.  1.  1.
149.75  1.  1.  1.
150.25  1.  1.  1.
150.75  1.  1.  1.
151.25  1.  1.  1.
151.75  1.  1.  1.
152.25  1.  1.  1.
152.75  1.  1.  1.
153.25  1.  1.  1.
153.75  1.  1.  1.
154.25  1.  1.  1.
154.75  1.  1.  1.
155.25  1.  1.  1.
155.75  1.  1.  1.
156.25  1.  1.  1.
156.75  1.  1.  1.
157.25  1.  1.  1.
157.75  1.  1.  1.
158.25  1.  1.  1.
158.75  1.  1.  1.
159.25  1.  1.  1.
159.75  1.  1.  1.
160.25  1.  1.  1.
160.75  1.  1.  1.
161.25  1.  1.  1.
161.75  1.  1.  1.
162.25  1.  1.  1.
162.75  1.  1.  1.
163.25  1.  1.  1.
163.75  1.  1.  1.
164.25  1.  1.  1.
164.75  1.  1.  1.
165.25  1.  1.  1.
165.75  1.  1.  1.
166.25  1.  1.  1.
166.75  1.  1.  1.
167.25  1.  1.  1.
167.75  1.  1.  1.
168.25  1.  1.  1.
168.75  1.  1.  1.
169.25  1.  1.  1.
169.75  1.  1.  1.
170.25  1.  1.  1.
170.75  1.  1.  1.
171.25  1.  1.  1.
171.75  1.  1.  1.
172.25  1.  1.  1.
172.75  1.  1.  1.
173.25  1.  1.  1.
173.75  1.  1.  1.
174.25  1.  1.  1.
174.75  1.  1.  1.
175.25  1.  1.  1.
175.75  1.  1.  1.
176.25  1.  1.  1.
176.75  1.  1.  1.
177.25  1.  1.  1.
177.75  1.  1.  1.
178.25  1.  1.  1.
178.75  1.  1.  1.
179.25  1.  1.  1.
179.75  1.  1.  1.
180.25  1.  1.  1.
180.75  1.  1.  1.
181.25  1.  1.  1.
181.75  1.  1.  1.
182.25  1.  1.  1.
182.75  1.  1.  1.
183.25  1.  1.  1.
183.75  1.  1.  1.
184.25  1.  1.  1.
184.75  1.  1.  1.
185.25  1.  1.  1.
185.75  1.  1.  1.
186.25  1.  1.  1.
186.75  1.  1.  1.
187.25  1.  1.  1.
187.75  1.  1.  1.
188.25  1.  1.  1.
188.75  1.  1.  1.
189.25  1.  1.  1.
189.75  1.  1.  1.
190.25  1.  1.  1.
190.75  1.  1.  1.
191.25  1.  1.  1.
191.75  1.  1.  1.
192.25  1.  1.  1.
192.75  1.  1.  1.
193.25  1.  1.  1.
193.75  1.  1.  1.
194.25  1.  1.  1.
194.75  1.  1.  1.
195.25  1.  1.  1.
195.75  1.  1.  1.
196.25  1.  1.  1.
196.75  1.  1.  1.
197.25  1.  1.  1.
197.75  1.  1.  1.
198.25  1.  1.  1.
198.75  1.  1.  1.
199.25  1.  1.  1.
199.75  1.  1.  1.
