# pt   RAA_central    RAA_lower    RAA_upper  
400  0.5
0.25  0.820997  0.693598  0.937641
0.75  0.838383  0.706069  0.949928
1.25  0.856616  0.733878  0.964631
1.75  0.872519  0.756161  0.973038
2.25  0.897885  0.795258  0.994093
2.75  0.924751  0.819153  1.00223
3.25  0.944699  0.859025  1.01456
3.75  0.959914  0.887225  1.02429
4.25  0.970703  0.905181  1.03153
4.75  0.978154  0.919391  1.03595
5.25  0.982373  0.930078  1.0376
5.75  0.987534  0.939724  1.04027
6.25  0.993614  0.948371  1.04392
6.75  0.999641  0.956908  1.04757
7.25  1.00545  0.965591  1.04931
7.75  1.01105  0.974413  1.04918
8.25  1.01661  0.983121  1.04904
8.75  1.02212  0.99172  1.0489
9.25  1.02551  0.998263  1.05088
9.75  1.0268  1.00281  1.05494
10.25  1.02809  1.00733  1.05898
10.75  1.02938  1.01182  1.063
11.25  1.03076  1.01425  1.06519
11.75  1.03222  1.01464  1.06554
12.25  1.03369  1.01504  1.0659
12.75  1.03515  1.01544  1.06626
13.25  1.03661  1.01583  1.06662
13.75  1.03807  1.01622  1.06697
14.25  1.03952  1.01662  1.06733
14.75  1.04097  1.01701  1.06769
15.25  1.04242  1.01741  1.06805
15.75  1.04387  1.0178  1.0684
16.25  1.04479  1.01827  1.06892
16.75  1.04519  1.01882  1.0696
17.25  1.0456  1.01937  1.07027
17.75  1.046  1.01992  1.07095
18.25  1.0464  1.02047  1.07163
18.75  1.0468  1.02102  1.0723
19.25  1.0472  1.02157  1.07298
19.75  1.04761  1.02211  1.07365
20.25  1.04801  1.02266  1.07432
20.75  1.04841  1.02321  1.075
21.25  1.04881  1.02375  1.07567
21.75  1.04921  1.0243  1.07634
22.25  1.04961  1.02484  1.07701
22.75  1.05001  1.02539  1.07768
23.25  1.05041  1.02593  1.07835
23.75  1.05081  1.02648  1.07902
24.25  1.05121  1.02702  1.07969
24.75  1.05161  1.02757  1.08036
25.25  1.05201  1.02811  1.08103
25.75  1.05241  1.02865  1.0817
26.25  1.05281  1.02919  1.08236
26.75  1.0532  1.02973  1.08303
27.25  1.0536  1.03028  1.08369
27.75  1.054  1.03082  1.08436
28.25  1.0544  1.03136  1.08502
28.75  1.0548  1.0319  1.08569
29.25  1.05519  1.03244  1.08635
29.75  1.05559  1.03298  1.08701
30.25  1.05599  1.03351  1.08768
30.75  1.05638  1.03405  1.08834
31.25  1.05678  1.03459  1.089
31.75  1.05718  1.03513  1.08966
32.25  1.05757  1.03567  1.09032
32.75  1.05797  1.0362  1.09098
33.25  1.05837  1.03674  1.09164
33.75  1.05876  1.03728  1.0923
34.25  1.05916  1.03781  1.09296
34.75  1.05955  1.03835  1.09361
35.25  1.05975  1.03861  1.09394
35.75  1.05975  1.03861  1.09394
36.25  1.05975  1.03861  1.09394
36.75  1.05975  1.03861  1.09394
37.25  1.05975  1.03861  1.09394
37.75  1.05975  1.03861  1.09394
38.25  1.05975  1.03861  1.09394
38.75  1.05975  1.03861  1.09394
39.25  1.05975  1.03861  1.09394
39.75  1.05975  1.03861  1.09394
40.25  1.05975  1.03861  1.09394
40.75  1.05975  1.03861  1.09394
41.25  1.05975  1.03861  1.09394
41.75  1.05975  1.03861  1.09394
42.25  1.05975  1.03861  1.09394
42.75  1.05975  1.03861  1.09394
43.25  1.05975  1.03861  1.09394
43.75  1.05975  1.03861  1.09394
44.25  1.05975  1.03861  1.09394
44.75  1.05975  1.03861  1.09394
45.25  1.05975  1.03861  1.09394
45.75  1.05975  1.03861  1.09394
46.25  1.05975  1.03861  1.09394
46.75  1.05975  1.03861  1.09394
47.25  1.05975  1.03861  1.09394
47.75  1.05975  1.03861  1.09394
48.25  1.05975  1.03861  1.09394
48.75  1.05975  1.03861  1.09394
49.25  1.05975  1.03861  1.09394
49.75  1.05975  1.03861  1.09394
50.25  1.  1.  1.
50.75  1.  1.  1.
51.25  1.  1.  1.
51.75  1.  1.  1.
52.25  1.  1.  1.
52.75  1.  1.  1.
53.25  1.  1.  1.
53.75  1.  1.  1.
54.25  1.  1.  1.
54.75  1.  1.  1.
55.25  1.  1.  1.
55.75  1.  1.  1.
56.25  1.  1.  1.
56.75  1.  1.  1.
57.25  1.  1.  1.
57.75  1.  1.  1.
58.25  1.  1.  1.
58.75  1.  1.  1.
59.25  1.  1.  1.
59.75  1.  1.  1.
60.25  1.  1.  1.
60.75  1.  1.  1.
61.25  1.  1.  1.
61.75  1.  1.  1.
62.25  1.  1.  1.
62.75  1.  1.  1.
63.25  1.  1.  1.
63.75  1.  1.  1.
64.25  1.  1.  1.
64.75  1.  1.  1.
65.25  1.  1.  1.
65.75  1.  1.  1.
66.25  1.  1.  1.
66.75  1.  1.  1.
67.25  1.  1.  1.
67.75  1.  1.  1.
68.25  1.  1.  1.
68.75  1.  1.  1.
69.25  1.  1.  1.
69.75  1.  1.  1.
70.25  1.  1.  1.
70.75  1.  1.  1.
71.25  1.  1.  1.
71.75  1.  1.  1.
72.25  1.  1.  1.
72.75  1.  1.  1.
73.25  1.  1.  1.
73.75  1.  1.  1.
74.25  1.  1.  1.
74.75  1.  1.  1.
75.25  1.  1.  1.
75.75  1.  1.  1.
76.25  1.  1.  1.
76.75  1.  1.  1.
77.25  1.  1.  1.
77.75  1.  1.  1.
78.25  1.  1.  1.
78.75  1.  1.  1.
79.25  1.  1.  1.
79.75  1.  1.  1.
80.25  1.  1.  1.
80.75  1.  1.  1.
81.25  1.  1.  1.
81.75  1.  1.  1.
82.25  1.  1.  1.
82.75  1.  1.  1.
83.25  1.  1.  1.
83.75  1.  1.  1.
84.25  1.  1.  1.
84.75  1.  1.  1.
85.25  1.  1.  1.
85.75  1.  1.  1.
86.25  1.  1.  1.
86.75  1.  1.  1.
87.25  1.  1.  1.
87.75  1.  1.  1.
88.25  1.  1.  1.
88.75  1.  1.  1.
89.25  1.  1.  1.
89.75  1.  1.  1.
90.25  1.  1.  1.
90.75  1.  1.  1.
91.25  1.  1.  1.
91.75  1.  1.  1.
92.25  1.  1.  1.
92.75  1.  1.  1.
93.25  1.  1.  1.
93.75  1.  1.  1.
94.25  1.  1.  1.
94.75  1.  1.  1.
95.25  1.  1.  1.
95.75  1.  1.  1.
96.25  1.  1.  1.
96.75  1.  1.  1.
97.25  1.  1.  1.
97.75  1.  1.  1.
98.25  1.  1.  1.
98.75  1.  1.  1.
99.25  1.  1.  1.
99.75  1.  1.  1.
100.25  1.  1.  1.
100.75  1.  1.  1.
101.25  1.  1.  1.
101.75  1.  1.  1.
102.25  1.  1.  1.
102.75  1.  1.  1.
103.25  1.  1.  1.
103.75  1.  1.  1.
104.25  1.  1.  1.
104.75  1.  1.  1.
105.25  1.  1.  1.
105.75  1.  1.  1.
106.25  1.  1.  1.
106.75  1.  1.  1.
107.25  1.  1.  1.
107.75  1.  1.  1.
108.25  1.  1.  1.
108.75  1.  1.  1.
109.25  1.  1.  1.
109.75  1.  1.  1.
110.25  1.  1.  1.
110.75  1.  1.  1.
111.25  1.  1.  1.
111.75  1.  1.  1.
112.25  1.  1.  1.
112.75  1.  1.  1.
113.25  1.  1.  1.
113.75  1.  1.  1.
114.25  1.  1.  1.
114.75  1.  1.  1.
115.25  1.  1.  1.
115.75  1.  1.  1.
116.25  1.  1.  1.
116.75  1.  1.  1.
117.25  1.  1.  1.
117.75  1.  1.  1.
118.25  1.  1.  1.
118.75  1.  1.  1.
119.25  1.  1.  1.
119.75  1.  1.  1.
120.25  1.  1.  1.
120.75  1.  1.  1.
121.25  1.  1.  1.
121.75  1.  1.  1.
122.25  1.  1.  1.
122.75  1.  1.  1.
123.25  1.  1.  1.
123.75  1.  1.  1.
124.25  1.  1.  1.
124.75  1.  1.  1.
125.25  1.  1.  1.
125.75  1.  1.  1.
126.25  1.  1.  1.
126.75  1.  1.  1.
127.25  1.  1.  1.
127.75  1.  1.  1.
128.25  1.  1.  1.
128.75  1.  1.  1.
129.25  1.  1.  1.
129.75  1.  1.  1.
130.25  1.  1.  1.
130.75  1.  1.  1.
131.25  1.  1.  1.
131.75  1.  1.  1.
132.25  1.  1.  1.
132.75  1.  1.  1.
133.25  1.  1.  1.
133.75  1.  1.  1.
134.25  1.  1.  1.
134.75  1.  1.  1.
135.25  1.  1.  1.
135.75  1.  1.  1.
136.25  1.  1.  1.
136.75  1.  1.  1.
137.25  1.  1.  1.
137.75  1.  1.  1.
138.25  1.  1.  1.
138.75  1.  1.  1.
139.25  1.  1.  1.
139.75  1.  1.  1.
140.25  1.  1.  1.
140.75  1.  1.  1.
141.25  1.  1.  1.
141.75  1.  1.  1.
142.25  1.  1.  1.
142.75  1.  1.  1.
143.25  1.  1.  1.
143.75  1.  1.  1.
144.25  1.  1.  1.
144.75  1.  1.  1.
145.25  1.  1.  1.
145.75  1.  1.  1.
146.25  1.  1.  1.
146.75  1.  1.  1.
147.25  1.  1.  1.
147.75  1.  1.  1.
148.25  1.  1.  1.
148.75  1.  1.  1.
149.25  1.  1.  1.
149.75  1.  1.  1.
150.25  1.  1.  1.
150.75  1.  1.  1.
151.25  1.  1.  1.
151.75  1.  1.  1.
152.25  1.  1.  1.
152.75  1.  1.  1.
153.25  1.  1.  1.
153.75  1.  1.  1.
154.25  1.  1.  1.
154.75  1.  1.  1.
155.25  1.  1.  1.
155.75  1.  1.  1.
156.25  1.  1.  1.
156.75  1.  1.  1.
157.25  1.  1.  1.
157.75  1.  1.  1.
158.25  1.  1.  1.
158.75  1.  1.  1.
159.25  1.  1.  1.
159.75  1.  1.  1.
160.25  1.  1.  1.
160.75  1.  1.  1.
161.25  1.  1.  1.
161.75  1.  1.  1.
162.25  1.  1.  1.
162.75  1.  1.  1.
163.25  1.  1.  1.
163.75  1.  1.  1.
164.25  1.  1.  1.
164.75  1.  1.  1.
165.25  1.  1.  1.
165.75  1.  1.  1.
166.25  1.  1.  1.
166.75  1.  1.  1.
167.25  1.  1.  1.
167.75  1.  1.  1.
168.25  1.  1.  1.
168.75  1.  1.  1.
169.25  1.  1.  1.
169.75  1.  1.  1.
170.25  1.  1.  1.
170.75  1.  1.  1.
171.25  1.  1.  1.
171.75  1.  1.  1.
172.25  1.  1.  1.
172.75  1.  1.  1.
173.25  1.  1.  1.
173.75  1.  1.  1.
174.25  1.  1.  1.
174.75  1.  1.  1.
175.25  1.  1.  1.
175.75  1.  1.  1.
176.25  1.  1.  1.
176.75  1.  1.  1.
177.25  1.  1.  1.
177.75  1.  1.  1.
178.25  1.  1.  1.
178.75  1.  1.  1.
179.25  1.  1.  1.
179.75  1.  1.  1.
180.25  1.  1.  1.
180.75  1.  1.  1.
181.25  1.  1.  1.
181.75  1.  1.  1.
182.25  1.  1.  1.
182.75  1.  1.  1.
183.25  1.  1.  1.
183.75  1.  1.  1.
184.25  1.  1.  1.
184.75  1.  1.  1.
185.25  1.  1.  1.
185.75  1.  1.  1.
186.25  1.  1.  1.
186.75  1.  1.  1.
187.25  1.  1.  1.
187.75  1.  1.  1.
188.25  1.  1.  1.
188.75  1.  1.  1.
189.25  1.  1.  1.
189.75  1.  1.  1.
190.25  1.  1.  1.
190.75  1.  1.  1.
191.25  1.  1.  1.
191.75  1.  1.  1.
192.25  1.  1.  1.
192.75  1.  1.  1.
193.25  1.  1.  1.
193.75  1.  1.  1.
194.25  1.  1.  1.
194.75  1.  1.  1.
195.25  1.  1.  1.
195.75  1.  1.  1.
196.25  1.  1.  1.
196.75  1.  1.  1.
197.25  1.  1.  1.
197.75  1.  1.  1.
198.25  1.  1.  1.
198.75  1.  1.  1.
199.25  1.  1.  1.
199.75  1.  1.  1.
