# pt   RAA_central    RAA_lower    RAA_upper  
400  0.5
0.25  0.683478  0.495465  0.870642
0.75  0.701469  0.510862  0.89787
1.25  0.721454  0.533832  0.917693
1.75  0.744294  0.564301  0.929067
2.25  0.777704  0.60298  0.957779
2.75  0.818055  0.648425  0.986417
3.25  0.848857  0.690068  1.01663
3.75  0.876884  0.724805  1.0331
4.25  0.902158  0.752721  1.03588
4.75  0.91741  0.77296  1.03494
5.25  0.92268  0.785564  1.03027
5.75  0.930262  0.805084  1.03422
6.25  0.94015  0.831483  1.0468
6.75  0.95003  0.857819  1.05936
7.25  0.958835  0.873817  1.06464
7.75  0.966568  0.879523  1.06267
8.25  0.974295  0.885226  1.06069
8.75  0.982019  0.890925  1.05871
9.25  0.985641  0.896103  1.05795
9.75  0.985165  0.90076  1.0584
10.25  0.984689  0.905416  1.05886
10.75  0.984214  0.91007  1.05932
11.25  0.987357  0.916482  1.0616
11.75  0.994116  0.924652  1.06571
12.25  1.00087  0.932815  1.06982
12.75  1.00762  0.940972  1.07392
13.25  1.01437  0.949125  1.07803
13.75  1.02112  0.95727  1.08213
14.25  1.02786  0.965411  1.08624
14.75  1.03459  0.973545  1.09034
15.25  1.04133  0.981674  1.09444
15.75  1.04806  0.989798  1.09854
16.25  1.052  0.994068  1.1016
16.75  1.05317  0.994489  1.10363
17.25  1.05433  0.994911  1.10566
17.75  1.05549  0.995332  1.10769
18.25  1.05665  0.995753  1.10972
18.75  1.05782  0.996174  1.11175
19.25  1.05898  0.996596  1.11378
19.75  1.06014  0.997016  1.11581
20.25  1.06131  0.997438  1.11784
20.75  1.06247  0.997859  1.11987
21.25  1.06363  0.99828  1.1219
21.75  1.06479  0.998701  1.12393
22.25  1.06596  0.999123  1.12595
22.75  1.06712  0.999543  1.12798
23.25  1.06828  0.999965  1.13001
23.75  1.06944  1.00039  1.13204
24.25  1.0706  1.00081  1.13406
24.75  1.07177  1.00123  1.13609
25.25  1.07293  1.00165  1.13811
25.75  1.07409  1.00207  1.14014
26.25  1.07525  1.00249  1.14216
26.75  1.07641  1.00291  1.14419
27.25  1.07757  1.00333  1.14622
27.75  1.07873  1.00375  1.14824
28.25  1.07989  1.00418  1.15026
28.75  1.08106  1.0046  1.15229
29.25  1.08222  1.00502  1.15431
29.75  1.08338  1.00544  1.15634
30.25  1.08454  1.00586  1.15836
30.75  1.0857  1.00628  1.16038
31.25  1.08686  1.0067  1.16241
31.75  1.08802  1.00712  1.16443
32.25  1.08918  1.00754  1.16645
32.75  1.09034  1.00796  1.16847
33.25  1.0915  1.00838  1.17049
33.75  1.09266  1.0088  1.17251
34.25  1.09382  1.00923  1.17454
34.75  1.09498  1.00965  1.17656
35.25  1.09556  1.00986  1.17757
35.75  1.09556  1.00986  1.17757
36.25  1.09556  1.00986  1.17757
36.75  1.09556  1.00986  1.17757
37.25  1.09556  1.00986  1.17757
37.75  1.09556  1.00986  1.17757
38.25  1.09556  1.00986  1.17757
38.75  1.09556  1.00986  1.17757
39.25  1.09556  1.00986  1.17757
39.75  1.09556  1.00986  1.17757
40.25  1.09556  1.00986  1.17757
40.75  1.09556  1.00986  1.17757
41.25  1.09556  1.00986  1.17757
41.75  1.09556  1.00986  1.17757
42.25  1.09556  1.00986  1.17757
42.75  1.09556  1.00986  1.17757
43.25  1.09556  1.00986  1.17757
43.75  1.09556  1.00986  1.17757
44.25  1.09556  1.00986  1.17757
44.75  1.09556  1.00986  1.17757
45.25  1.09556  1.00986  1.17757
45.75  1.09556  1.00986  1.17757
46.25  1.09556  1.00986  1.17757
46.75  1.09556  1.00986  1.17757
47.25  1.09556  1.00986  1.17757
47.75  1.09556  1.00986  1.17757
48.25  1.09556  1.00986  1.17757
48.75  1.09556  1.00986  1.17757
49.25  1.09556  1.00986  1.17757
49.75  1.09556  1.00986  1.17757
50.25  1.  1.  1.
50.75  1.  1.  1.
51.25  1.  1.  1.
51.75  1.  1.  1.
52.25  1.  1.  1.
52.75  1.  1.  1.
53.25  1.  1.  1.
53.75  1.  1.  1.
54.25  1.  1.  1.
54.75  1.  1.  1.
55.25  1.  1.  1.
55.75  1.  1.  1.
56.25  1.  1.  1.
56.75  1.  1.  1.
57.25  1.  1.  1.
57.75  1.  1.  1.
58.25  1.  1.  1.
58.75  1.  1.  1.
59.25  1.  1.  1.
59.75  1.  1.  1.
60.25  1.  1.  1.
60.75  1.  1.  1.
61.25  1.  1.  1.
61.75  1.  1.  1.
62.25  1.  1.  1.
62.75  1.  1.  1.
63.25  1.  1.  1.
63.75  1.  1.  1.
64.25  1.  1.  1.
64.75  1.  1.  1.
65.25  1.  1.  1.
65.75  1.  1.  1.
66.25  1.  1.  1.
66.75  1.  1.  1.
67.25  1.  1.  1.
67.75  1.  1.  1.
68.25  1.  1.  1.
68.75  1.  1.  1.
69.25  1.  1.  1.
69.75  1.  1.  1.
70.25  1.  1.  1.
70.75  1.  1.  1.
71.25  1.  1.  1.
71.75  1.  1.  1.
72.25  1.  1.  1.
72.75  1.  1.  1.
73.25  1.  1.  1.
73.75  1.  1.  1.
74.25  1.  1.  1.
74.75  1.  1.  1.
75.25  1.  1.  1.
75.75  1.  1.  1.
76.25  1.  1.  1.
76.75  1.  1.  1.
77.25  1.  1.  1.
77.75  1.  1.  1.
78.25  1.  1.  1.
78.75  1.  1.  1.
79.25  1.  1.  1.
79.75  1.  1.  1.
80.25  1.  1.  1.
80.75  1.  1.  1.
81.25  1.  1.  1.
81.75  1.  1.  1.
82.25  1.  1.  1.
82.75  1.  1.  1.
83.25  1.  1.  1.
83.75  1.  1.  1.
84.25  1.  1.  1.
84.75  1.  1.  1.
85.25  1.  1.  1.
85.75  1.  1.  1.
86.25  1.  1.  1.
86.75  1.  1.  1.
87.25  1.  1.  1.
87.75  1.  1.  1.
88.25  1.  1.  1.
88.75  1.  1.  1.
89.25  1.  1.  1.
89.75  1.  1.  1.
90.25  1.  1.  1.
90.75  1.  1.  1.
91.25  1.  1.  1.
91.75  1.  1.  1.
92.25  1.  1.  1.
92.75  1.  1.  1.
93.25  1.  1.  1.
93.75  1.  1.  1.
94.25  1.  1.  1.
94.75  1.  1.  1.
95.25  1.  1.  1.
95.75  1.  1.  1.
96.25  1.  1.  1.
96.75  1.  1.  1.
97.25  1.  1.  1.
97.75  1.  1.  1.
98.25  1.  1.  1.
98.75  1.  1.  1.
99.25  1.  1.  1.
99.75  1.  1.  1.
100.25  1.  1.  1.
100.75  1.  1.  1.
101.25  1.  1.  1.
101.75  1.  1.  1.
102.25  1.  1.  1.
102.75  1.  1.  1.
103.25  1.  1.  1.
103.75  1.  1.  1.
104.25  1.  1.  1.
104.75  1.  1.  1.
105.25  1.  1.  1.
105.75  1.  1.  1.
106.25  1.  1.  1.
106.75  1.  1.  1.
107.25  1.  1.  1.
107.75  1.  1.  1.
108.25  1.  1.  1.
108.75  1.  1.  1.
109.25  1.  1.  1.
109.75  1.  1.  1.
110.25  1.  1.  1.
110.75  1.  1.  1.
111.25  1.  1.  1.
111.75  1.  1.  1.
112.25  1.  1.  1.
112.75  1.  1.  1.
113.25  1.  1.  1.
113.75  1.  1.  1.
114.25  1.  1.  1.
114.75  1.  1.  1.
115.25  1.  1.  1.
115.75  1.  1.  1.
116.25  1.  1.  1.
116.75  1.  1.  1.
117.25  1.  1.  1.
117.75  1.  1.  1.
118.25  1.  1.  1.
118.75  1.  1.  1.
119.25  1.  1.  1.
119.75  1.  1.  1.
120.25  1.  1.  1.
120.75  1.  1.  1.
121.25  1.  1.  1.
121.75  1.  1.  1.
122.25  1.  1.  1.
122.75  1.  1.  1.
123.25  1.  1.  1.
123.75  1.  1.  1.
124.25  1.  1.  1.
124.75  1.  1.  1.
125.25  1.  1.  1.
125.75  1.  1.  1.
126.25  1.  1.  1.
126.75  1.  1.  1.
127.25  1.  1.  1.
127.75  1.  1.  1.
128.25  1.  1.  1.
128.75  1.  1.  1.
129.25  1.  1.  1.
129.75  1.  1.  1.
130.25  1.  1.  1.
130.75  1.  1.  1.
131.25  1.  1.  1.
131.75  1.  1.  1.
132.25  1.  1.  1.
132.75  1.  1.  1.
133.25  1.  1.  1.
133.75  1.  1.  1.
134.25  1.  1.  1.
134.75  1.  1.  1.
135.25  1.  1.  1.
135.75  1.  1.  1.
136.25  1.  1.  1.
136.75  1.  1.  1.
137.25  1.  1.  1.
137.75  1.  1.  1.
138.25  1.  1.  1.
138.75  1.  1.  1.
139.25  1.  1.  1.
139.75  1.  1.  1.
140.25  1.  1.  1.
140.75  1.  1.  1.
141.25  1.  1.  1.
141.75  1.  1.  1.
142.25  1.  1.  1.
142.75  1.  1.  1.
143.25  1.  1.  1.
143.75  1.  1.  1.
144.25  1.  1.  1.
144.75  1.  1.  1.
145.25  1.  1.  1.
145.75  1.  1.  1.
146.25  1.  1.  1.
146.75  1.  1.  1.
147.25  1.  1.  1.
147.75  1.  1.  1.
148.25  1.  1.  1.
148.75  1.  1.  1.
149.25  1.  1.  1.
149.75  1.  1.  1.
150.25  1.  1.  1.
150.75  1.  1.  1.
151.25  1.  1.  1.
151.75  1.  1.  1.
152.25  1.  1.  1.
152.75  1.  1.  1.
153.25  1.  1.  1.
153.75  1.  1.  1.
154.25  1.  1.  1.
154.75  1.  1.  1.
155.25  1.  1.  1.
155.75  1.  1.  1.
156.25  1.  1.  1.
156.75  1.  1.  1.
157.25  1.  1.  1.
157.75  1.  1.  1.
158.25  1.  1.  1.
158.75  1.  1.  1.
159.25  1.  1.  1.
159.75  1.  1.  1.
160.25  1.  1.  1.
160.75  1.  1.  1.
161.25  1.  1.  1.
161.75  1.  1.  1.
162.25  1.  1.  1.
162.75  1.  1.  1.
163.25  1.  1.  1.
163.75  1.  1.  1.
164.25  1.  1.  1.
164.75  1.  1.  1.
165.25  1.  1.  1.
165.75  1.  1.  1.
166.25  1.  1.  1.
166.75  1.  1.  1.
167.25  1.  1.  1.
167.75  1.  1.  1.
168.25  1.  1.  1.
168.75  1.  1.  1.
169.25  1.  1.  1.
169.75  1.  1.  1.
170.25  1.  1.  1.
170.75  1.  1.  1.
171.25  1.  1.  1.
171.75  1.  1.  1.
172.25  1.  1.  1.
172.75  1.  1.  1.
173.25  1.  1.  1.
173.75  1.  1.  1.
174.25  1.  1.  1.
174.75  1.  1.  1.
175.25  1.  1.  1.
175.75  1.  1.  1.
176.25  1.  1.  1.
176.75  1.  1.  1.
177.25  1.  1.  1.
177.75  1.  1.  1.
178.25  1.  1.  1.
178.75  1.  1.  1.
179.25  1.  1.  1.
179.75  1.  1.  1.
180.25  1.  1.  1.
180.75  1.  1.  1.
181.25  1.  1.  1.
181.75  1.  1.  1.
182.25  1.  1.  1.
182.75  1.  1.  1.
183.25  1.  1.  1.
183.75  1.  1.  1.
184.25  1.  1.  1.
184.75  1.  1.  1.
185.25  1.  1.  1.
185.75  1.  1.  1.
186.25  1.  1.  1.
186.75  1.  1.  1.
187.25  1.  1.  1.
187.75  1.  1.  1.
188.25  1.  1.  1.
188.75  1.  1.  1.
189.25  1.  1.  1.
189.75  1.  1.  1.
190.25  1.  1.  1.
190.75  1.  1.  1.
191.25  1.  1.  1.
191.75  1.  1.  1.
192.25  1.  1.  1.
192.75  1.  1.  1.
193.25  1.  1.  1.
193.75  1.  1.  1.
194.25  1.  1.  1.
194.75  1.  1.  1.
195.25  1.  1.  1.
195.75  1.  1.  1.
196.25  1.  1.  1.
196.75  1.  1.  1.
197.25  1.  1.  1.
197.75  1.  1.  1.
198.25  1.  1.  1.
198.75  1.  1.  1.
199.25  1.  1.  1.
199.75  1.  1.  1.
