# pt   RAA_central    RAA_lower    RAA_upper  
400  0.5
0.25  0.652723  0.456437  0.855924
0.75  0.671967  0.472208  0.88601
1.25  0.693423  0.495767  0.907996
1.75  0.718045  0.527232  0.920642
2.25  0.754233  0.567555  0.952664
2.75  0.798195  0.615441  0.98474
3.25  0.831948  0.659764  1.01872
3.75  0.86281  0.69703  1.03731
4.25  0.89076  0.727156  1.04045
4.75  0.907681  0.749084  1.03939
5.25  0.913538  0.762775  1.03411
5.75  0.921971  0.784032  1.03858
6.25  0.932986  0.812888  1.0528
6.75  0.944007  0.841801  1.06702
7.25  0.953844  0.859426  1.07302
7.75  0.962494  0.865722  1.07077
8.25  0.971147  0.872022  1.06853
8.75  0.979805  0.878323  1.06629
9.25  0.983869  0.884053  1.06542
9.75  0.983334  0.889211  1.06594
10.25  0.982801  0.894371  1.06646
10.75  0.982267  0.899533  1.06698
11.25  0.985795  0.906651  1.06957
11.75  0.993386  0.915731  1.07423
12.25  1.00098  0.924814  1.07889
12.75  1.00858  0.933903  1.08355
13.25  1.01618  0.942997  1.08821
13.75  1.02378  0.952095  1.09288
14.25  1.03139  0.961199  1.09754
14.75  1.039  0.970306  1.10221
15.25  1.04661  0.979418  1.10688
15.75  1.05422  0.988536  1.11155
16.25  1.05869  0.993332  1.11504
16.75  1.06001  0.993805  1.11735
17.25  1.06132  0.994279  1.11967
17.75  1.06264  0.994752  1.12198
18.25  1.06396  0.995225  1.1243
18.75  1.06528  0.995699  1.12661
19.25  1.0666  0.996173  1.12893
19.75  1.06791  0.996645  1.13125
20.25  1.06923  0.997119  1.13356
20.75  1.07055  0.997593  1.13588
21.25  1.07187  0.998066  1.13819
21.75  1.07319  0.99854  1.14051
22.25  1.07451  0.999014  1.14283
22.75  1.07582  0.999486  1.14515
23.25  1.07714  0.99996  1.14746
23.75  1.07846  1.00043  1.14978
24.25  1.07978  1.00091  1.1521
24.75  1.0811  1.00138  1.15442
25.25  1.08242  1.00185  1.15674
25.75  1.08374  1.00233  1.15906
26.25  1.08506  1.0028  1.16137
26.75  1.08638  1.00328  1.16369
27.25  1.0877  1.00375  1.16601
27.75  1.08901  1.00422  1.16833
28.25  1.09033  1.0047  1.17065
28.75  1.09165  1.00517  1.17297
29.25  1.09297  1.00564  1.17529
29.75  1.09429  1.00612  1.17761
30.25  1.09561  1.00659  1.17993
30.75  1.09693  1.00706  1.18225
31.25  1.09825  1.00754  1.18457
31.75  1.09957  1.00801  1.1869
32.25  1.10089  1.00849  1.18922
32.75  1.10221  1.00896  1.19154
33.25  1.10353  1.00943  1.19386
33.75  1.10485  1.00991  1.19618
34.25  1.10617  1.01038  1.1985
34.75  1.10749  1.01085  1.20083
35.25  1.10815  1.01109  1.20199
35.75  1.10815  1.01109  1.20199
36.25  1.10815  1.01109  1.20199
36.75  1.10815  1.01109  1.20199
37.25  1.10815  1.01109  1.20199
37.75  1.10815  1.01109  1.20199
38.25  1.10815  1.01109  1.20199
38.75  1.10815  1.01109  1.20199
39.25  1.10815  1.01109  1.20199
39.75  1.10815  1.01109  1.20199
40.25  1.10815  1.01109  1.20199
40.75  1.10815  1.01109  1.20199
41.25  1.10815  1.01109  1.20199
41.75  1.10815  1.01109  1.20199
42.25  1.10815  1.01109  1.20199
42.75  1.10815  1.01109  1.20199
43.25  1.10815  1.01109  1.20199
43.75  1.10815  1.01109  1.20199
44.25  1.10815  1.01109  1.20199
44.75  1.10815  1.01109  1.20199
45.25  1.10815  1.01109  1.20199
45.75  1.10815  1.01109  1.20199
46.25  1.10815  1.01109  1.20199
46.75  1.10815  1.01109  1.20199
47.25  1.10815  1.01109  1.20199
47.75  1.10815  1.01109  1.20199
48.25  1.10815  1.01109  1.20199
48.75  1.10815  1.01109  1.20199
49.25  1.10815  1.01109  1.20199
49.75  1.10815  1.01109  1.20199
50.25  1.  1.  1.
50.75  1.  1.  1.
51.25  1.  1.  1.
51.75  1.  1.  1.
52.25  1.  1.  1.
52.75  1.  1.  1.
53.25  1.  1.  1.
53.75  1.  1.  1.
54.25  1.  1.  1.
54.75  1.  1.  1.
55.25  1.  1.  1.
55.75  1.  1.  1.
56.25  1.  1.  1.
56.75  1.  1.  1.
57.25  1.  1.  1.
57.75  1.  1.  1.
58.25  1.  1.  1.
58.75  1.  1.  1.
59.25  1.  1.  1.
59.75  1.  1.  1.
60.25  1.  1.  1.
60.75  1.  1.  1.
61.25  1.  1.  1.
61.75  1.  1.  1.
62.25  1.  1.  1.
62.75  1.  1.  1.
63.25  1.  1.  1.
63.75  1.  1.  1.
64.25  1.  1.  1.
64.75  1.  1.  1.
65.25  1.  1.  1.
65.75  1.  1.  1.
66.25  1.  1.  1.
66.75  1.  1.  1.
67.25  1.  1.  1.
67.75  1.  1.  1.
68.25  1.  1.  1.
68.75  1.  1.  1.
69.25  1.  1.  1.
69.75  1.  1.  1.
70.25  1.  1.  1.
70.75  1.  1.  1.
71.25  1.  1.  1.
71.75  1.  1.  1.
72.25  1.  1.  1.
72.75  1.  1.  1.
73.25  1.  1.  1.
73.75  1.  1.  1.
74.25  1.  1.  1.
74.75  1.  1.  1.
75.25  1.  1.  1.
75.75  1.  1.  1.
76.25  1.  1.  1.
76.75  1.  1.  1.
77.25  1.  1.  1.
77.75  1.  1.  1.
78.25  1.  1.  1.
78.75  1.  1.  1.
79.25  1.  1.  1.
79.75  1.  1.  1.
80.25  1.  1.  1.
80.75  1.  1.  1.
81.25  1.  1.  1.
81.75  1.  1.  1.
82.25  1.  1.  1.
82.75  1.  1.  1.
83.25  1.  1.  1.
83.75  1.  1.  1.
84.25  1.  1.  1.
84.75  1.  1.  1.
85.25  1.  1.  1.
85.75  1.  1.  1.
86.25  1.  1.  1.
86.75  1.  1.  1.
87.25  1.  1.  1.
87.75  1.  1.  1.
88.25  1.  1.  1.
88.75  1.  1.  1.
89.25  1.  1.  1.
89.75  1.  1.  1.
90.25  1.  1.  1.
90.75  1.  1.  1.
91.25  1.  1.  1.
91.75  1.  1.  1.
92.25  1.  1.  1.
92.75  1.  1.  1.
93.25  1.  1.  1.
93.75  1.  1.  1.
94.25  1.  1.  1.
94.75  1.  1.  1.
95.25  1.  1.  1.
95.75  1.  1.  1.
96.25  1.  1.  1.
96.75  1.  1.  1.
97.25  1.  1.  1.
97.75  1.  1.  1.
98.25  1.  1.  1.
98.75  1.  1.  1.
99.25  1.  1.  1.
99.75  1.  1.  1.
100.25  1.  1.  1.
100.75  1.  1.  1.
101.25  1.  1.  1.
101.75  1.  1.  1.
102.25  1.  1.  1.
102.75  1.  1.  1.
103.25  1.  1.  1.
103.75  1.  1.  1.
104.25  1.  1.  1.
104.75  1.  1.  1.
105.25  1.  1.  1.
105.75  1.  1.  1.
106.25  1.  1.  1.
106.75  1.  1.  1.
107.25  1.  1.  1.
107.75  1.  1.  1.
108.25  1.  1.  1.
108.75  1.  1.  1.
109.25  1.  1.  1.
109.75  1.  1.  1.
110.25  1.  1.  1.
110.75  1.  1.  1.
111.25  1.  1.  1.
111.75  1.  1.  1.
112.25  1.  1.  1.
112.75  1.  1.  1.
113.25  1.  1.  1.
113.75  1.  1.  1.
114.25  1.  1.  1.
114.75  1.  1.  1.
115.25  1.  1.  1.
115.75  1.  1.  1.
116.25  1.  1.  1.
116.75  1.  1.  1.
117.25  1.  1.  1.
117.75  1.  1.  1.
118.25  1.  1.  1.
118.75  1.  1.  1.
119.25  1.  1.  1.
119.75  1.  1.  1.
120.25  1.  1.  1.
120.75  1.  1.  1.
121.25  1.  1.  1.
121.75  1.  1.  1.
122.25  1.  1.  1.
122.75  1.  1.  1.
123.25  1.  1.  1.
123.75  1.  1.  1.
124.25  1.  1.  1.
124.75  1.  1.  1.
125.25  1.  1.  1.
125.75  1.  1.  1.
126.25  1.  1.  1.
126.75  1.  1.  1.
127.25  1.  1.  1.
127.75  1.  1.  1.
128.25  1.  1.  1.
128.75  1.  1.  1.
129.25  1.  1.  1.
129.75  1.  1.  1.
130.25  1.  1.  1.
130.75  1.  1.  1.
131.25  1.  1.  1.
131.75  1.  1.  1.
132.25  1.  1.  1.
132.75  1.  1.  1.
133.25  1.  1.  1.
133.75  1.  1.  1.
134.25  1.  1.  1.
134.75  1.  1.  1.
135.25  1.  1.  1.
135.75  1.  1.  1.
136.25  1.  1.  1.
136.75  1.  1.  1.
137.25  1.  1.  1.
137.75  1.  1.  1.
138.25  1.  1.  1.
138.75  1.  1.  1.
139.25  1.  1.  1.
139.75  1.  1.  1.
140.25  1.  1.  1.
140.75  1.  1.  1.
141.25  1.  1.  1.
141.75  1.  1.  1.
142.25  1.  1.  1.
142.75  1.  1.  1.
143.25  1.  1.  1.
143.75  1.  1.  1.
144.25  1.  1.  1.
144.75  1.  1.  1.
145.25  1.  1.  1.
145.75  1.  1.  1.
146.25  1.  1.  1.
146.75  1.  1.  1.
147.25  1.  1.  1.
147.75  1.  1.  1.
148.25  1.  1.  1.
148.75  1.  1.  1.
149.25  1.  1.  1.
149.75  1.  1.  1.
150.25  1.  1.  1.
150.75  1.  1.  1.
151.25  1.  1.  1.
151.75  1.  1.  1.
152.25  1.  1.  1.
152.75  1.  1.  1.
153.25  1.  1.  1.
153.75  1.  1.  1.
154.25  1.  1.  1.
154.75  1.  1.  1.
155.25  1.  1.  1.
155.75  1.  1.  1.
156.25  1.  1.  1.
156.75  1.  1.  1.
157.25  1.  1.  1.
157.75  1.  1.  1.
158.25  1.  1.  1.
158.75  1.  1.  1.
159.25  1.  1.  1.
159.75  1.  1.  1.
160.25  1.  1.  1.
160.75  1.  1.  1.
161.25  1.  1.  1.
161.75  1.  1.  1.
162.25  1.  1.  1.
162.75  1.  1.  1.
163.25  1.  1.  1.
163.75  1.  1.  1.
164.25  1.  1.  1.
164.75  1.  1.  1.
165.25  1.  1.  1.
165.75  1.  1.  1.
166.25  1.  1.  1.
166.75  1.  1.  1.
167.25  1.  1.  1.
167.75  1.  1.  1.
168.25  1.  1.  1.
168.75  1.  1.  1.
169.25  1.  1.  1.
169.75  1.  1.  1.
170.25  1.  1.  1.
170.75  1.  1.  1.
171.25  1.  1.  1.
171.75  1.  1.  1.
172.25  1.  1.  1.
172.75  1.  1.  1.
173.25  1.  1.  1.
173.75  1.  1.  1.
174.25  1.  1.  1.
174.75  1.  1.  1.
175.25  1.  1.  1.
175.75  1.  1.  1.
176.25  1.  1.  1.
176.75  1.  1.  1.
177.25  1.  1.  1.
177.75  1.  1.  1.
178.25  1.  1.  1.
178.75  1.  1.  1.
179.25  1.  1.  1.
179.75  1.  1.  1.
180.25  1.  1.  1.
180.75  1.  1.  1.
181.25  1.  1.  1.
181.75  1.  1.  1.
182.25  1.  1.  1.
182.75  1.  1.  1.
183.25  1.  1.  1.
183.75  1.  1.  1.
184.25  1.  1.  1.
184.75  1.  1.  1.
185.25  1.  1.  1.
185.75  1.  1.  1.
186.25  1.  1.  1.
186.75  1.  1.  1.
187.25  1.  1.  1.
187.75  1.  1.  1.
188.25  1.  1.  1.
188.75  1.  1.  1.
189.25  1.  1.  1.
189.75  1.  1.  1.
190.25  1.  1.  1.
190.75  1.  1.  1.
191.25  1.  1.  1.
191.75  1.  1.  1.
192.25  1.  1.  1.
192.75  1.  1.  1.
193.25  1.  1.  1.
193.75  1.  1.  1.
194.25  1.  1.  1.
194.75  1.  1.  1.
195.25  1.  1.  1.
195.75  1.  1.  1.
196.25  1.  1.  1.
196.75  1.  1.  1.
197.25  1.  1.  1.
197.75  1.  1.  1.
198.25  1.  1.  1.
198.75  1.  1.  1.
199.25  1.  1.  1.
199.75  1.  1.  1.
