# pt   RAA_central    RAA_lower    RAA_upper  
400  0.5
0.25  0.685193  0.501402  0.882744
0.75  0.712891  0.518039  0.905181
1.25  0.742615  0.556041  0.932459
1.75  0.76909  0.587541  0.948268
2.25  0.812331  0.645354  0.988531
2.75  0.859549  0.682291  1.00435
3.25  0.895593  0.746592  1.02859
3.75  0.923657  0.794005  1.04796
4.25  0.943862  0.825005  1.06249
4.75  0.957962  0.850008  1.07143
5.25  0.966001  0.869091  1.07478
5.75  0.975885  0.886524  1.08019
6.25  0.987605  0.902321  1.08765
6.75  0.999301  0.918073  1.0951
7.25  1.01065  0.934257  1.09868
7.75  1.02166  0.950867  1.0984
8.25  1.03265  0.967429  1.09812
8.75  1.04362  0.983944  1.09784
9.25  1.05039  0.996621  1.1019
9.75  1.05298  1.00548  1.11028
10.25  1.05557  1.01433  1.11865
10.75  1.05816  1.02317  1.12701
11.25  1.06093  1.02798  1.13156
11.75  1.06389  1.02876  1.1323
12.25  1.06685  1.02954  1.13305
12.75  1.06981  1.03033  1.1338
13.25  1.07277  1.03111  1.13455
13.75  1.07572  1.03189  1.13529
14.25  1.07868  1.03267  1.13604
14.75  1.08163  1.03346  1.13679
15.25  1.08458  1.03424  1.13753
15.75  1.08753  1.03502  1.13828
16.25  1.08942  1.03596  1.13936
16.75  1.09024  1.03705  1.14078
17.25  1.09107  1.03814  1.1422
17.75  1.09189  1.03924  1.14362
18.25  1.09271  1.04033  1.14504
18.75  1.09354  1.04142  1.14646
19.25  1.09436  1.04252  1.14788
19.75  1.09518  1.04361  1.1493
20.25  1.096  1.0447  1.15072
20.75  1.09683  1.04579  1.15214
21.25  1.09765  1.04688  1.15355
21.75  1.09847  1.04797  1.15497
22.25  1.09929  1.04907  1.15639
22.75  1.10012  1.05016  1.15781
23.25  1.10094  1.05125  1.15922
23.75  1.10176  1.05234  1.16064
24.25  1.10258  1.05343  1.16206
24.75  1.10341  1.05452  1.16347
25.25  1.10423  1.05561  1.16489
25.75  1.10505  1.0567  1.1663
26.25  1.10587  1.05779  1.16772
26.75  1.10669  1.05888  1.16914
27.25  1.10751  1.05997  1.17055
27.75  1.10834  1.06106  1.17196
28.25  1.10916  1.06215  1.17338
28.75  1.10998  1.06323  1.17479
29.25  1.1108  1.06432  1.17621
29.75  1.11162  1.06541  1.17762
30.25  1.11244  1.0665  1.17903
30.75  1.11326  1.06759  1.18045
31.25  1.11408  1.06868  1.18186
31.75  1.1149  1.06976  1.18327
32.25  1.11572  1.07085  1.18468
32.75  1.11654  1.07194  1.1861
33.25  1.11736  1.07303  1.18751
33.75  1.11818  1.07411  1.18892
34.25  1.119  1.0752  1.19033
34.75  1.11982  1.07629  1.19174
35.25  1.12023  1.07683  1.19245
35.75  1.12023  1.07683  1.19245
36.25  1.12023  1.07683  1.19245
36.75  1.12023  1.07683  1.19245
37.25  1.12023  1.07683  1.19245
37.75  1.12023  1.07683  1.19245
38.25  1.12023  1.07683  1.19245
38.75  1.12023  1.07683  1.19245
39.25  1.12023  1.07683  1.19245
39.75  1.12023  1.07683  1.19245
40.25  1.12023  1.07683  1.19245
40.75  1.12023  1.07683  1.19245
41.25  1.12023  1.07683  1.19245
41.75  1.12023  1.07683  1.19245
42.25  1.12023  1.07683  1.19245
42.75  1.12023  1.07683  1.19245
43.25  1.12023  1.07683  1.19245
43.75  1.12023  1.07683  1.19245
44.25  1.12023  1.07683  1.19245
44.75  1.12023  1.07683  1.19245
45.25  1.12023  1.07683  1.19245
45.75  1.12023  1.07683  1.19245
46.25  1.12023  1.07683  1.19245
46.75  1.12023  1.07683  1.19245
47.25  1.12023  1.07683  1.19245
47.75  1.12023  1.07683  1.19245
48.25  1.12023  1.07683  1.19245
48.75  1.12023  1.07683  1.19245
49.25  1.12023  1.07683  1.19245
49.75  1.12023  1.07683  1.19245
50.25  1.  1.  1.
50.75  1.  1.  1.
51.25  1.  1.  1.
51.75  1.  1.  1.
52.25  1.  1.  1.
52.75  1.  1.  1.
53.25  1.  1.  1.
53.75  1.  1.  1.
54.25  1.  1.  1.
54.75  1.  1.  1.
55.25  1.  1.  1.
55.75  1.  1.  1.
56.25  1.  1.  1.
56.75  1.  1.  1.
57.25  1.  1.  1.
57.75  1.  1.  1.
58.25  1.  1.  1.
58.75  1.  1.  1.
59.25  1.  1.  1.
59.75  1.  1.  1.
60.25  1.  1.  1.
60.75  1.  1.  1.
61.25  1.  1.  1.
61.75  1.  1.  1.
62.25  1.  1.  1.
62.75  1.  1.  1.
63.25  1.  1.  1.
63.75  1.  1.  1.
64.25  1.  1.  1.
64.75  1.  1.  1.
65.25  1.  1.  1.
65.75  1.  1.  1.
66.25  1.  1.  1.
66.75  1.  1.  1.
67.25  1.  1.  1.
67.75  1.  1.  1.
68.25  1.  1.  1.
68.75  1.  1.  1.
69.25  1.  1.  1.
69.75  1.  1.  1.
70.25  1.  1.  1.
70.75  1.  1.  1.
71.25  1.  1.  1.
71.75  1.  1.  1.
72.25  1.  1.  1.
72.75  1.  1.  1.
73.25  1.  1.  1.
73.75  1.  1.  1.
74.25  1.  1.  1.
74.75  1.  1.  1.
75.25  1.  1.  1.
75.75  1.  1.  1.
76.25  1.  1.  1.
76.75  1.  1.  1.
77.25  1.  1.  1.
77.75  1.  1.  1.
78.25  1.  1.  1.
78.75  1.  1.  1.
79.25  1.  1.  1.
79.75  1.  1.  1.
80.25  1.  1.  1.
80.75  1.  1.  1.
81.25  1.  1.  1.
81.75  1.  1.  1.
82.25  1.  1.  1.
82.75  1.  1.  1.
83.25  1.  1.  1.
83.75  1.  1.  1.
84.25  1.  1.  1.
84.75  1.  1.  1.
85.25  1.  1.  1.
85.75  1.  1.  1.
86.25  1.  1.  1.
86.75  1.  1.  1.
87.25  1.  1.  1.
87.75  1.  1.  1.
88.25  1.  1.  1.
88.75  1.  1.  1.
89.25  1.  1.  1.
89.75  1.  1.  1.
90.25  1.  1.  1.
90.75  1.  1.  1.
91.25  1.  1.  1.
91.75  1.  1.  1.
92.25  1.  1.  1.
92.75  1.  1.  1.
93.25  1.  1.  1.
93.75  1.  1.  1.
94.25  1.  1.  1.
94.75  1.  1.  1.
95.25  1.  1.  1.
95.75  1.  1.  1.
96.25  1.  1.  1.
96.75  1.  1.  1.
97.25  1.  1.  1.
97.75  1.  1.  1.
98.25  1.  1.  1.
98.75  1.  1.  1.
99.25  1.  1.  1.
99.75  1.  1.  1.
100.25  1.  1.  1.
100.75  1.  1.  1.
101.25  1.  1.  1.
101.75  1.  1.  1.
102.25  1.  1.  1.
102.75  1.  1.  1.
103.25  1.  1.  1.
103.75  1.  1.  1.
104.25  1.  1.  1.
104.75  1.  1.  1.
105.25  1.  1.  1.
105.75  1.  1.  1.
106.25  1.  1.  1.
106.75  1.  1.  1.
107.25  1.  1.  1.
107.75  1.  1.  1.
108.25  1.  1.  1.
108.75  1.  1.  1.
109.25  1.  1.  1.
109.75  1.  1.  1.
110.25  1.  1.  1.
110.75  1.  1.  1.
111.25  1.  1.  1.
111.75  1.  1.  1.
112.25  1.  1.  1.
112.75  1.  1.  1.
113.25  1.  1.  1.
113.75  1.  1.  1.
114.25  1.  1.  1.
114.75  1.  1.  1.
115.25  1.  1.  1.
115.75  1.  1.  1.
116.25  1.  1.  1.
116.75  1.  1.  1.
117.25  1.  1.  1.
117.75  1.  1.  1.
118.25  1.  1.  1.
118.75  1.  1.  1.
119.25  1.  1.  1.
119.75  1.  1.  1.
120.25  1.  1.  1.
120.75  1.  1.  1.
121.25  1.  1.  1.
121.75  1.  1.  1.
122.25  1.  1.  1.
122.75  1.  1.  1.
123.25  1.  1.  1.
123.75  1.  1.  1.
124.25  1.  1.  1.
124.75  1.  1.  1.
125.25  1.  1.  1.
125.75  1.  1.  1.
126.25  1.  1.  1.
126.75  1.  1.  1.
127.25  1.  1.  1.
127.75  1.  1.  1.
128.25  1.  1.  1.
128.75  1.  1.  1.
129.25  1.  1.  1.
129.75  1.  1.  1.
130.25  1.  1.  1.
130.75  1.  1.  1.
131.25  1.  1.  1.
131.75  1.  1.  1.
132.25  1.  1.  1.
132.75  1.  1.  1.
133.25  1.  1.  1.
133.75  1.  1.  1.
134.25  1.  1.  1.
134.75  1.  1.  1.
135.25  1.  1.  1.
135.75  1.  1.  1.
136.25  1.  1.  1.
136.75  1.  1.  1.
137.25  1.  1.  1.
137.75  1.  1.  1.
138.25  1.  1.  1.
138.75  1.  1.  1.
139.25  1.  1.  1.
139.75  1.  1.  1.
140.25  1.  1.  1.
140.75  1.  1.  1.
141.25  1.  1.  1.
141.75  1.  1.  1.
142.25  1.  1.  1.
142.75  1.  1.  1.
143.25  1.  1.  1.
143.75  1.  1.  1.
144.25  1.  1.  1.
144.75  1.  1.  1.
145.25  1.  1.  1.
145.75  1.  1.  1.
146.25  1.  1.  1.
146.75  1.  1.  1.
147.25  1.  1.  1.
147.75  1.  1.  1.
148.25  1.  1.  1.
148.75  1.  1.  1.
149.25  1.  1.  1.
149.75  1.  1.  1.
150.25  1.  1.  1.
150.75  1.  1.  1.
151.25  1.  1.  1.
151.75  1.  1.  1.
152.25  1.  1.  1.
152.75  1.  1.  1.
153.25  1.  1.  1.
153.75  1.  1.  1.
154.25  1.  1.  1.
154.75  1.  1.  1.
155.25  1.  1.  1.
155.75  1.  1.  1.
156.25  1.  1.  1.
156.75  1.  1.  1.
157.25  1.  1.  1.
157.75  1.  1.  1.
158.25  1.  1.  1.
158.75  1.  1.  1.
159.25  1.  1.  1.
159.75  1.  1.  1.
160.25  1.  1.  1.
160.75  1.  1.  1.
161.25  1.  1.  1.
161.75  1.  1.  1.
162.25  1.  1.  1.
162.75  1.  1.  1.
163.25  1.  1.  1.
163.75  1.  1.  1.
164.25  1.  1.  1.
164.75  1.  1.  1.
165.25  1.  1.  1.
165.75  1.  1.  1.
166.25  1.  1.  1.
166.75  1.  1.  1.
167.25  1.  1.  1.
167.75  1.  1.  1.
168.25  1.  1.  1.
168.75  1.  1.  1.
169.25  1.  1.  1.
169.75  1.  1.  1.
170.25  1.  1.  1.
170.75  1.  1.  1.
171.25  1.  1.  1.
171.75  1.  1.  1.
172.25  1.  1.  1.
172.75  1.  1.  1.
173.25  1.  1.  1.
173.75  1.  1.  1.
174.25  1.  1.  1.
174.75  1.  1.  1.
175.25  1.  1.  1.
175.75  1.  1.  1.
176.25  1.  1.  1.
176.75  1.  1.  1.
177.25  1.  1.  1.
177.75  1.  1.  1.
178.25  1.  1.  1.
178.75  1.  1.  1.
179.25  1.  1.  1.
179.75  1.  1.  1.
180.25  1.  1.  1.
180.75  1.  1.  1.
181.25  1.  1.  1.
181.75  1.  1.  1.
182.25  1.  1.  1.
182.75  1.  1.  1.
183.25  1.  1.  1.
183.75  1.  1.  1.
184.25  1.  1.  1.
184.75  1.  1.  1.
185.25  1.  1.  1.
185.75  1.  1.  1.
186.25  1.  1.  1.
186.75  1.  1.  1.
187.25  1.  1.  1.
187.75  1.  1.  1.
188.25  1.  1.  1.
188.75  1.  1.  1.
189.25  1.  1.  1.
189.75  1.  1.  1.
190.25  1.  1.  1.
190.75  1.  1.  1.
191.25  1.  1.  1.
191.75  1.  1.  1.
192.25  1.  1.  1.
192.75  1.  1.  1.
193.25  1.  1.  1.
193.75  1.  1.  1.
194.25  1.  1.  1.
194.75  1.  1.  1.
195.25  1.  1.  1.
195.75  1.  1.  1.
196.25  1.  1.  1.
196.75  1.  1.  1.
197.25  1.  1.  1.
197.75  1.  1.  1.
198.25  1.  1.  1.
198.75  1.  1.  1.
199.25  1.  1.  1.
199.75  1.  1.  1.
