# pt   RAA_central    RAA_lower    RAA_upper  
400  0.5
0.25  0.685687  0.498079  0.871749
0.75  0.703599  0.513468  0.898767
1.25  0.723487  0.536425  0.91843
1.75  0.746209  0.566859  0.929709
2.25  0.77943  0.605461  0.958171
2.75  0.819531  0.65077  0.986546
3.25  0.850122  0.692249  1.01646
3.75  0.877944  0.726822  1.03277
4.25  0.903021  0.75459  1.03553
4.75  0.918149  0.774715  1.03459
5.25  0.923375  0.787244  1.02997
5.75  0.930893  0.806644  1.03389
6.25  0.940697  0.832869  1.04633
6.75  0.95049  0.85902  1.05876
7.25  0.959217  0.8749  1.06399
7.75  0.96688  0.880562  1.06203
8.25  0.974537  0.886222  1.06008
8.75  0.982189  0.891877  1.05812
9.25  0.985777  0.897014  1.05737
9.75  0.985305  0.901634  1.05782
10.25  0.984834  0.906253  1.05827
10.75  0.984363  0.910869  1.05872
11.25  0.987477  0.917229  1.06098
11.75  0.994172  0.925331  1.06505
12.25  1.00086  0.933425  1.06911
12.75  1.00755  0.941512  1.07317
13.25  1.01423  0.949593  1.07723
13.75  1.02091  0.957666  1.08129
14.25  1.02758  0.965734  1.08535
14.75  1.03425  0.973794  1.08941
15.25  1.04092  0.981847  1.09346
15.75  1.04758  0.989895  1.09752
16.25  1.05148  0.994125  1.10055
16.75  1.05263  0.994542  1.10256
17.25  1.05379  0.994959  1.10457
17.75  1.05494  0.995377  1.10657
18.25  1.05609  0.995793  1.10858
18.75  1.05724  0.996211  1.11059
19.25  1.05839  0.996628  1.11259
19.75  1.05954  0.997045  1.1146
20.25  1.06069  0.997462  1.11661
20.75  1.06184  0.99788  1.11861
21.25  1.06299  0.998296  1.12062
21.75  1.06414  0.998714  1.12262
22.25  1.06529  0.999131  1.12463
22.75  1.06644  0.999548  1.12663
23.25  1.06759  0.999965  1.12864
23.75  1.06874  1.00038  1.13064
24.25  1.06989  1.0008  1.13264
24.75  1.07104  1.00122  1.13464
25.25  1.07219  1.00163  1.13665
25.75  1.07334  1.00205  1.13865
26.25  1.07448  1.00247  1.14065
26.75  1.07563  1.00288  1.14265
27.25  1.07678  1.0033  1.14465
27.75  1.07793  1.00372  1.14666
28.25  1.07908  1.00413  1.14866
28.75  1.08023  1.00455  1.15066
29.25  1.08138  1.00497  1.15266
29.75  1.08252  1.00539  1.15466
30.25  1.08367  1.0058  1.15666
30.75  1.08482  1.00622  1.15866
31.25  1.08597  1.00664  1.16065
31.75  1.08712  1.00705  1.16265
32.25  1.08826  1.00747  1.16465
32.75  1.08941  1.00789  1.16665
33.25  1.09056  1.0083  1.16865
33.75  1.0917  1.00872  1.17064
34.25  1.09285  1.00914  1.17264
34.75  1.094  1.00955  1.17464
35.25  1.09457  1.00976  1.17563
35.75  1.09457  1.00976  1.17563
36.25  1.09457  1.00976  1.17563
36.75  1.09457  1.00976  1.17563
37.25  1.09457  1.00976  1.17563
37.75  1.09457  1.00976  1.17563
38.25  1.09457  1.00976  1.17563
38.75  1.09457  1.00976  1.17563
39.25  1.09457  1.00976  1.17563
39.75  1.09457  1.00976  1.17563
40.25  1.09457  1.00976  1.17563
40.75  1.09457  1.00976  1.17563
41.25  1.09457  1.00976  1.17563
41.75  1.09457  1.00976  1.17563
42.25  1.09457  1.00976  1.17563
42.75  1.09457  1.00976  1.17563
43.25  1.09457  1.00976  1.17563
43.75  1.09457  1.00976  1.17563
44.25  1.09457  1.00976  1.17563
44.75  1.09457  1.00976  1.17563
45.25  1.09457  1.00976  1.17563
45.75  1.09457  1.00976  1.17563
46.25  1.09457  1.00976  1.17563
46.75  1.09457  1.00976  1.17563
47.25  1.09457  1.00976  1.17563
47.75  1.09457  1.00976  1.17563
48.25  1.09457  1.00976  1.17563
48.75  1.09457  1.00976  1.17563
49.25  1.09457  1.00976  1.17563
49.75  1.09457  1.00976  1.17563
50.25  1.  1.  1.
50.75  1.  1.  1.
51.25  1.  1.  1.
51.75  1.  1.  1.
52.25  1.  1.  1.
52.75  1.  1.  1.
53.25  1.  1.  1.
53.75  1.  1.  1.
54.25  1.  1.  1.
54.75  1.  1.  1.
55.25  1.  1.  1.
55.75  1.  1.  1.
56.25  1.  1.  1.
56.75  1.  1.  1.
57.25  1.  1.  1.
57.75  1.  1.  1.
58.25  1.  1.  1.
58.75  1.  1.  1.
59.25  1.  1.  1.
59.75  1.  1.  1.
60.25  1.  1.  1.
60.75  1.  1.  1.
61.25  1.  1.  1.
61.75  1.  1.  1.
62.25  1.  1.  1.
62.75  1.  1.  1.
63.25  1.  1.  1.
63.75  1.  1.  1.
64.25  1.  1.  1.
64.75  1.  1.  1.
65.25  1.  1.  1.
65.75  1.  1.  1.
66.25  1.  1.  1.
66.75  1.  1.  1.
67.25  1.  1.  1.
67.75  1.  1.  1.
68.25  1.  1.  1.
68.75  1.  1.  1.
69.25  1.  1.  1.
69.75  1.  1.  1.
70.25  1.  1.  1.
70.75  1.  1.  1.
71.25  1.  1.  1.
71.75  1.  1.  1.
72.25  1.  1.  1.
72.75  1.  1.  1.
73.25  1.  1.  1.
73.75  1.  1.  1.
74.25  1.  1.  1.
74.75  1.  1.  1.
75.25  1.  1.  1.
75.75  1.  1.  1.
76.25  1.  1.  1.
76.75  1.  1.  1.
77.25  1.  1.  1.
77.75  1.  1.  1.
78.25  1.  1.  1.
78.75  1.  1.  1.
79.25  1.  1.  1.
79.75  1.  1.  1.
80.25  1.  1.  1.
80.75  1.  1.  1.
81.25  1.  1.  1.
81.75  1.  1.  1.
82.25  1.  1.  1.
82.75  1.  1.  1.
83.25  1.  1.  1.
83.75  1.  1.  1.
84.25  1.  1.  1.
84.75  1.  1.  1.
85.25  1.  1.  1.
85.75  1.  1.  1.
86.25  1.  1.  1.
86.75  1.  1.  1.
87.25  1.  1.  1.
87.75  1.  1.  1.
88.25  1.  1.  1.
88.75  1.  1.  1.
89.25  1.  1.  1.
89.75  1.  1.  1.
90.25  1.  1.  1.
90.75  1.  1.  1.
91.25  1.  1.  1.
91.75  1.  1.  1.
92.25  1.  1.  1.
92.75  1.  1.  1.
93.25  1.  1.  1.
93.75  1.  1.  1.
94.25  1.  1.  1.
94.75  1.  1.  1.
95.25  1.  1.  1.
95.75  1.  1.  1.
96.25  1.  1.  1.
96.75  1.  1.  1.
97.25  1.  1.  1.
97.75  1.  1.  1.
98.25  1.  1.  1.
98.75  1.  1.  1.
99.25  1.  1.  1.
99.75  1.  1.  1.
100.25  1.  1.  1.
100.75  1.  1.  1.
101.25  1.  1.  1.
101.75  1.  1.  1.
102.25  1.  1.  1.
102.75  1.  1.  1.
103.25  1.  1.  1.
103.75  1.  1.  1.
104.25  1.  1.  1.
104.75  1.  1.  1.
105.25  1.  1.  1.
105.75  1.  1.  1.
106.25  1.  1.  1.
106.75  1.  1.  1.
107.25  1.  1.  1.
107.75  1.  1.  1.
108.25  1.  1.  1.
108.75  1.  1.  1.
109.25  1.  1.  1.
109.75  1.  1.  1.
110.25  1.  1.  1.
110.75  1.  1.  1.
111.25  1.  1.  1.
111.75  1.  1.  1.
112.25  1.  1.  1.
112.75  1.  1.  1.
113.25  1.  1.  1.
113.75  1.  1.  1.
114.25  1.  1.  1.
114.75  1.  1.  1.
115.25  1.  1.  1.
115.75  1.  1.  1.
116.25  1.  1.  1.
116.75  1.  1.  1.
117.25  1.  1.  1.
117.75  1.  1.  1.
118.25  1.  1.  1.
118.75  1.  1.  1.
119.25  1.  1.  1.
119.75  1.  1.  1.
120.25  1.  1.  1.
120.75  1.  1.  1.
121.25  1.  1.  1.
121.75  1.  1.  1.
122.25  1.  1.  1.
122.75  1.  1.  1.
123.25  1.  1.  1.
123.75  1.  1.  1.
124.25  1.  1.  1.
124.75  1.  1.  1.
125.25  1.  1.  1.
125.75  1.  1.  1.
126.25  1.  1.  1.
126.75  1.  1.  1.
127.25  1.  1.  1.
127.75  1.  1.  1.
128.25  1.  1.  1.
128.75  1.  1.  1.
129.25  1.  1.  1.
129.75  1.  1.  1.
130.25  1.  1.  1.
130.75  1.  1.  1.
131.25  1.  1.  1.
131.75  1.  1.  1.
132.25  1.  1.  1.
132.75  1.  1.  1.
133.25  1.  1.  1.
133.75  1.  1.  1.
134.25  1.  1.  1.
134.75  1.  1.  1.
135.25  1.  1.  1.
135.75  1.  1.  1.
136.25  1.  1.  1.
136.75  1.  1.  1.
137.25  1.  1.  1.
137.75  1.  1.  1.
138.25  1.  1.  1.
138.75  1.  1.  1.
139.25  1.  1.  1.
139.75  1.  1.  1.
140.25  1.  1.  1.
140.75  1.  1.  1.
141.25  1.  1.  1.
141.75  1.  1.  1.
142.25  1.  1.  1.
142.75  1.  1.  1.
143.25  1.  1.  1.
143.75  1.  1.  1.
144.25  1.  1.  1.
144.75  1.  1.  1.
145.25  1.  1.  1.
145.75  1.  1.  1.
146.25  1.  1.  1.
146.75  1.  1.  1.
147.25  1.  1.  1.
147.75  1.  1.  1.
148.25  1.  1.  1.
148.75  1.  1.  1.
149.25  1.  1.  1.
149.75  1.  1.  1.
150.25  1.  1.  1.
150.75  1.  1.  1.
151.25  1.  1.  1.
151.75  1.  1.  1.
152.25  1.  1.  1.
152.75  1.  1.  1.
153.25  1.  1.  1.
153.75  1.  1.  1.
154.25  1.  1.  1.
154.75  1.  1.  1.
155.25  1.  1.  1.
155.75  1.  1.  1.
156.25  1.  1.  1.
156.75  1.  1.  1.
157.25  1.  1.  1.
157.75  1.  1.  1.
158.25  1.  1.  1.
158.75  1.  1.  1.
159.25  1.  1.  1.
159.75  1.  1.  1.
160.25  1.  1.  1.
160.75  1.  1.  1.
161.25  1.  1.  1.
161.75  1.  1.  1.
162.25  1.  1.  1.
162.75  1.  1.  1.
163.25  1.  1.  1.
163.75  1.  1.  1.
164.25  1.  1.  1.
164.75  1.  1.  1.
165.25  1.  1.  1.
165.75  1.  1.  1.
166.25  1.  1.  1.
166.75  1.  1.  1.
167.25  1.  1.  1.
167.75  1.  1.  1.
168.25  1.  1.  1.
168.75  1.  1.  1.
169.25  1.  1.  1.
169.75  1.  1.  1.
170.25  1.  1.  1.
170.75  1.  1.  1.
171.25  1.  1.  1.
171.75  1.  1.  1.
172.25  1.  1.  1.
172.75  1.  1.  1.
173.25  1.  1.  1.
173.75  1.  1.  1.
174.25  1.  1.  1.
174.75  1.  1.  1.
175.25  1.  1.  1.
175.75  1.  1.  1.
176.25  1.  1.  1.
176.75  1.  1.  1.
177.25  1.  1.  1.
177.75  1.  1.  1.
178.25  1.  1.  1.
178.75  1.  1.  1.
179.25  1.  1.  1.
179.75  1.  1.  1.
180.25  1.  1.  1.
180.75  1.  1.  1.
181.25  1.  1.  1.
181.75  1.  1.  1.
182.25  1.  1.  1.
182.75  1.  1.  1.
183.25  1.  1.  1.
183.75  1.  1.  1.
184.25  1.  1.  1.
184.75  1.  1.  1.
185.25  1.  1.  1.
185.75  1.  1.  1.
186.25  1.  1.  1.
186.75  1.  1.  1.
187.25  1.  1.  1.
187.75  1.  1.  1.
188.25  1.  1.  1.
188.75  1.  1.  1.
189.25  1.  1.  1.
189.75  1.  1.  1.
190.25  1.  1.  1.
190.75  1.  1.  1.
191.25  1.  1.  1.
191.75  1.  1.  1.
192.25  1.  1.  1.
192.75  1.  1.  1.
193.25  1.  1.  1.
193.75  1.  1.  1.
194.25  1.  1.  1.
194.75  1.  1.  1.
195.25  1.  1.  1.
195.75  1.  1.  1.
196.25  1.  1.  1.
196.75  1.  1.  1.
197.25  1.  1.  1.
197.75  1.  1.  1.
198.25  1.  1.  1.
198.75  1.  1.  1.
199.25  1.  1.  1.
199.75  1.  1.  1.
