# pt   RAA_central    RAA_lower    RAA_upper  
400  0.5
0.25  0.696824  0.512335  0.877046
0.75  0.714275  0.527575  0.903032
1.25  0.733624  0.5503  0.921915
1.75  0.755695  0.580349  0.932736
2.25  0.787903  0.61833  0.960007
2.75  0.82669  0.662729  0.987148
3.25  0.856212  0.70322  1.01571
3.75  0.883009  0.736866  1.03126
4.25  0.90712  0.763827  1.03389
4.75  0.921645  0.783335  1.033
5.25  0.92666  0.795469  1.02859
5.75  0.933871  0.814236  1.03233
6.25  0.94327  0.83957  1.04418
6.75  0.952652  0.864787  1.05602
7.25  0.961008  0.880079  1.06099
7.75  0.968343  0.885528  1.05913
8.25  0.975667  0.890972  1.05727
8.75  0.982983  0.89641  1.05541
9.25  0.986413  0.901348  1.05469
9.75  0.985962  0.905787  1.05512
10.25  0.985512  0.910224  1.05555
10.75  0.985062  0.914657  1.05598
11.25  0.988037  0.920762  1.05813
11.75  0.994434  0.928536  1.062
12.25  1.00082  0.936299  1.06586
12.75  1.00721  0.944051  1.06973
13.25  1.01358  0.951793  1.07359
13.75  1.01995  0.959524  1.07745
14.25  1.02632  0.967246  1.08131
14.75  1.03267  0.974956  1.08516
15.25  1.03903  0.982657  1.08901
15.75  1.04537  0.990348  1.09286
16.25  1.04909  0.994389  1.09574
16.75  1.05018  0.994787  1.09765
17.25  1.05128  0.995186  1.09956
17.75  1.05238  0.995585  1.10146
18.25  1.05347  0.995983  1.10337
18.75  1.05457  0.996381  1.10527
19.25  1.05566  0.99678  1.10718
19.75  1.05676  0.997178  1.10908
20.25  1.05785  0.997577  1.11098
20.75  1.05895  0.997975  1.11289
21.25  1.06004  0.998373  1.11479
21.75  1.06113  0.998772  1.11669
22.25  1.06223  0.99917  1.11859
22.75  1.06332  0.999568  1.12049
23.25  1.06442  0.999967  1.12239
23.75  1.06551  1.00037  1.12429
24.25  1.0666  1.00076  1.12619
24.75  1.0677  1.00116  1.12809
25.25  1.06879  1.00156  1.12999
25.75  1.06988  1.00196  1.13189
26.25  1.07097  1.00236  1.13379
26.75  1.07207  1.00275  1.13568
27.25  1.07316  1.00315  1.13758
27.75  1.07425  1.00355  1.13948
28.25  1.07534  1.00395  1.14137
28.75  1.07643  1.00435  1.14327
29.25  1.07753  1.00474  1.14516
29.75  1.07862  1.00514  1.14705
30.25  1.07971  1.00554  1.14895
30.75  1.0808  1.00594  1.15084
31.25  1.08189  1.00634  1.15273
31.75  1.08298  1.00673  1.15463
32.25  1.08407  1.00713  1.15652
32.75  1.08516  1.00753  1.15841
33.25  1.08625  1.00793  1.1603
33.75  1.08734  1.00832  1.16219
34.25  1.08843  1.00872  1.16408
34.75  1.08952  1.00912  1.16597
35.25  1.09007  1.00932  1.16691
35.75  1.09007  1.00932  1.16691
36.25  1.09007  1.00932  1.16691
36.75  1.09007  1.00932  1.16691
37.25  1.09007  1.00932  1.16691
37.75  1.09007  1.00932  1.16691
38.25  1.09007  1.00932  1.16691
38.75  1.09007  1.00932  1.16691
39.25  1.09007  1.00932  1.16691
39.75  1.09007  1.00932  1.16691
40.25  1.09007  1.00932  1.16691
40.75  1.09007  1.00932  1.16691
41.25  1.09007  1.00932  1.16691
41.75  1.09007  1.00932  1.16691
42.25  1.09007  1.00932  1.16691
42.75  1.09007  1.00932  1.16691
43.25  1.09007  1.00932  1.16691
43.75  1.09007  1.00932  1.16691
44.25  1.09007  1.00932  1.16691
44.75  1.09007  1.00932  1.16691
45.25  1.09007  1.00932  1.16691
45.75  1.09007  1.00932  1.16691
46.25  1.09007  1.00932  1.16691
46.75  1.09007  1.00932  1.16691
47.25  1.09007  1.00932  1.16691
47.75  1.09007  1.00932  1.16691
48.25  1.09007  1.00932  1.16691
48.75  1.09007  1.00932  1.16691
49.25  1.09007  1.00932  1.16691
49.75  1.09007  1.00932  1.16691
50.25  1.  1.  1.
50.75  1.  1.  1.
51.25  1.  1.  1.
51.75  1.  1.  1.
52.25  1.  1.  1.
52.75  1.  1.  1.
53.25  1.  1.  1.
53.75  1.  1.  1.
54.25  1.  1.  1.
54.75  1.  1.  1.
55.25  1.  1.  1.
55.75  1.  1.  1.
56.25  1.  1.  1.
56.75  1.  1.  1.
57.25  1.  1.  1.
57.75  1.  1.  1.
58.25  1.  1.  1.
58.75  1.  1.  1.
59.25  1.  1.  1.
59.75  1.  1.  1.
60.25  1.  1.  1.
60.75  1.  1.  1.
61.25  1.  1.  1.
61.75  1.  1.  1.
62.25  1.  1.  1.
62.75  1.  1.  1.
63.25  1.  1.  1.
63.75  1.  1.  1.
64.25  1.  1.  1.
64.75  1.  1.  1.
65.25  1.  1.  1.
65.75  1.  1.  1.
66.25  1.  1.  1.
66.75  1.  1.  1.
67.25  1.  1.  1.
67.75  1.  1.  1.
68.25  1.  1.  1.
68.75  1.  1.  1.
69.25  1.  1.  1.
69.75  1.  1.  1.
70.25  1.  1.  1.
70.75  1.  1.  1.
71.25  1.  1.  1.
71.75  1.  1.  1.
72.25  1.  1.  1.
72.75  1.  1.  1.
73.25  1.  1.  1.
73.75  1.  1.  1.
74.25  1.  1.  1.
74.75  1.  1.  1.
75.25  1.  1.  1.
75.75  1.  1.  1.
76.25  1.  1.  1.
76.75  1.  1.  1.
77.25  1.  1.  1.
77.75  1.  1.  1.
78.25  1.  1.  1.
78.75  1.  1.  1.
79.25  1.  1.  1.
79.75  1.  1.  1.
80.25  1.  1.  1.
80.75  1.  1.  1.
81.25  1.  1.  1.
81.75  1.  1.  1.
82.25  1.  1.  1.
82.75  1.  1.  1.
83.25  1.  1.  1.
83.75  1.  1.  1.
84.25  1.  1.  1.
84.75  1.  1.  1.
85.25  1.  1.  1.
85.75  1.  1.  1.
86.25  1.  1.  1.
86.75  1.  1.  1.
87.25  1.  1.  1.
87.75  1.  1.  1.
88.25  1.  1.  1.
88.75  1.  1.  1.
89.25  1.  1.  1.
89.75  1.  1.  1.
90.25  1.  1.  1.
90.75  1.  1.  1.
91.25  1.  1.  1.
91.75  1.  1.  1.
92.25  1.  1.  1.
92.75  1.  1.  1.
93.25  1.  1.  1.
93.75  1.  1.  1.
94.25  1.  1.  1.
94.75  1.  1.  1.
95.25  1.  1.  1.
95.75  1.  1.  1.
96.25  1.  1.  1.
96.75  1.  1.  1.
97.25  1.  1.  1.
97.75  1.  1.  1.
98.25  1.  1.  1.
98.75  1.  1.  1.
99.25  1.  1.  1.
99.75  1.  1.  1.
100.25  1.  1.  1.
100.75  1.  1.  1.
101.25  1.  1.  1.
101.75  1.  1.  1.
102.25  1.  1.  1.
102.75  1.  1.  1.
103.25  1.  1.  1.
103.75  1.  1.  1.
104.25  1.  1.  1.
104.75  1.  1.  1.
105.25  1.  1.  1.
105.75  1.  1.  1.
106.25  1.  1.  1.
106.75  1.  1.  1.
107.25  1.  1.  1.
107.75  1.  1.  1.
108.25  1.  1.  1.
108.75  1.  1.  1.
109.25  1.  1.  1.
109.75  1.  1.  1.
110.25  1.  1.  1.
110.75  1.  1.  1.
111.25  1.  1.  1.
111.75  1.  1.  1.
112.25  1.  1.  1.
112.75  1.  1.  1.
113.25  1.  1.  1.
113.75  1.  1.  1.
114.25  1.  1.  1.
114.75  1.  1.  1.
115.25  1.  1.  1.
115.75  1.  1.  1.
116.25  1.  1.  1.
116.75  1.  1.  1.
117.25  1.  1.  1.
117.75  1.  1.  1.
118.25  1.  1.  1.
118.75  1.  1.  1.
119.25  1.  1.  1.
119.75  1.  1.  1.
120.25  1.  1.  1.
120.75  1.  1.  1.
121.25  1.  1.  1.
121.75  1.  1.  1.
122.25  1.  1.  1.
122.75  1.  1.  1.
123.25  1.  1.  1.
123.75  1.  1.  1.
124.25  1.  1.  1.
124.75  1.  1.  1.
125.25  1.  1.  1.
125.75  1.  1.  1.
126.25  1.  1.  1.
126.75  1.  1.  1.
127.25  1.  1.  1.
127.75  1.  1.  1.
128.25  1.  1.  1.
128.75  1.  1.  1.
129.25  1.  1.  1.
129.75  1.  1.  1.
130.25  1.  1.  1.
130.75  1.  1.  1.
131.25  1.  1.  1.
131.75  1.  1.  1.
132.25  1.  1.  1.
132.75  1.  1.  1.
133.25  1.  1.  1.
133.75  1.  1.  1.
134.25  1.  1.  1.
134.75  1.  1.  1.
135.25  1.  1.  1.
135.75  1.  1.  1.
136.25  1.  1.  1.
136.75  1.  1.  1.
137.25  1.  1.  1.
137.75  1.  1.  1.
138.25  1.  1.  1.
138.75  1.  1.  1.
139.25  1.  1.  1.
139.75  1.  1.  1.
140.25  1.  1.  1.
140.75  1.  1.  1.
141.25  1.  1.  1.
141.75  1.  1.  1.
142.25  1.  1.  1.
142.75  1.  1.  1.
143.25  1.  1.  1.
143.75  1.  1.  1.
144.25  1.  1.  1.
144.75  1.  1.  1.
145.25  1.  1.  1.
145.75  1.  1.  1.
146.25  1.  1.  1.
146.75  1.  1.  1.
147.25  1.  1.  1.
147.75  1.  1.  1.
148.25  1.  1.  1.
148.75  1.  1.  1.
149.25  1.  1.  1.
149.75  1.  1.  1.
150.25  1.  1.  1.
150.75  1.  1.  1.
151.25  1.  1.  1.
151.75  1.  1.  1.
152.25  1.  1.  1.
152.75  1.  1.  1.
153.25  1.  1.  1.
153.75  1.  1.  1.
154.25  1.  1.  1.
154.75  1.  1.  1.
155.25  1.  1.  1.
155.75  1.  1.  1.
156.25  1.  1.  1.
156.75  1.  1.  1.
157.25  1.  1.  1.
157.75  1.  1.  1.
158.25  1.  1.  1.
158.75  1.  1.  1.
159.25  1.  1.  1.
159.75  1.  1.  1.
160.25  1.  1.  1.
160.75  1.  1.  1.
161.25  1.  1.  1.
161.75  1.  1.  1.
162.25  1.  1.  1.
162.75  1.  1.  1.
163.25  1.  1.  1.
163.75  1.  1.  1.
164.25  1.  1.  1.
164.75  1.  1.  1.
165.25  1.  1.  1.
165.75  1.  1.  1.
166.25  1.  1.  1.
166.75  1.  1.  1.
167.25  1.  1.  1.
167.75  1.  1.  1.
168.25  1.  1.  1.
168.75  1.  1.  1.
169.25  1.  1.  1.
169.75  1.  1.  1.
170.25  1.  1.  1.
170.75  1.  1.  1.
171.25  1.  1.  1.
171.75  1.  1.  1.
172.25  1.  1.  1.
172.75  1.  1.  1.
173.25  1.  1.  1.
173.75  1.  1.  1.
174.25  1.  1.  1.
174.75  1.  1.  1.
175.25  1.  1.  1.
175.75  1.  1.  1.
176.25  1.  1.  1.
176.75  1.  1.  1.
177.25  1.  1.  1.
177.75  1.  1.  1.
178.25  1.  1.  1.
178.75  1.  1.  1.
179.25  1.  1.  1.
179.75  1.  1.  1.
180.25  1.  1.  1.
180.75  1.  1.  1.
181.25  1.  1.  1.
181.75  1.  1.  1.
182.25  1.  1.  1.
182.75  1.  1.  1.
183.25  1.  1.  1.
183.75  1.  1.  1.
184.25  1.  1.  1.
184.75  1.  1.  1.
185.25  1.  1.  1.
185.75  1.  1.  1.
186.25  1.  1.  1.
186.75  1.  1.  1.
187.25  1.  1.  1.
187.75  1.  1.  1.
188.25  1.  1.  1.
188.75  1.  1.  1.
189.25  1.  1.  1.
189.75  1.  1.  1.
190.25  1.  1.  1.
190.75  1.  1.  1.
191.25  1.  1.  1.
191.75  1.  1.  1.
192.25  1.  1.  1.
192.75  1.  1.  1.
193.25  1.  1.  1.
193.75  1.  1.  1.
194.25  1.  1.  1.
194.75  1.  1.  1.
195.25  1.  1.  1.
195.75  1.  1.  1.
196.25  1.  1.  1.
196.75  1.  1.  1.
197.25  1.  1.  1.
197.75  1.  1.  1.
198.25  1.  1.  1.
198.75  1.  1.  1.
199.25  1.  1.  1.
199.75  1.  1.  1.
