# pt   RAA_central    RAA_lower    RAA_upper  
400  0.5
0.25  0.881697  0.788385  0.955831
0.75  0.889464  0.796955  0.965547
1.25  0.897907  0.809493  0.972473
1.75  0.907332  0.825472  0.976392
2.25  0.920735  0.844733  0.986117
2.75  0.936356  0.866071  0.995586
3.25  0.94788  0.884561  1.00534
3.75  0.95808  0.899304  1.01056
4.25  0.967056  0.910753  1.01144
4.75  0.972374  0.918858  1.01114
5.25  0.974196  0.923826  1.00967
5.75  0.976801  0.931401  1.01091
6.25  0.980174  0.941421  1.01485
6.75  0.983515  0.95117  1.01875
7.25  0.98647  0.956976  1.02038
7.75  0.989047  0.959026  1.01977
8.25  0.991605  0.961065  1.01916
8.75  0.994146  0.963092  1.01855
9.25  0.995332  0.964924  1.01831
9.75  0.995176  0.966564  1.01846
10.25  0.995021  0.968198  1.0186
10.75  0.994865  0.969824  1.01874
11.25  0.995893  0.972053  1.01944
11.75  0.998094  0.974875  1.02071
12.25  1.00028  0.977675  1.02197
12.75  1.00246  0.980453  1.02322
13.25  1.00462  0.98321  1.02448
13.75  1.00677  0.985946  1.02573
14.25  1.00891  0.988662  1.02697
14.75  1.01103  0.991357  1.02821
15.25  1.01314  0.994033  1.02945
15.75  1.01525  0.996689  1.03068
16.25  1.01647  0.998078  1.0316
16.75  1.01683  0.998215  1.03221
17.25  1.01719  0.998352  1.03281
17.75  1.01755  0.998488  1.03342
18.25  1.01791  0.998625  1.03402
18.75  1.01827  0.998762  1.03463
19.25  1.01863  0.998898  1.03523
19.75  1.01899  0.999034  1.03583
20.25  1.01935  0.999171  1.03644
20.75  1.01971  0.999308  1.03704
21.25  1.02007  0.999444  1.03764
21.75  1.02043  0.99958  1.03823
22.25  1.02078  0.999716  1.03883
22.75  1.02114  0.999852  1.03943
23.25  1.0215  0.999989  1.04002
23.75  1.02185  1.00012  1.04062
24.25  1.02221  1.00026  1.04121
24.75  1.02256  1.0004  1.04181
25.25  1.02292  1.00053  1.0424
25.75  1.02327  1.00067  1.04299
26.25  1.02363  1.0008  1.04358
26.75  1.02398  1.00094  1.04417
27.25  1.02434  1.00108  1.04476
27.75  1.02469  1.00121  1.04535
28.25  1.02504  1.00135  1.04594
28.75  1.0254  1.00148  1.04652
29.25  1.02575  1.00162  1.04711
29.75  1.0261  1.00175  1.04769
30.25  1.02646  1.00189  1.04828
30.75  1.02681  1.00202  1.04886
31.25  1.02716  1.00216  1.04944
31.75  1.02751  1.0023  1.05002
32.25  1.02786  1.00243  1.0506
32.75  1.02821  1.00257  1.05118
33.25  1.02856  1.0027  1.05176
33.75  1.02891  1.00284  1.05234
34.25  1.02926  1.00297  1.05291
34.75  1.02961  1.00311  1.05349
35.25  1.02978  1.00317  1.05378
35.75  1.02978  1.00317  1.05378
36.25  1.02978  1.00317  1.05378
36.75  1.02978  1.00317  1.05378
37.25  1.02978  1.00317  1.05378
37.75  1.02978  1.00317  1.05378
38.25  1.02978  1.00317  1.05378
38.75  1.02978  1.00317  1.05378
39.25  1.02978  1.00317  1.05378
39.75  1.02978  1.00317  1.05378
40.25  1.02978  1.00317  1.05378
40.75  1.02978  1.00317  1.05378
41.25  1.02978  1.00317  1.05378
41.75  1.02978  1.00317  1.05378
42.25  1.02978  1.00317  1.05378
42.75  1.02978  1.00317  1.05378
43.25  1.02978  1.00317  1.05378
43.75  1.02978  1.00317  1.05378
44.25  1.02978  1.00317  1.05378
44.75  1.02978  1.00317  1.05378
45.25  1.02978  1.00317  1.05378
45.75  1.02978  1.00317  1.05378
46.25  1.02978  1.00317  1.05378
46.75  1.02978  1.00317  1.05378
47.25  1.02978  1.00317  1.05378
47.75  1.02978  1.00317  1.05378
48.25  1.02978  1.00317  1.05378
48.75  1.02978  1.00317  1.05378
49.25  1.02978  1.00317  1.05378
49.75  1.02978  1.00317  1.05378
50.25  1.  1.  1.
50.75  1.  1.  1.
51.25  1.  1.  1.
51.75  1.  1.  1.
52.25  1.  1.  1.
52.75  1.  1.  1.
53.25  1.  1.  1.
53.75  1.  1.  1.
54.25  1.  1.  1.
54.75  1.  1.  1.
55.25  1.  1.  1.
55.75  1.  1.  1.
56.25  1.  1.  1.
56.75  1.  1.  1.
57.25  1.  1.  1.
57.75  1.  1.  1.
58.25  1.  1.  1.
58.75  1.  1.  1.
59.25  1.  1.  1.
59.75  1.  1.  1.
60.25  1.  1.  1.
60.75  1.  1.  1.
61.25  1.  1.  1.
61.75  1.  1.  1.
62.25  1.  1.  1.
62.75  1.  1.  1.
63.25  1.  1.  1.
63.75  1.  1.  1.
64.25  1.  1.  1.
64.75  1.  1.  1.
65.25  1.  1.  1.
65.75  1.  1.  1.
66.25  1.  1.  1.
66.75  1.  1.  1.
67.25  1.  1.  1.
67.75  1.  1.  1.
68.25  1.  1.  1.
68.75  1.  1.  1.
69.25  1.  1.  1.
69.75  1.  1.  1.
70.25  1.  1.  1.
70.75  1.  1.  1.
71.25  1.  1.  1.
71.75  1.  1.  1.
72.25  1.  1.  1.
72.75  1.  1.  1.
73.25  1.  1.  1.
73.75  1.  1.  1.
74.25  1.  1.  1.
74.75  1.  1.  1.
75.25  1.  1.  1.
75.75  1.  1.  1.
76.25  1.  1.  1.
76.75  1.  1.  1.
77.25  1.  1.  1.
77.75  1.  1.  1.
78.25  1.  1.  1.
78.75  1.  1.  1.
79.25  1.  1.  1.
79.75  1.  1.  1.
80.25  1.  1.  1.
80.75  1.  1.  1.
81.25  1.  1.  1.
81.75  1.  1.  1.
82.25  1.  1.  1.
82.75  1.  1.  1.
83.25  1.  1.  1.
83.75  1.  1.  1.
84.25  1.  1.  1.
84.75  1.  1.  1.
85.25  1.  1.  1.
85.75  1.  1.  1.
86.25  1.  1.  1.
86.75  1.  1.  1.
87.25  1.  1.  1.
87.75  1.  1.  1.
88.25  1.  1.  1.
88.75  1.  1.  1.
89.25  1.  1.  1.
89.75  1.  1.  1.
90.25  1.  1.  1.
90.75  1.  1.  1.
91.25  1.  1.  1.
91.75  1.  1.  1.
92.25  1.  1.  1.
92.75  1.  1.  1.
93.25  1.  1.  1.
93.75  1.  1.  1.
94.25  1.  1.  1.
94.75  1.  1.  1.
95.25  1.  1.  1.
95.75  1.  1.  1.
96.25  1.  1.  1.
96.75  1.  1.  1.
97.25  1.  1.  1.
97.75  1.  1.  1.
98.25  1.  1.  1.
98.75  1.  1.  1.
99.25  1.  1.  1.
99.75  1.  1.  1.
100.25  1.  1.  1.
100.75  1.  1.  1.
101.25  1.  1.  1.
101.75  1.  1.  1.
102.25  1.  1.  1.
102.75  1.  1.  1.
103.25  1.  1.  1.
103.75  1.  1.  1.
104.25  1.  1.  1.
104.75  1.  1.  1.
105.25  1.  1.  1.
105.75  1.  1.  1.
106.25  1.  1.  1.
106.75  1.  1.  1.
107.25  1.  1.  1.
107.75  1.  1.  1.
108.25  1.  1.  1.
108.75  1.  1.  1.
109.25  1.  1.  1.
109.75  1.  1.  1.
110.25  1.  1.  1.
110.75  1.  1.  1.
111.25  1.  1.  1.
111.75  1.  1.  1.
112.25  1.  1.  1.
112.75  1.  1.  1.
113.25  1.  1.  1.
113.75  1.  1.  1.
114.25  1.  1.  1.
114.75  1.  1.  1.
115.25  1.  1.  1.
115.75  1.  1.  1.
116.25  1.  1.  1.
116.75  1.  1.  1.
117.25  1.  1.  1.
117.75  1.  1.  1.
118.25  1.  1.  1.
118.75  1.  1.  1.
119.25  1.  1.  1.
119.75  1.  1.  1.
120.25  1.  1.  1.
120.75  1.  1.  1.
121.25  1.  1.  1.
121.75  1.  1.  1.
122.25  1.  1.  1.
122.75  1.  1.  1.
123.25  1.  1.  1.
123.75  1.  1.  1.
124.25  1.  1.  1.
124.75  1.  1.  1.
125.25  1.  1.  1.
125.75  1.  1.  1.
126.25  1.  1.  1.
126.75  1.  1.  1.
127.25  1.  1.  1.
127.75  1.  1.  1.
128.25  1.  1.  1.
128.75  1.  1.  1.
129.25  1.  1.  1.
129.75  1.  1.  1.
130.25  1.  1.  1.
130.75  1.  1.  1.
131.25  1.  1.  1.
131.75  1.  1.  1.
132.25  1.  1.  1.
132.75  1.  1.  1.
133.25  1.  1.  1.
133.75  1.  1.  1.
134.25  1.  1.  1.
134.75  1.  1.  1.
135.25  1.  1.  1.
135.75  1.  1.  1.
136.25  1.  1.  1.
136.75  1.  1.  1.
137.25  1.  1.  1.
137.75  1.  1.  1.
138.25  1.  1.  1.
138.75  1.  1.  1.
139.25  1.  1.  1.
139.75  1.  1.  1.
140.25  1.  1.  1.
140.75  1.  1.  1.
141.25  1.  1.  1.
141.75  1.  1.  1.
142.25  1.  1.  1.
142.75  1.  1.  1.
143.25  1.  1.  1.
143.75  1.  1.  1.
144.25  1.  1.  1.
144.75  1.  1.  1.
145.25  1.  1.  1.
145.75  1.  1.  1.
146.25  1.  1.  1.
146.75  1.  1.  1.
147.25  1.  1.  1.
147.75  1.  1.  1.
148.25  1.  1.  1.
148.75  1.  1.  1.
149.25  1.  1.  1.
149.75  1.  1.  1.
150.25  1.  1.  1.
150.75  1.  1.  1.
151.25  1.  1.  1.
151.75  1.  1.  1.
152.25  1.  1.  1.
152.75  1.  1.  1.
153.25  1.  1.  1.
153.75  1.  1.  1.
154.25  1.  1.  1.
154.75  1.  1.  1.
155.25  1.  1.  1.
155.75  1.  1.  1.
156.25  1.  1.  1.
156.75  1.  1.  1.
157.25  1.  1.  1.
157.75  1.  1.  1.
158.25  1.  1.  1.
158.75  1.  1.  1.
159.25  1.  1.  1.
159.75  1.  1.  1.
160.25  1.  1.  1.
160.75  1.  1.  1.
161.25  1.  1.  1.
161.75  1.  1.  1.
162.25  1.  1.  1.
162.75  1.  1.  1.
163.25  1.  1.  1.
163.75  1.  1.  1.
164.25  1.  1.  1.
164.75  1.  1.  1.
165.25  1.  1.  1.
165.75  1.  1.  1.
166.25  1.  1.  1.
166.75  1.  1.  1.
167.25  1.  1.  1.
167.75  1.  1.  1.
168.25  1.  1.  1.
168.75  1.  1.  1.
169.25  1.  1.  1.
169.75  1.  1.  1.
170.25  1.  1.  1.
170.75  1.  1.  1.
171.25  1.  1.  1.
171.75  1.  1.  1.
172.25  1.  1.  1.
172.75  1.  1.  1.
173.25  1.  1.  1.
173.75  1.  1.  1.
174.25  1.  1.  1.
174.75  1.  1.  1.
175.25  1.  1.  1.
175.75  1.  1.  1.
176.25  1.  1.  1.
176.75  1.  1.  1.
177.25  1.  1.  1.
177.75  1.  1.  1.
178.25  1.  1.  1.
178.75  1.  1.  1.
179.25  1.  1.  1.
179.75  1.  1.  1.
180.25  1.  1.  1.
180.75  1.  1.  1.
181.25  1.  1.  1.
181.75  1.  1.  1.
182.25  1.  1.  1.
182.75  1.  1.  1.
183.25  1.  1.  1.
183.75  1.  1.  1.
184.25  1.  1.  1.
184.75  1.  1.  1.
185.25  1.  1.  1.
185.75  1.  1.  1.
186.25  1.  1.  1.
186.75  1.  1.  1.
187.25  1.  1.  1.
187.75  1.  1.  1.
188.25  1.  1.  1.
188.75  1.  1.  1.
189.25  1.  1.  1.
189.75  1.  1.  1.
190.25  1.  1.  1.
190.75  1.  1.  1.
191.25  1.  1.  1.
191.75  1.  1.  1.
192.25  1.  1.  1.
192.75  1.  1.  1.
193.25  1.  1.  1.
193.75  1.  1.  1.
194.25  1.  1.  1.
194.75  1.  1.  1.
195.25  1.  1.  1.
195.75  1.  1.  1.
196.25  1.  1.  1.
196.75  1.  1.  1.
197.25  1.  1.  1.
197.75  1.  1.  1.
198.25  1.  1.  1.
198.75  1.  1.  1.
199.25  1.  1.  1.
199.75  1.  1.  1.
