# pt   RAA_central    RAA_lower    RAA_upper  
400  0.5
0.25  0.63837  0.439304  0.848726
0.75  0.658133  0.455153  0.88017
1.25  0.680213  0.478827  0.903198
1.75  0.705605  0.51055  0.916463
2.25  0.74302  0.551404  0.95011
2.75  0.788609  0.600195  0.983897
3.25  0.823723  0.645596  1.01978
3.75  0.855915  0.683929  1.03944
4.25  0.885142  0.715015  1.04277
4.75  0.902869  0.73769  1.04164
5.25  0.90901  0.751865  1.03606
5.75  0.917858  0.773905  1.04079
6.25  0.929423  0.803883  1.05585
6.75  0.941005  0.833992  1.07093
7.25  0.951351  0.852381  1.07729
7.75  0.960455  0.858957  1.07491
8.25  0.969568  0.865541  1.07253
8.75  0.978693  0.872129  1.07015
9.25  0.982978  0.878123  1.06924
9.75  0.982415  0.88352  1.06979
10.25  0.981852  0.888923  1.07034
10.75  0.981289  0.894329  1.07088
11.25  0.98501  0.901789  1.07363
11.75  0.993018  0.91131  1.07858
12.25  1.00103  0.920842  1.08352
12.75  1.00906  0.930386  1.08847
13.25  1.01709  0.939943  1.09343
13.75  1.02513  0.949511  1.09838
14.25  1.03318  0.959092  1.10334
14.75  1.04123  0.968683  1.1083
15.25  1.04929  0.978286  1.11327
15.75  1.05736  0.987901  1.11823
16.25  1.0621  0.992962  1.12195
16.75  1.06349  0.993461  1.12441
17.25  1.06489  0.993961  1.12687
17.75  1.06629  0.994461  1.12934
18.25  1.06768  0.99496  1.1318
18.75  1.06908  0.99546  1.13427
19.25  1.07048  0.99596  1.13673
19.75  1.07188  0.996459  1.1392
20.25  1.07328  0.996959  1.14167
20.75  1.07468  0.997459  1.14414
21.25  1.07607  0.997958  1.1466
21.75  1.07747  0.998458  1.14907
22.25  1.07887  0.998959  1.15154
22.75  1.08027  0.999458  1.15401
23.25  1.08167  0.999958  1.15648
23.75  1.08307  1.00046  1.15896
24.25  1.08447  1.00096  1.16143
24.75  1.08587  1.00146  1.1639
25.25  1.08727  1.00196  1.16637
25.75  1.08867  1.00246  1.16885
26.25  1.09007  1.00296  1.17132
26.75  1.09148  1.00346  1.17379
27.25  1.09288  1.00396  1.17627
27.75  1.09428  1.00446  1.17875
28.25  1.09568  1.00496  1.18122
28.75  1.09708  1.00546  1.1837
29.25  1.09848  1.00596  1.18618
29.75  1.09989  1.00646  1.18866
30.25  1.10129  1.00696  1.19113
30.75  1.10269  1.00746  1.19361
31.25  1.1041  1.00796  1.19609
31.75  1.1055  1.00846  1.19857
32.25  1.1069  1.00896  1.20105
32.75  1.1083  1.00946  1.20353
33.25  1.10971  1.00996  1.20602
33.75  1.11111  1.01046  1.2085
34.25  1.11252  1.01097  1.21098
34.75  1.11392  1.01146  1.21347
35.25  1.11462  1.01172  1.21471
35.75  1.11462  1.01172  1.21471
36.25  1.11462  1.01172  1.21471
36.75  1.11462  1.01172  1.21471
37.25  1.11462  1.01172  1.21471
37.75  1.11462  1.01172  1.21471
38.25  1.11462  1.01172  1.21471
38.75  1.11462  1.01172  1.21471
39.25  1.11462  1.01172  1.21471
39.75  1.11462  1.01172  1.21471
40.25  1.11462  1.01172  1.21471
40.75  1.11462  1.01172  1.21471
41.25  1.11462  1.01172  1.21471
41.75  1.11462  1.01172  1.21471
42.25  1.11462  1.01172  1.21471
42.75  1.11462  1.01172  1.21471
43.25  1.11462  1.01172  1.21471
43.75  1.11462  1.01172  1.21471
44.25  1.11462  1.01172  1.21471
44.75  1.11462  1.01172  1.21471
45.25  1.11462  1.01172  1.21471
45.75  1.11462  1.01172  1.21471
46.25  1.11462  1.01172  1.21471
46.75  1.11462  1.01172  1.21471
47.25  1.11462  1.01172  1.21471
47.75  1.11462  1.01172  1.21471
48.25  1.11462  1.01172  1.21471
48.75  1.11462  1.01172  1.21471
49.25  1.11462  1.01172  1.21471
49.75  1.11462  1.01172  1.21471
50.25  1.  1.  1.
50.75  1.  1.  1.
51.25  1.  1.  1.
51.75  1.  1.  1.
52.25  1.  1.  1.
52.75  1.  1.  1.
53.25  1.  1.  1.
53.75  1.  1.  1.
54.25  1.  1.  1.
54.75  1.  1.  1.
55.25  1.  1.  1.
55.75  1.  1.  1.
56.25  1.  1.  1.
56.75  1.  1.  1.
57.25  1.  1.  1.
57.75  1.  1.  1.
58.25  1.  1.  1.
58.75  1.  1.  1.
59.25  1.  1.  1.
59.75  1.  1.  1.
60.25  1.  1.  1.
60.75  1.  1.  1.
61.25  1.  1.  1.
61.75  1.  1.  1.
62.25  1.  1.  1.
62.75  1.  1.  1.
63.25  1.  1.  1.
63.75  1.  1.  1.
64.25  1.  1.  1.
64.75  1.  1.  1.
65.25  1.  1.  1.
65.75  1.  1.  1.
66.25  1.  1.  1.
66.75  1.  1.  1.
67.25  1.  1.  1.
67.75  1.  1.  1.
68.25  1.  1.  1.
68.75  1.  1.  1.
69.25  1.  1.  1.
69.75  1.  1.  1.
70.25  1.  1.  1.
70.75  1.  1.  1.
71.25  1.  1.  1.
71.75  1.  1.  1.
72.25  1.  1.  1.
72.75  1.  1.  1.
73.25  1.  1.  1.
73.75  1.  1.  1.
74.25  1.  1.  1.
74.75  1.  1.  1.
75.25  1.  1.  1.
75.75  1.  1.  1.
76.25  1.  1.  1.
76.75  1.  1.  1.
77.25  1.  1.  1.
77.75  1.  1.  1.
78.25  1.  1.  1.
78.75  1.  1.  1.
79.25  1.  1.  1.
79.75  1.  1.  1.
80.25  1.  1.  1.
80.75  1.  1.  1.
81.25  1.  1.  1.
81.75  1.  1.  1.
82.25  1.  1.  1.
82.75  1.  1.  1.
83.25  1.  1.  1.
83.75  1.  1.  1.
84.25  1.  1.  1.
84.75  1.  1.  1.
85.25  1.  1.  1.
85.75  1.  1.  1.
86.25  1.  1.  1.
86.75  1.  1.  1.
87.25  1.  1.  1.
87.75  1.  1.  1.
88.25  1.  1.  1.
88.75  1.  1.  1.
89.25  1.  1.  1.
89.75  1.  1.  1.
90.25  1.  1.  1.
90.75  1.  1.  1.
91.25  1.  1.  1.
91.75  1.  1.  1.
92.25  1.  1.  1.
92.75  1.  1.  1.
93.25  1.  1.  1.
93.75  1.  1.  1.
94.25  1.  1.  1.
94.75  1.  1.  1.
95.25  1.  1.  1.
95.75  1.  1.  1.
96.25  1.  1.  1.
96.75  1.  1.  1.
97.25  1.  1.  1.
97.75  1.  1.  1.
98.25  1.  1.  1.
98.75  1.  1.  1.
99.25  1.  1.  1.
99.75  1.  1.  1.
100.25  1.  1.  1.
100.75  1.  1.  1.
101.25  1.  1.  1.
101.75  1.  1.  1.
102.25  1.  1.  1.
102.75  1.  1.  1.
103.25  1.  1.  1.
103.75  1.  1.  1.
104.25  1.  1.  1.
104.75  1.  1.  1.
105.25  1.  1.  1.
105.75  1.  1.  1.
106.25  1.  1.  1.
106.75  1.  1.  1.
107.25  1.  1.  1.
107.75  1.  1.  1.
108.25  1.  1.  1.
108.75  1.  1.  1.
109.25  1.  1.  1.
109.75  1.  1.  1.
110.25  1.  1.  1.
110.75  1.  1.  1.
111.25  1.  1.  1.
111.75  1.  1.  1.
112.25  1.  1.  1.
112.75  1.  1.  1.
113.25  1.  1.  1.
113.75  1.  1.  1.
114.25  1.  1.  1.
114.75  1.  1.  1.
115.25  1.  1.  1.
115.75  1.  1.  1.
116.25  1.  1.  1.
116.75  1.  1.  1.
117.25  1.  1.  1.
117.75  1.  1.  1.
118.25  1.  1.  1.
118.75  1.  1.  1.
119.25  1.  1.  1.
119.75  1.  1.  1.
120.25  1.  1.  1.
120.75  1.  1.  1.
121.25  1.  1.  1.
121.75  1.  1.  1.
122.25  1.  1.  1.
122.75  1.  1.  1.
123.25  1.  1.  1.
123.75  1.  1.  1.
124.25  1.  1.  1.
124.75  1.  1.  1.
125.25  1.  1.  1.
125.75  1.  1.  1.
126.25  1.  1.  1.
126.75  1.  1.  1.
127.25  1.  1.  1.
127.75  1.  1.  1.
128.25  1.  1.  1.
128.75  1.  1.  1.
129.25  1.  1.  1.
129.75  1.  1.  1.
130.25  1.  1.  1.
130.75  1.  1.  1.
131.25  1.  1.  1.
131.75  1.  1.  1.
132.25  1.  1.  1.
132.75  1.  1.  1.
133.25  1.  1.  1.
133.75  1.  1.  1.
134.25  1.  1.  1.
134.75  1.  1.  1.
135.25  1.  1.  1.
135.75  1.  1.  1.
136.25  1.  1.  1.
136.75  1.  1.  1.
137.25  1.  1.  1.
137.75  1.  1.  1.
138.25  1.  1.  1.
138.75  1.  1.  1.
139.25  1.  1.  1.
139.75  1.  1.  1.
140.25  1.  1.  1.
140.75  1.  1.  1.
141.25  1.  1.  1.
141.75  1.  1.  1.
142.25  1.  1.  1.
142.75  1.  1.  1.
143.25  1.  1.  1.
143.75  1.  1.  1.
144.25  1.  1.  1.
144.75  1.  1.  1.
145.25  1.  1.  1.
145.75  1.  1.  1.
146.25  1.  1.  1.
146.75  1.  1.  1.
147.25  1.  1.  1.
147.75  1.  1.  1.
148.25  1.  1.  1.
148.75  1.  1.  1.
149.25  1.  1.  1.
149.75  1.  1.  1.
150.25  1.  1.  1.
150.75  1.  1.  1.
151.25  1.  1.  1.
151.75  1.  1.  1.
152.25  1.  1.  1.
152.75  1.  1.  1.
153.25  1.  1.  1.
153.75  1.  1.  1.
154.25  1.  1.  1.
154.75  1.  1.  1.
155.25  1.  1.  1.
155.75  1.  1.  1.
156.25  1.  1.  1.
156.75  1.  1.  1.
157.25  1.  1.  1.
157.75  1.  1.  1.
158.25  1.  1.  1.
158.75  1.  1.  1.
159.25  1.  1.  1.
159.75  1.  1.  1.
160.25  1.  1.  1.
160.75  1.  1.  1.
161.25  1.  1.  1.
161.75  1.  1.  1.
162.25  1.  1.  1.
162.75  1.  1.  1.
163.25  1.  1.  1.
163.75  1.  1.  1.
164.25  1.  1.  1.
164.75  1.  1.  1.
165.25  1.  1.  1.
165.75  1.  1.  1.
166.25  1.  1.  1.
166.75  1.  1.  1.
167.25  1.  1.  1.
167.75  1.  1.  1.
168.25  1.  1.  1.
168.75  1.  1.  1.
169.25  1.  1.  1.
169.75  1.  1.  1.
170.25  1.  1.  1.
170.75  1.  1.  1.
171.25  1.  1.  1.
171.75  1.  1.  1.
172.25  1.  1.  1.
172.75  1.  1.  1.
173.25  1.  1.  1.
173.75  1.  1.  1.
174.25  1.  1.  1.
174.75  1.  1.  1.
175.25  1.  1.  1.
175.75  1.  1.  1.
176.25  1.  1.  1.
176.75  1.  1.  1.
177.25  1.  1.  1.
177.75  1.  1.  1.
178.25  1.  1.  1.
178.75  1.  1.  1.
179.25  1.  1.  1.
179.75  1.  1.  1.
180.25  1.  1.  1.
180.75  1.  1.  1.
181.25  1.  1.  1.
181.75  1.  1.  1.
182.25  1.  1.  1.
182.75  1.  1.  1.
183.25  1.  1.  1.
183.75  1.  1.  1.
184.25  1.  1.  1.
184.75  1.  1.  1.
185.25  1.  1.  1.
185.75  1.  1.  1.
186.25  1.  1.  1.
186.75  1.  1.  1.
187.25  1.  1.  1.
187.75  1.  1.  1.
188.25  1.  1.  1.
188.75  1.  1.  1.
189.25  1.  1.  1.
189.75  1.  1.  1.
190.25  1.  1.  1.
190.75  1.  1.  1.
191.25  1.  1.  1.
191.75  1.  1.  1.
192.25  1.  1.  1.
192.75  1.  1.  1.
193.25  1.  1.  1.
193.75  1.  1.  1.
194.25  1.  1.  1.
194.75  1.  1.  1.
195.25  1.  1.  1.
195.75  1.  1.  1.
196.25  1.  1.  1.
196.75  1.  1.  1.
197.25  1.  1.  1.
197.75  1.  1.  1.
198.25  1.  1.  1.
198.75  1.  1.  1.
199.25  1.  1.  1.
199.75  1.  1.  1.
