# pt   RAA_central    RAA_lower    RAA_upper  
400  0.5
0.25  0.930021  0.874581  0.976486
0.75  0.937176  0.880263  0.981187
1.25  0.944587  0.892726  0.986768
1.75  0.950977  0.902509  0.989937
2.25  0.961035  0.919261  0.997809
2.75  0.971516  0.929256  1.00082
3.25  0.97919  0.94556  1.00537
3.75  0.984982  0.956827  1.00894
4.25  0.989059  0.963898  1.01158
4.75  0.991859  0.969439  1.01318
5.25  0.993439  0.973575  1.01378
5.75  0.995367  0.977285  1.01475
6.25  0.997631  0.980593  1.01607
6.75  0.999867  0.983842  1.01739
7.25  1.00202  0.98713  1.01802
7.75  1.00408  0.990454  1.01797
8.25  1.00612  0.993719  1.01792
8.75  1.00814  0.996926  1.01787
9.25  1.00938  0.999357  1.01858
9.75  1.00985  1.00104  1.02004
10.25  1.01032  1.00271  1.0215
10.75  1.01079  1.00436  1.02294
11.25  1.01129  1.00526  1.02372
11.75  1.01183  1.0054  1.02384
12.25  1.01236  1.00555  1.02397
12.75  1.01289  1.00569  1.0241
13.25  1.01342  1.00584  1.02423
13.75  1.01395  1.00598  1.02436
14.25  1.01448  1.00613  1.02448
14.75  1.015  1.00627  1.02461
15.25  1.01553  1.00642  1.02474
15.75  1.01605  1.00656  1.02487
16.25  1.01639  1.00673  1.02505
16.75  1.01653  1.00694  1.02529
17.25  1.01668  1.00714  1.02553
17.75  1.01682  1.00734  1.02577
18.25  1.01697  1.00754  1.02602
18.75  1.01711  1.00774  1.02626
19.25  1.01726  1.00794  1.0265
19.75  1.0174  1.00814  1.02674
20.25  1.01755  1.00834  1.02698
20.75  1.01769  1.00854  1.02722
21.25  1.01784  1.00874  1.02745
21.75  1.01798  1.00894  1.02769
22.25  1.01812  1.00914  1.02793
22.75  1.01827  1.00934  1.02817
23.25  1.01841  1.00954  1.02841
23.75  1.01856  1.00973  1.02865
24.25  1.0187  1.00993  1.02888
24.75  1.01885  1.01013  1.02912
25.25  1.01899  1.01033  1.02936
25.75  1.01913  1.01053  1.02959
26.25  1.01928  1.01072  1.02983
26.75  1.01942  1.01092  1.03007
27.25  1.01956  1.01112  1.0303
27.75  1.01971  1.01132  1.03054
28.25  1.01985  1.01151  1.03077
28.75  1.01999  1.01171  1.03101
29.25  1.02013  1.01191  1.03124
29.75  1.02028  1.0121  1.03148
30.25  1.02042  1.0123  1.03171
30.75  1.02056  1.01249  1.03194
31.25  1.0207  1.01269  1.03218
31.75  1.02085  1.01288  1.03241
32.25  1.02099  1.01308  1.03264
32.75  1.02113  1.01327  1.03288
33.25  1.02127  1.01347  1.03311
33.75  1.02142  1.01366  1.03334
34.25  1.02156  1.01386  1.03357
34.75  1.0217  1.01405  1.03381
35.25  1.02177  1.01415  1.03392
35.75  1.02177  1.01415  1.03392
36.25  1.02177  1.01415  1.03392
36.75  1.02177  1.01415  1.03392
37.25  1.02177  1.01415  1.03392
37.75  1.02177  1.01415  1.03392
38.25  1.02177  1.01415  1.03392
38.75  1.02177  1.01415  1.03392
39.25  1.02177  1.01415  1.03392
39.75  1.02177  1.01415  1.03392
40.25  1.02177  1.01415  1.03392
40.75  1.02177  1.01415  1.03392
41.25  1.02177  1.01415  1.03392
41.75  1.02177  1.01415  1.03392
42.25  1.02177  1.01415  1.03392
42.75  1.02177  1.01415  1.03392
43.25  1.02177  1.01415  1.03392
43.75  1.02177  1.01415  1.03392
44.25  1.02177  1.01415  1.03392
44.75  1.02177  1.01415  1.03392
45.25  1.02177  1.01415  1.03392
45.75  1.02177  1.01415  1.03392
46.25  1.02177  1.01415  1.03392
46.75  1.02177  1.01415  1.03392
47.25  1.02177  1.01415  1.03392
47.75  1.02177  1.01415  1.03392
48.25  1.02177  1.01415  1.03392
48.75  1.02177  1.01415  1.03392
49.25  1.02177  1.01415  1.03392
49.75  1.02177  1.01415  1.03392
50.25  1.  1.  1.
50.75  1.  1.  1.
51.25  1.  1.  1.
51.75  1.  1.  1.
52.25  1.  1.  1.
52.75  1.  1.  1.
53.25  1.  1.  1.
53.75  1.  1.  1.
54.25  1.  1.  1.
54.75  1.  1.  1.
55.25  1.  1.  1.
55.75  1.  1.  1.
56.25  1.  1.  1.
56.75  1.  1.  1.
57.25  1.  1.  1.
57.75  1.  1.  1.
58.25  1.  1.  1.
58.75  1.  1.  1.
59.25  1.  1.  1.
59.75  1.  1.  1.
60.25  1.  1.  1.
60.75  1.  1.  1.
61.25  1.  1.  1.
61.75  1.  1.  1.
62.25  1.  1.  1.
62.75  1.  1.  1.
63.25  1.  1.  1.
63.75  1.  1.  1.
64.25  1.  1.  1.
64.75  1.  1.  1.
65.25  1.  1.  1.
65.75  1.  1.  1.
66.25  1.  1.  1.
66.75  1.  1.  1.
67.25  1.  1.  1.
67.75  1.  1.  1.
68.25  1.  1.  1.
68.75  1.  1.  1.
69.25  1.  1.  1.
69.75  1.  1.  1.
70.25  1.  1.  1.
70.75  1.  1.  1.
71.25  1.  1.  1.
71.75  1.  1.  1.
72.25  1.  1.  1.
72.75  1.  1.  1.
73.25  1.  1.  1.
73.75  1.  1.  1.
74.25  1.  1.  1.
74.75  1.  1.  1.
75.25  1.  1.  1.
75.75  1.  1.  1.
76.25  1.  1.  1.
76.75  1.  1.  1.
77.25  1.  1.  1.
77.75  1.  1.  1.
78.25  1.  1.  1.
78.75  1.  1.  1.
79.25  1.  1.  1.
79.75  1.  1.  1.
80.25  1.  1.  1.
80.75  1.  1.  1.
81.25  1.  1.  1.
81.75  1.  1.  1.
82.25  1.  1.  1.
82.75  1.  1.  1.
83.25  1.  1.  1.
83.75  1.  1.  1.
84.25  1.  1.  1.
84.75  1.  1.  1.
85.25  1.  1.  1.
85.75  1.  1.  1.
86.25  1.  1.  1.
86.75  1.  1.  1.
87.25  1.  1.  1.
87.75  1.  1.  1.
88.25  1.  1.  1.
88.75  1.  1.  1.
89.25  1.  1.  1.
89.75  1.  1.  1.
90.25  1.  1.  1.
90.75  1.  1.  1.
91.25  1.  1.  1.
91.75  1.  1.  1.
92.25  1.  1.  1.
92.75  1.  1.  1.
93.25  1.  1.  1.
93.75  1.  1.  1.
94.25  1.  1.  1.
94.75  1.  1.  1.
95.25  1.  1.  1.
95.75  1.  1.  1.
96.25  1.  1.  1.
96.75  1.  1.  1.
97.25  1.  1.  1.
97.75  1.  1.  1.
98.25  1.  1.  1.
98.75  1.  1.  1.
99.25  1.  1.  1.
99.75  1.  1.  1.
100.25  1.  1.  1.
100.75  1.  1.  1.
101.25  1.  1.  1.
101.75  1.  1.  1.
102.25  1.  1.  1.
102.75  1.  1.  1.
103.25  1.  1.  1.
103.75  1.  1.  1.
104.25  1.  1.  1.
104.75  1.  1.  1.
105.25  1.  1.  1.
105.75  1.  1.  1.
106.25  1.  1.  1.
106.75  1.  1.  1.
107.25  1.  1.  1.
107.75  1.  1.  1.
108.25  1.  1.  1.
108.75  1.  1.  1.
109.25  1.  1.  1.
109.75  1.  1.  1.
110.25  1.  1.  1.
110.75  1.  1.  1.
111.25  1.  1.  1.
111.75  1.  1.  1.
112.25  1.  1.  1.
112.75  1.  1.  1.
113.25  1.  1.  1.
113.75  1.  1.  1.
114.25  1.  1.  1.
114.75  1.  1.  1.
115.25  1.  1.  1.
115.75  1.  1.  1.
116.25  1.  1.  1.
116.75  1.  1.  1.
117.25  1.  1.  1.
117.75  1.  1.  1.
118.25  1.  1.  1.
118.75  1.  1.  1.
119.25  1.  1.  1.
119.75  1.  1.  1.
120.25  1.  1.  1.
120.75  1.  1.  1.
121.25  1.  1.  1.
121.75  1.  1.  1.
122.25  1.  1.  1.
122.75  1.  1.  1.
123.25  1.  1.  1.
123.75  1.  1.  1.
124.25  1.  1.  1.
124.75  1.  1.  1.
125.25  1.  1.  1.
125.75  1.  1.  1.
126.25  1.  1.  1.
126.75  1.  1.  1.
127.25  1.  1.  1.
127.75  1.  1.  1.
128.25  1.  1.  1.
128.75  1.  1.  1.
129.25  1.  1.  1.
129.75  1.  1.  1.
130.25  1.  1.  1.
130.75  1.  1.  1.
131.25  1.  1.  1.
131.75  1.  1.  1.
132.25  1.  1.  1.
132.75  1.  1.  1.
133.25  1.  1.  1.
133.75  1.  1.  1.
134.25  1.  1.  1.
134.75  1.  1.  1.
135.25  1.  1.  1.
135.75  1.  1.  1.
136.25  1.  1.  1.
136.75  1.  1.  1.
137.25  1.  1.  1.
137.75  1.  1.  1.
138.25  1.  1.  1.
138.75  1.  1.  1.
139.25  1.  1.  1.
139.75  1.  1.  1.
140.25  1.  1.  1.
140.75  1.  1.  1.
141.25  1.  1.  1.
141.75  1.  1.  1.
142.25  1.  1.  1.
142.75  1.  1.  1.
143.25  1.  1.  1.
143.75  1.  1.  1.
144.25  1.  1.  1.
144.75  1.  1.  1.
145.25  1.  1.  1.
145.75  1.  1.  1.
146.25  1.  1.  1.
146.75  1.  1.  1.
147.25  1.  1.  1.
147.75  1.  1.  1.
148.25  1.  1.  1.
148.75  1.  1.  1.
149.25  1.  1.  1.
149.75  1.  1.  1.
150.25  1.  1.  1.
150.75  1.  1.  1.
151.25  1.  1.  1.
151.75  1.  1.  1.
152.25  1.  1.  1.
152.75  1.  1.  1.
153.25  1.  1.  1.
153.75  1.  1.  1.
154.25  1.  1.  1.
154.75  1.  1.  1.
155.25  1.  1.  1.
155.75  1.  1.  1.
156.25  1.  1.  1.
156.75  1.  1.  1.
157.25  1.  1.  1.
157.75  1.  1.  1.
158.25  1.  1.  1.
158.75  1.  1.  1.
159.25  1.  1.  1.
159.75  1.  1.  1.
160.25  1.  1.  1.
160.75  1.  1.  1.
161.25  1.  1.  1.
161.75  1.  1.  1.
162.25  1.  1.  1.
162.75  1.  1.  1.
163.25  1.  1.  1.
163.75  1.  1.  1.
164.25  1.  1.  1.
164.75  1.  1.  1.
165.25  1.  1.  1.
165.75  1.  1.  1.
166.25  1.  1.  1.
166.75  1.  1.  1.
167.25  1.  1.  1.
167.75  1.  1.  1.
168.25  1.  1.  1.
168.75  1.  1.  1.
169.25  1.  1.  1.
169.75  1.  1.  1.
170.25  1.  1.  1.
170.75  1.  1.  1.
171.25  1.  1.  1.
171.75  1.  1.  1.
172.25  1.  1.  1.
172.75  1.  1.  1.
173.25  1.  1.  1.
173.75  1.  1.  1.
174.25  1.  1.  1.
174.75  1.  1.  1.
175.25  1.  1.  1.
175.75  1.  1.  1.
176.25  1.  1.  1.
176.75  1.  1.  1.
177.25  1.  1.  1.
177.75  1.  1.  1.
178.25  1.  1.  1.
178.75  1.  1.  1.
179.25  1.  1.  1.
179.75  1.  1.  1.
180.25  1.  1.  1.
180.75  1.  1.  1.
181.25  1.  1.  1.
181.75  1.  1.  1.
182.25  1.  1.  1.
182.75  1.  1.  1.
183.25  1.  1.  1.
183.75  1.  1.  1.
184.25  1.  1.  1.
184.75  1.  1.  1.
185.25  1.  1.  1.
185.75  1.  1.  1.
186.25  1.  1.  1.
186.75  1.  1.  1.
187.25  1.  1.  1.
187.75  1.  1.  1.
188.25  1.  1.  1.
188.75  1.  1.  1.
189.25  1.  1.  1.
189.75  1.  1.  1.
190.25  1.  1.  1.
190.75  1.  1.  1.
191.25  1.  1.  1.
191.75  1.  1.  1.
192.25  1.  1.  1.
192.75  1.  1.  1.
193.25  1.  1.  1.
193.75  1.  1.  1.
194.25  1.  1.  1.
194.75  1.  1.  1.
195.25  1.  1.  1.
195.75  1.  1.  1.
196.25  1.  1.  1.
196.75  1.  1.  1.
197.25  1.  1.  1.
197.75  1.  1.  1.
198.25  1.  1.  1.
198.75  1.  1.  1.
199.25  1.  1.  1.
199.75  1.  1.  1.
