# pt   RAA_central    RAA_lower    RAA_upper  
400  0.5
0.25  0.732922  0.564842  0.902993
0.75  0.757326  0.580499  0.921769
1.25  0.78329  0.615977  0.944455
1.75  0.806232  0.645025  0.957534
2.25  0.843377  0.697431  0.990628
2.75  0.883473  0.730353  1.00354
3.25  0.913759  0.786747  1.02326
3.75  0.937151  0.827684  1.03893
4.25  0.953895  0.854187  1.05065
4.75  0.965531  0.87541  1.05784
5.25  0.972148  0.891518  1.06054
5.75  0.980268  0.906164  1.06488
6.25  0.989871  0.919381  1.07086
6.75  0.99943  0.932509  1.07682
7.25  1.00868  0.945945  1.07969
7.75  1.01763  0.95968  1.07947
8.25  1.02655  0.973322  1.07924
8.75  1.03543  0.986874  1.07902
9.25  1.0409  0.997241  1.08226
9.75  1.04299  1.00447  1.08895
10.25  1.04508  1.01168  1.09562
10.75  1.04716  1.01886  1.10227
11.25  1.0494  1.02276  1.10589
11.75  1.05178  1.0234  1.10648
12.25  1.05416  1.02403  1.10708
12.75  1.05654  1.02467  1.10767
13.25  1.05892  1.0253  1.10826
13.75  1.06129  1.02593  1.10885
14.25  1.06367  1.02657  1.10945
14.75  1.06604  1.0272  1.11004
15.25  1.0684  1.02784  1.11063
15.75  1.07077  1.02847  1.11123
16.25  1.07228  1.02923  1.11209
16.75  1.07294  1.03011  1.11321
17.25  1.0736  1.031  1.11434
17.75  1.07426  1.03188  1.11546
18.25  1.07492  1.03277  1.11659
18.75  1.07557  1.03365  1.11771
19.25  1.07623  1.03453  1.11884
19.75  1.07689  1.03542  1.11996
20.25  1.07755  1.0363  1.12109
20.75  1.07821  1.03718  1.12221
21.25  1.07886  1.03806  1.12333
21.75  1.07952  1.03895  1.12445
22.25  1.08018  1.03983  1.12557
22.75  1.08084  1.04071  1.12669
23.25  1.08149  1.04159  1.12781
23.75  1.08215  1.04247  1.12893
24.25  1.08281  1.04335  1.13005
24.75  1.08346  1.04423  1.13117
25.25  1.08412  1.04511  1.13229
25.75  1.08478  1.04599  1.13341
26.25  1.08543  1.04686  1.13452
26.75  1.08609  1.04774  1.13564
27.25  1.08674  1.04862  1.13676
27.75  1.0874  1.0495  1.13787
28.25  1.08806  1.05038  1.13899
28.75  1.08871  1.05125  1.1401
29.25  1.08937  1.05213  1.14122
29.75  1.09002  1.053  1.14233
30.25  1.09067  1.05388  1.14344
30.75  1.09133  1.05476  1.14456
31.25  1.09198  1.05563  1.14567
31.75  1.09264  1.05651  1.14678
32.25  1.09329  1.05738  1.14789
32.75  1.09394  1.05825  1.149
33.25  1.0946  1.05913  1.15011
33.75  1.09525  1.06  1.15122
34.25  1.0959  1.06087  1.15233
34.75  1.09656  1.06175  1.15344
35.25  1.09688  1.06218  1.154
35.75  1.09688  1.06218  1.154
36.25  1.09688  1.06218  1.154
36.75  1.09688  1.06218  1.154
37.25  1.09688  1.06218  1.154
37.75  1.09688  1.06218  1.154
38.25  1.09688  1.06218  1.154
38.75  1.09688  1.06218  1.154
39.25  1.09688  1.06218  1.154
39.75  1.09688  1.06218  1.154
40.25  1.09688  1.06218  1.154
40.75  1.09688  1.06218  1.154
41.25  1.09688  1.06218  1.154
41.75  1.09688  1.06218  1.154
42.25  1.09688  1.06218  1.154
42.75  1.09688  1.06218  1.154
43.25  1.09688  1.06218  1.154
43.75  1.09688  1.06218  1.154
44.25  1.09688  1.06218  1.154
44.75  1.09688  1.06218  1.154
45.25  1.09688  1.06218  1.154
45.75  1.09688  1.06218  1.154
46.25  1.09688  1.06218  1.154
46.75  1.09688  1.06218  1.154
47.25  1.09688  1.06218  1.154
47.75  1.09688  1.06218  1.154
48.25  1.09688  1.06218  1.154
48.75  1.09688  1.06218  1.154
49.25  1.09688  1.06218  1.154
49.75  1.09688  1.06218  1.154
50.25  1.  1.  1.
50.75  1.  1.  1.
51.25  1.  1.  1.
51.75  1.  1.  1.
52.25  1.  1.  1.
52.75  1.  1.  1.
53.25  1.  1.  1.
53.75  1.  1.  1.
54.25  1.  1.  1.
54.75  1.  1.  1.
55.25  1.  1.  1.
55.75  1.  1.  1.
56.25  1.  1.  1.
56.75  1.  1.  1.
57.25  1.  1.  1.
57.75  1.  1.  1.
58.25  1.  1.  1.
58.75  1.  1.  1.
59.25  1.  1.  1.
59.75  1.  1.  1.
60.25  1.  1.  1.
60.75  1.  1.  1.
61.25  1.  1.  1.
61.75  1.  1.  1.
62.25  1.  1.  1.
62.75  1.  1.  1.
63.25  1.  1.  1.
63.75  1.  1.  1.
64.25  1.  1.  1.
64.75  1.  1.  1.
65.25  1.  1.  1.
65.75  1.  1.  1.
66.25  1.  1.  1.
66.75  1.  1.  1.
67.25  1.  1.  1.
67.75  1.  1.  1.
68.25  1.  1.  1.
68.75  1.  1.  1.
69.25  1.  1.  1.
69.75  1.  1.  1.
70.25  1.  1.  1.
70.75  1.  1.  1.
71.25  1.  1.  1.
71.75  1.  1.  1.
72.25  1.  1.  1.
72.75  1.  1.  1.
73.25  1.  1.  1.
73.75  1.  1.  1.
74.25  1.  1.  1.
74.75  1.  1.  1.
75.25  1.  1.  1.
75.75  1.  1.  1.
76.25  1.  1.  1.
76.75  1.  1.  1.
77.25  1.  1.  1.
77.75  1.  1.  1.
78.25  1.  1.  1.
78.75  1.  1.  1.
79.25  1.  1.  1.
79.75  1.  1.  1.
80.25  1.  1.  1.
80.75  1.  1.  1.
81.25  1.  1.  1.
81.75  1.  1.  1.
82.25  1.  1.  1.
82.75  1.  1.  1.
83.25  1.  1.  1.
83.75  1.  1.  1.
84.25  1.  1.  1.
84.75  1.  1.  1.
85.25  1.  1.  1.
85.75  1.  1.  1.
86.25  1.  1.  1.
86.75  1.  1.  1.
87.25  1.  1.  1.
87.75  1.  1.  1.
88.25  1.  1.  1.
88.75  1.  1.  1.
89.25  1.  1.  1.
89.75  1.  1.  1.
90.25  1.  1.  1.
90.75  1.  1.  1.
91.25  1.  1.  1.
91.75  1.  1.  1.
92.25  1.  1.  1.
92.75  1.  1.  1.
93.25  1.  1.  1.
93.75  1.  1.  1.
94.25  1.  1.  1.
94.75  1.  1.  1.
95.25  1.  1.  1.
95.75  1.  1.  1.
96.25  1.  1.  1.
96.75  1.  1.  1.
97.25  1.  1.  1.
97.75  1.  1.  1.
98.25  1.  1.  1.
98.75  1.  1.  1.
99.25  1.  1.  1.
99.75  1.  1.  1.
100.25  1.  1.  1.
100.75  1.  1.  1.
101.25  1.  1.  1.
101.75  1.  1.  1.
102.25  1.  1.  1.
102.75  1.  1.  1.
103.25  1.  1.  1.
103.75  1.  1.  1.
104.25  1.  1.  1.
104.75  1.  1.  1.
105.25  1.  1.  1.
105.75  1.  1.  1.
106.25  1.  1.  1.
106.75  1.  1.  1.
107.25  1.  1.  1.
107.75  1.  1.  1.
108.25  1.  1.  1.
108.75  1.  1.  1.
109.25  1.  1.  1.
109.75  1.  1.  1.
110.25  1.  1.  1.
110.75  1.  1.  1.
111.25  1.  1.  1.
111.75  1.  1.  1.
112.25  1.  1.  1.
112.75  1.  1.  1.
113.25  1.  1.  1.
113.75  1.  1.  1.
114.25  1.  1.  1.
114.75  1.  1.  1.
115.25  1.  1.  1.
115.75  1.  1.  1.
116.25  1.  1.  1.
116.75  1.  1.  1.
117.25  1.  1.  1.
117.75  1.  1.  1.
118.25  1.  1.  1.
118.75  1.  1.  1.
119.25  1.  1.  1.
119.75  1.  1.  1.
120.25  1.  1.  1.
120.75  1.  1.  1.
121.25  1.  1.  1.
121.75  1.  1.  1.
122.25  1.  1.  1.
122.75  1.  1.  1.
123.25  1.  1.  1.
123.75  1.  1.  1.
124.25  1.  1.  1.
124.75  1.  1.  1.
125.25  1.  1.  1.
125.75  1.  1.  1.
126.25  1.  1.  1.
126.75  1.  1.  1.
127.25  1.  1.  1.
127.75  1.  1.  1.
128.25  1.  1.  1.
128.75  1.  1.  1.
129.25  1.  1.  1.
129.75  1.  1.  1.
130.25  1.  1.  1.
130.75  1.  1.  1.
131.25  1.  1.  1.
131.75  1.  1.  1.
132.25  1.  1.  1.
132.75  1.  1.  1.
133.25  1.  1.  1.
133.75  1.  1.  1.
134.25  1.  1.  1.
134.75  1.  1.  1.
135.25  1.  1.  1.
135.75  1.  1.  1.
136.25  1.  1.  1.
136.75  1.  1.  1.
137.25  1.  1.  1.
137.75  1.  1.  1.
138.25  1.  1.  1.
138.75  1.  1.  1.
139.25  1.  1.  1.
139.75  1.  1.  1.
140.25  1.  1.  1.
140.75  1.  1.  1.
141.25  1.  1.  1.
141.75  1.  1.  1.
142.25  1.  1.  1.
142.75  1.  1.  1.
143.25  1.  1.  1.
143.75  1.  1.  1.
144.25  1.  1.  1.
144.75  1.  1.  1.
145.25  1.  1.  1.
145.75  1.  1.  1.
146.25  1.  1.  1.
146.75  1.  1.  1.
147.25  1.  1.  1.
147.75  1.  1.  1.
148.25  1.  1.  1.
148.75  1.  1.  1.
149.25  1.  1.  1.
149.75  1.  1.  1.
150.25  1.  1.  1.
150.75  1.  1.  1.
151.25  1.  1.  1.
151.75  1.  1.  1.
152.25  1.  1.  1.
152.75  1.  1.  1.
153.25  1.  1.  1.
153.75  1.  1.  1.
154.25  1.  1.  1.
154.75  1.  1.  1.
155.25  1.  1.  1.
155.75  1.  1.  1.
156.25  1.  1.  1.
156.75  1.  1.  1.
157.25  1.  1.  1.
157.75  1.  1.  1.
158.25  1.  1.  1.
158.75  1.  1.  1.
159.25  1.  1.  1.
159.75  1.  1.  1.
160.25  1.  1.  1.
160.75  1.  1.  1.
161.25  1.  1.  1.
161.75  1.  1.  1.
162.25  1.  1.  1.
162.75  1.  1.  1.
163.25  1.  1.  1.
163.75  1.  1.  1.
164.25  1.  1.  1.
164.75  1.  1.  1.
165.25  1.  1.  1.
165.75  1.  1.  1.
166.25  1.  1.  1.
166.75  1.  1.  1.
167.25  1.  1.  1.
167.75  1.  1.  1.
168.25  1.  1.  1.
168.75  1.  1.  1.
169.25  1.  1.  1.
169.75  1.  1.  1.
170.25  1.  1.  1.
170.75  1.  1.  1.
171.25  1.  1.  1.
171.75  1.  1.  1.
172.25  1.  1.  1.
172.75  1.  1.  1.
173.25  1.  1.  1.
173.75  1.  1.  1.
174.25  1.  1.  1.
174.75  1.  1.  1.
175.25  1.  1.  1.
175.75  1.  1.  1.
176.25  1.  1.  1.
176.75  1.  1.  1.
177.25  1.  1.  1.
177.75  1.  1.  1.
178.25  1.  1.  1.
178.75  1.  1.  1.
179.25  1.  1.  1.
179.75  1.  1.  1.
180.25  1.  1.  1.
180.75  1.  1.  1.
181.25  1.  1.  1.
181.75  1.  1.  1.
182.25  1.  1.  1.
182.75  1.  1.  1.
183.25  1.  1.  1.
183.75  1.  1.  1.
184.25  1.  1.  1.
184.75  1.  1.  1.
185.25  1.  1.  1.
185.75  1.  1.  1.
186.25  1.  1.  1.
186.75  1.  1.  1.
187.25  1.  1.  1.
187.75  1.  1.  1.
188.25  1.  1.  1.
188.75  1.  1.  1.
189.25  1.  1.  1.
189.75  1.  1.  1.
190.25  1.  1.  1.
190.75  1.  1.  1.
191.25  1.  1.  1.
191.75  1.  1.  1.
192.25  1.  1.  1.
192.75  1.  1.  1.
193.25  1.  1.  1.
193.75  1.  1.  1.
194.25  1.  1.  1.
194.75  1.  1.  1.
195.25  1.  1.  1.
195.75  1.  1.  1.
196.25  1.  1.  1.
196.75  1.  1.  1.
197.25  1.  1.  1.
197.75  1.  1.  1.
198.25  1.  1.  1.
198.75  1.  1.  1.
199.25  1.  1.  1.
199.75  1.  1.  1.
