# pt   RAA_central    RAA_lower    RAA_upper  
400  0.5
0.25  0.645419  0.447558  0.852309
0.75  0.664937  0.463383  0.883082
1.25  0.68672  0.487024  0.905594
1.75  0.711742  0.518651  0.918552
2.25  0.748565  0.559279  0.951389
2.75  0.793363  0.60766  0.984319
3.25  0.827811  0.652557  1.01925
3.75  0.859348  0.690383  1.03837
4.25  0.887945  0.721008  1.0416
4.75  0.905272  0.743322  1.04051
5.25  0.911272  0.757263  1.03508
5.75  0.919914  0.778923  1.03968
6.25  0.931205  0.808353  1.05431
6.75  0.942507  0.837876  1.06896
7.25  0.952599  0.855888  1.07514
7.75  0.961476  0.862327  1.07283
8.25  0.970359  0.86877  1.07052
8.75  0.979251  0.875217  1.06821
9.25  0.983425  0.88108  1.06732
9.75  0.982876  0.886359  1.06785
10.25  0.982328  0.891642  1.06838
10.75  0.98178  0.896926  1.06892
11.25  0.985403  0.904217  1.07158
11.75  0.993203  0.913518  1.07639
12.25  1.00101  0.922828  1.08119
12.75  1.00882  0.932145  1.08599
13.25  1.01663  0.941471  1.0908
13.75  1.02445  0.950805  1.09561
14.25  1.03228  0.960147  1.10042
14.75  1.04011  0.969496  1.10523
15.25  1.04794  0.978853  1.11004
15.75  1.05578  0.988219  1.11486
16.25  1.06038  0.993148  1.11846
16.75  1.06174  0.993633  1.12085
17.25  1.0631  0.99412  1.12324
17.75  1.06445  0.994607  1.12562
18.25  1.06581  0.995093  1.12801
18.75  1.06717  0.99558  1.1304
19.25  1.06852  0.996067  1.13279
19.75  1.06988  0.996552  1.13518
20.25  1.07124  0.997039  1.13757
20.75  1.0726  0.997526  1.13996
21.25  1.07396  0.998012  1.14236
21.75  1.07532  0.998499  1.14475
22.25  1.07667  0.998986  1.14714
22.75  1.07803  0.999472  1.14953
23.25  1.07939  0.999959  1.15193
23.75  1.08075  1.00045  1.15432
24.25  1.08211  1.00093  1.15671
24.75  1.08347  1.00142  1.15911
25.25  1.08483  1.00191  1.1615
25.75  1.08619  1.00239  1.1639
26.25  1.08755  1.00288  1.16629
26.75  1.08891  1.00337  1.16869
27.25  1.09027  1.00385  1.17108
27.75  1.09162  1.00434  1.17348
28.25  1.09299  1.00483  1.17588
28.75  1.09435  1.00531  1.17827
29.25  1.09571  1.0058  1.18067
29.75  1.09707  1.00629  1.18307
30.25  1.09843  1.00677  1.18547
30.75  1.09979  1.00726  1.18787
31.25  1.10115  1.00775  1.19026
31.75  1.10251  1.00824  1.19266
32.25  1.10387  1.00872  1.19506
32.75  1.10523  1.00921  1.19746
33.25  1.10659  1.0097  1.19986
33.75  1.10796  1.01018  1.20226
34.25  1.10932  1.01067  1.20466
34.75  1.11068  1.01116  1.20707
35.25  1.11136  1.0114  1.20827
35.75  1.11136  1.0114  1.20827
36.25  1.11136  1.0114  1.20827
36.75  1.11136  1.0114  1.20827
37.25  1.11136  1.0114  1.20827
37.75  1.11136  1.0114  1.20827
38.25  1.11136  1.0114  1.20827
38.75  1.11136  1.0114  1.20827
39.25  1.11136  1.0114  1.20827
39.75  1.11136  1.0114  1.20827
40.25  1.11136  1.0114  1.20827
40.75  1.11136  1.0114  1.20827
41.25  1.11136  1.0114  1.20827
41.75  1.11136  1.0114  1.20827
42.25  1.11136  1.0114  1.20827
42.75  1.11136  1.0114  1.20827
43.25  1.11136  1.0114  1.20827
43.75  1.11136  1.0114  1.20827
44.25  1.11136  1.0114  1.20827
44.75  1.11136  1.0114  1.20827
45.25  1.11136  1.0114  1.20827
45.75  1.11136  1.0114  1.20827
46.25  1.11136  1.0114  1.20827
46.75  1.11136  1.0114  1.20827
47.25  1.11136  1.0114  1.20827
47.75  1.11136  1.0114  1.20827
48.25  1.11136  1.0114  1.20827
48.75  1.11136  1.0114  1.20827
49.25  1.11136  1.0114  1.20827
49.75  1.11136  1.0114  1.20827
50.25  1.  1.  1.
50.75  1.  1.  1.
51.25  1.  1.  1.
51.75  1.  1.  1.
52.25  1.  1.  1.
52.75  1.  1.  1.
53.25  1.  1.  1.
53.75  1.  1.  1.
54.25  1.  1.  1.
54.75  1.  1.  1.
55.25  1.  1.  1.
55.75  1.  1.  1.
56.25  1.  1.  1.
56.75  1.  1.  1.
57.25  1.  1.  1.
57.75  1.  1.  1.
58.25  1.  1.  1.
58.75  1.  1.  1.
59.25  1.  1.  1.
59.75  1.  1.  1.
60.25  1.  1.  1.
60.75  1.  1.  1.
61.25  1.  1.  1.
61.75  1.  1.  1.
62.25  1.  1.  1.
62.75  1.  1.  1.
63.25  1.  1.  1.
63.75  1.  1.  1.
64.25  1.  1.  1.
64.75  1.  1.  1.
65.25  1.  1.  1.
65.75  1.  1.  1.
66.25  1.  1.  1.
66.75  1.  1.  1.
67.25  1.  1.  1.
67.75  1.  1.  1.
68.25  1.  1.  1.
68.75  1.  1.  1.
69.25  1.  1.  1.
69.75  1.  1.  1.
70.25  1.  1.  1.
70.75  1.  1.  1.
71.25  1.  1.  1.
71.75  1.  1.  1.
72.25  1.  1.  1.
72.75  1.  1.  1.
73.25  1.  1.  1.
73.75  1.  1.  1.
74.25  1.  1.  1.
74.75  1.  1.  1.
75.25  1.  1.  1.
75.75  1.  1.  1.
76.25  1.  1.  1.
76.75  1.  1.  1.
77.25  1.  1.  1.
77.75  1.  1.  1.
78.25  1.  1.  1.
78.75  1.  1.  1.
79.25  1.  1.  1.
79.75  1.  1.  1.
80.25  1.  1.  1.
80.75  1.  1.  1.
81.25  1.  1.  1.
81.75  1.  1.  1.
82.25  1.  1.  1.
82.75  1.  1.  1.
83.25  1.  1.  1.
83.75  1.  1.  1.
84.25  1.  1.  1.
84.75  1.  1.  1.
85.25  1.  1.  1.
85.75  1.  1.  1.
86.25  1.  1.  1.
86.75  1.  1.  1.
87.25  1.  1.  1.
87.75  1.  1.  1.
88.25  1.  1.  1.
88.75  1.  1.  1.
89.25  1.  1.  1.
89.75  1.  1.  1.
90.25  1.  1.  1.
90.75  1.  1.  1.
91.25  1.  1.  1.
91.75  1.  1.  1.
92.25  1.  1.  1.
92.75  1.  1.  1.
93.25  1.  1.  1.
93.75  1.  1.  1.
94.25  1.  1.  1.
94.75  1.  1.  1.
95.25  1.  1.  1.
95.75  1.  1.  1.
96.25  1.  1.  1.
96.75  1.  1.  1.
97.25  1.  1.  1.
97.75  1.  1.  1.
98.25  1.  1.  1.
98.75  1.  1.  1.
99.25  1.  1.  1.
99.75  1.  1.  1.
100.25  1.  1.  1.
100.75  1.  1.  1.
101.25  1.  1.  1.
101.75  1.  1.  1.
102.25  1.  1.  1.
102.75  1.  1.  1.
103.25  1.  1.  1.
103.75  1.  1.  1.
104.25  1.  1.  1.
104.75  1.  1.  1.
105.25  1.  1.  1.
105.75  1.  1.  1.
106.25  1.  1.  1.
106.75  1.  1.  1.
107.25  1.  1.  1.
107.75  1.  1.  1.
108.25  1.  1.  1.
108.75  1.  1.  1.
109.25  1.  1.  1.
109.75  1.  1.  1.
110.25  1.  1.  1.
110.75  1.  1.  1.
111.25  1.  1.  1.
111.75  1.  1.  1.
112.25  1.  1.  1.
112.75  1.  1.  1.
113.25  1.  1.  1.
113.75  1.  1.  1.
114.25  1.  1.  1.
114.75  1.  1.  1.
115.25  1.  1.  1.
115.75  1.  1.  1.
116.25  1.  1.  1.
116.75  1.  1.  1.
117.25  1.  1.  1.
117.75  1.  1.  1.
118.25  1.  1.  1.
118.75  1.  1.  1.
119.25  1.  1.  1.
119.75  1.  1.  1.
120.25  1.  1.  1.
120.75  1.  1.  1.
121.25  1.  1.  1.
121.75  1.  1.  1.
122.25  1.  1.  1.
122.75  1.  1.  1.
123.25  1.  1.  1.
123.75  1.  1.  1.
124.25  1.  1.  1.
124.75  1.  1.  1.
125.25  1.  1.  1.
125.75  1.  1.  1.
126.25  1.  1.  1.
126.75  1.  1.  1.
127.25  1.  1.  1.
127.75  1.  1.  1.
128.25  1.  1.  1.
128.75  1.  1.  1.
129.25  1.  1.  1.
129.75  1.  1.  1.
130.25  1.  1.  1.
130.75  1.  1.  1.
131.25  1.  1.  1.
131.75  1.  1.  1.
132.25  1.  1.  1.
132.75  1.  1.  1.
133.25  1.  1.  1.
133.75  1.  1.  1.
134.25  1.  1.  1.
134.75  1.  1.  1.
135.25  1.  1.  1.
135.75  1.  1.  1.
136.25  1.  1.  1.
136.75  1.  1.  1.
137.25  1.  1.  1.
137.75  1.  1.  1.
138.25  1.  1.  1.
138.75  1.  1.  1.
139.25  1.  1.  1.
139.75  1.  1.  1.
140.25  1.  1.  1.
140.75  1.  1.  1.
141.25  1.  1.  1.
141.75  1.  1.  1.
142.25  1.  1.  1.
142.75  1.  1.  1.
143.25  1.  1.  1.
143.75  1.  1.  1.
144.25  1.  1.  1.
144.75  1.  1.  1.
145.25  1.  1.  1.
145.75  1.  1.  1.
146.25  1.  1.  1.
146.75  1.  1.  1.
147.25  1.  1.  1.
147.75  1.  1.  1.
148.25  1.  1.  1.
148.75  1.  1.  1.
149.25  1.  1.  1.
149.75  1.  1.  1.
150.25  1.  1.  1.
150.75  1.  1.  1.
151.25  1.  1.  1.
151.75  1.  1.  1.
152.25  1.  1.  1.
152.75  1.  1.  1.
153.25  1.  1.  1.
153.75  1.  1.  1.
154.25  1.  1.  1.
154.75  1.  1.  1.
155.25  1.  1.  1.
155.75  1.  1.  1.
156.25  1.  1.  1.
156.75  1.  1.  1.
157.25  1.  1.  1.
157.75  1.  1.  1.
158.25  1.  1.  1.
158.75  1.  1.  1.
159.25  1.  1.  1.
159.75  1.  1.  1.
160.25  1.  1.  1.
160.75  1.  1.  1.
161.25  1.  1.  1.
161.75  1.  1.  1.
162.25  1.  1.  1.
162.75  1.  1.  1.
163.25  1.  1.  1.
163.75  1.  1.  1.
164.25  1.  1.  1.
164.75  1.  1.  1.
165.25  1.  1.  1.
165.75  1.  1.  1.
166.25  1.  1.  1.
166.75  1.  1.  1.
167.25  1.  1.  1.
167.75  1.  1.  1.
168.25  1.  1.  1.
168.75  1.  1.  1.
169.25  1.  1.  1.
169.75  1.  1.  1.
170.25  1.  1.  1.
170.75  1.  1.  1.
171.25  1.  1.  1.
171.75  1.  1.  1.
172.25  1.  1.  1.
172.75  1.  1.  1.
173.25  1.  1.  1.
173.75  1.  1.  1.
174.25  1.  1.  1.
174.75  1.  1.  1.
175.25  1.  1.  1.
175.75  1.  1.  1.
176.25  1.  1.  1.
176.75  1.  1.  1.
177.25  1.  1.  1.
177.75  1.  1.  1.
178.25  1.  1.  1.
178.75  1.  1.  1.
179.25  1.  1.  1.
179.75  1.  1.  1.
180.25  1.  1.  1.
180.75  1.  1.  1.
181.25  1.  1.  1.
181.75  1.  1.  1.
182.25  1.  1.  1.
182.75  1.  1.  1.
183.25  1.  1.  1.
183.75  1.  1.  1.
184.25  1.  1.  1.
184.75  1.  1.  1.
185.25  1.  1.  1.
185.75  1.  1.  1.
186.25  1.  1.  1.
186.75  1.  1.  1.
187.25  1.  1.  1.
187.75  1.  1.  1.
188.25  1.  1.  1.
188.75  1.  1.  1.
189.25  1.  1.  1.
189.75  1.  1.  1.
190.25  1.  1.  1.
190.75  1.  1.  1.
191.25  1.  1.  1.
191.75  1.  1.  1.
192.25  1.  1.  1.
192.75  1.  1.  1.
193.25  1.  1.  1.
193.75  1.  1.  1.
194.25  1.  1.  1.
194.75  1.  1.  1.
195.25  1.  1.  1.
195.75  1.  1.  1.
196.25  1.  1.  1.
196.75  1.  1.  1.
197.25  1.  1.  1.
197.75  1.  1.  1.
198.25  1.  1.  1.
198.75  1.  1.  1.
199.25  1.  1.  1.
199.75  1.  1.  1.
