# pt   RAA_central    RAA_lower    RAA_upper  
400  0.5
0.25  0.903449  0.828269  0.967375
0.75  0.913242  0.835915  0.973883
1.25  0.923406  0.852735  0.981617
1.75  0.932186  0.865984  0.986015
2.25  0.946037  0.88876  0.996951
2.75  0.960504  0.902404  1.00115
3.25  0.971118  0.924741  1.00748
3.75  0.979142  0.940239  1.01245
4.25  0.984796  0.949985  1.01613
4.75  0.988683  0.957634  1.01838
5.25  0.990878  0.963349  1.01921
5.75  0.993556  0.968481  1.02056
6.25  0.996704  0.97306  1.02241
6.75  0.999815  0.977562  1.02425
7.25  1.00281  0.982121  1.02513
7.75  1.00568  0.986733  1.02506
8.25  1.00853  0.991266  1.02499
8.75  1.01134  0.995724  1.02492
9.25  1.01307  0.999105  1.02592
9.75  1.01373  1.00145  1.02796
10.25  1.01438  1.00377  1.03
10.75  1.01504  1.00607  1.03201
11.25  1.01574  1.00732  1.03311
11.75  1.01649  1.00752  1.03328
12.25  1.01723  1.00772  1.03346
12.75  1.01797  1.00793  1.03364
13.25  1.01871  1.00813  1.03382
13.75  1.01945  1.00833  1.034
14.25  1.02019  1.00853  1.03418
14.75  1.02092  1.00873  1.03436
15.25  1.02165  1.00894  1.03454
15.75  1.02238  1.00914  1.03471
16.25  1.02285  1.00938  1.03497
16.75  1.02305  1.00966  1.03531
17.25  1.02326  1.00994  1.03565
17.75  1.02346  1.01022  1.03599
18.25  1.02366  1.0105  1.03632
18.75  1.02387  1.01078  1.03666
19.25  1.02407  1.01106  1.037
19.75  1.02427  1.01134  1.03733
20.25  1.02447  1.01162  1.03767
20.75  1.02468  1.0119  1.03801
21.25  1.02488  1.01218  1.03834
21.75  1.02508  1.01245  1.03868
22.25  1.02528  1.01273  1.03901
22.75  1.02548  1.01301  1.03934
23.25  1.02568  1.01329  1.03968
23.75  1.02589  1.01356  1.04001
24.25  1.02609  1.01384  1.04034
24.75  1.02629  1.01412  1.04068
25.25  1.02649  1.01439  1.04101
25.75  1.02669  1.01467  1.04134
26.25  1.02689  1.01494  1.04167
26.75  1.02709  1.01522  1.042
27.25  1.02729  1.0155  1.04233
27.75  1.02749  1.01577  1.04266
28.25  1.02769  1.01604  1.04299
28.75  1.02789  1.01632  1.04332
29.25  1.02809  1.01659  1.04365
29.75  1.02829  1.01687  1.04398
30.25  1.02849  1.01714  1.04431
30.75  1.02869  1.01741  1.04464
31.25  1.02889  1.01769  1.04497
31.75  1.02909  1.01796  1.04529
32.25  1.02929  1.01823  1.04562
32.75  1.02949  1.0185  1.04595
33.25  1.02969  1.01878  1.04627
33.75  1.02988  1.01905  1.0466
34.25  1.03008  1.01932  1.04693
34.75  1.03028  1.01959  1.04725
35.25  1.03038  1.01973  1.04741
35.75  1.03038  1.01973  1.04741
36.25  1.03038  1.01973  1.04741
36.75  1.03038  1.01973  1.04741
37.25  1.03038  1.01973  1.04741
37.75  1.03038  1.01973  1.04741
38.25  1.03038  1.01973  1.04741
38.75  1.03038  1.01973  1.04741
39.25  1.03038  1.01973  1.04741
39.75  1.03038  1.01973  1.04741
40.25  1.03038  1.01973  1.04741
40.75  1.03038  1.01973  1.04741
41.25  1.03038  1.01973  1.04741
41.75  1.03038  1.01973  1.04741
42.25  1.03038  1.01973  1.04741
42.75  1.03038  1.01973  1.04741
43.25  1.03038  1.01973  1.04741
43.75  1.03038  1.01973  1.04741
44.25  1.03038  1.01973  1.04741
44.75  1.03038  1.01973  1.04741
45.25  1.03038  1.01973  1.04741
45.75  1.03038  1.01973  1.04741
46.25  1.03038  1.01973  1.04741
46.75  1.03038  1.01973  1.04741
47.25  1.03038  1.01973  1.04741
47.75  1.03038  1.01973  1.04741
48.25  1.03038  1.01973  1.04741
48.75  1.03038  1.01973  1.04741
49.25  1.03038  1.01973  1.04741
49.75  1.03038  1.01973  1.04741
50.25  1.  1.  1.
50.75  1.  1.  1.
51.25  1.  1.  1.
51.75  1.  1.  1.
52.25  1.  1.  1.
52.75  1.  1.  1.
53.25  1.  1.  1.
53.75  1.  1.  1.
54.25  1.  1.  1.
54.75  1.  1.  1.
55.25  1.  1.  1.
55.75  1.  1.  1.
56.25  1.  1.  1.
56.75  1.  1.  1.
57.25  1.  1.  1.
57.75  1.  1.  1.
58.25  1.  1.  1.
58.75  1.  1.  1.
59.25  1.  1.  1.
59.75  1.  1.  1.
60.25  1.  1.  1.
60.75  1.  1.  1.
61.25  1.  1.  1.
61.75  1.  1.  1.
62.25  1.  1.  1.
62.75  1.  1.  1.
63.25  1.  1.  1.
63.75  1.  1.  1.
64.25  1.  1.  1.
64.75  1.  1.  1.
65.25  1.  1.  1.
65.75  1.  1.  1.
66.25  1.  1.  1.
66.75  1.  1.  1.
67.25  1.  1.  1.
67.75  1.  1.  1.
68.25  1.  1.  1.
68.75  1.  1.  1.
69.25  1.  1.  1.
69.75  1.  1.  1.
70.25  1.  1.  1.
70.75  1.  1.  1.
71.25  1.  1.  1.
71.75  1.  1.  1.
72.25  1.  1.  1.
72.75  1.  1.  1.
73.25  1.  1.  1.
73.75  1.  1.  1.
74.25  1.  1.  1.
74.75  1.  1.  1.
75.25  1.  1.  1.
75.75  1.  1.  1.
76.25  1.  1.  1.
76.75  1.  1.  1.
77.25  1.  1.  1.
77.75  1.  1.  1.
78.25  1.  1.  1.
78.75  1.  1.  1.
79.25  1.  1.  1.
79.75  1.  1.  1.
80.25  1.  1.  1.
80.75  1.  1.  1.
81.25  1.  1.  1.
81.75  1.  1.  1.
82.25  1.  1.  1.
82.75  1.  1.  1.
83.25  1.  1.  1.
83.75  1.  1.  1.
84.25  1.  1.  1.
84.75  1.  1.  1.
85.25  1.  1.  1.
85.75  1.  1.  1.
86.25  1.  1.  1.
86.75  1.  1.  1.
87.25  1.  1.  1.
87.75  1.  1.  1.
88.25  1.  1.  1.
88.75  1.  1.  1.
89.25  1.  1.  1.
89.75  1.  1.  1.
90.25  1.  1.  1.
90.75  1.  1.  1.
91.25  1.  1.  1.
91.75  1.  1.  1.
92.25  1.  1.  1.
92.75  1.  1.  1.
93.25  1.  1.  1.
93.75  1.  1.  1.
94.25  1.  1.  1.
94.75  1.  1.  1.
95.25  1.  1.  1.
95.75  1.  1.  1.
96.25  1.  1.  1.
96.75  1.  1.  1.
97.25  1.  1.  1.
97.75  1.  1.  1.
98.25  1.  1.  1.
98.75  1.  1.  1.
99.25  1.  1.  1.
99.75  1.  1.  1.
100.25  1.  1.  1.
100.75  1.  1.  1.
101.25  1.  1.  1.
101.75  1.  1.  1.
102.25  1.  1.  1.
102.75  1.  1.  1.
103.25  1.  1.  1.
103.75  1.  1.  1.
104.25  1.  1.  1.
104.75  1.  1.  1.
105.25  1.  1.  1.
105.75  1.  1.  1.
106.25  1.  1.  1.
106.75  1.  1.  1.
107.25  1.  1.  1.
107.75  1.  1.  1.
108.25  1.  1.  1.
108.75  1.  1.  1.
109.25  1.  1.  1.
109.75  1.  1.  1.
110.25  1.  1.  1.
110.75  1.  1.  1.
111.25  1.  1.  1.
111.75  1.  1.  1.
112.25  1.  1.  1.
112.75  1.  1.  1.
113.25  1.  1.  1.
113.75  1.  1.  1.
114.25  1.  1.  1.
114.75  1.  1.  1.
115.25  1.  1.  1.
115.75  1.  1.  1.
116.25  1.  1.  1.
116.75  1.  1.  1.
117.25  1.  1.  1.
117.75  1.  1.  1.
118.25  1.  1.  1.
118.75  1.  1.  1.
119.25  1.  1.  1.
119.75  1.  1.  1.
120.25  1.  1.  1.
120.75  1.  1.  1.
121.25  1.  1.  1.
121.75  1.  1.  1.
122.25  1.  1.  1.
122.75  1.  1.  1.
123.25  1.  1.  1.
123.75  1.  1.  1.
124.25  1.  1.  1.
124.75  1.  1.  1.
125.25  1.  1.  1.
125.75  1.  1.  1.
126.25  1.  1.  1.
126.75  1.  1.  1.
127.25  1.  1.  1.
127.75  1.  1.  1.
128.25  1.  1.  1.
128.75  1.  1.  1.
129.25  1.  1.  1.
129.75  1.  1.  1.
130.25  1.  1.  1.
130.75  1.  1.  1.
131.25  1.  1.  1.
131.75  1.  1.  1.
132.25  1.  1.  1.
132.75  1.  1.  1.
133.25  1.  1.  1.
133.75  1.  1.  1.
134.25  1.  1.  1.
134.75  1.  1.  1.
135.25  1.  1.  1.
135.75  1.  1.  1.
136.25  1.  1.  1.
136.75  1.  1.  1.
137.25  1.  1.  1.
137.75  1.  1.  1.
138.25  1.  1.  1.
138.75  1.  1.  1.
139.25  1.  1.  1.
139.75  1.  1.  1.
140.25  1.  1.  1.
140.75  1.  1.  1.
141.25  1.  1.  1.
141.75  1.  1.  1.
142.25  1.  1.  1.
142.75  1.  1.  1.
143.25  1.  1.  1.
143.75  1.  1.  1.
144.25  1.  1.  1.
144.75  1.  1.  1.
145.25  1.  1.  1.
145.75  1.  1.  1.
146.25  1.  1.  1.
146.75  1.  1.  1.
147.25  1.  1.  1.
147.75  1.  1.  1.
148.25  1.  1.  1.
148.75  1.  1.  1.
149.25  1.  1.  1.
149.75  1.  1.  1.
150.25  1.  1.  1.
150.75  1.  1.  1.
151.25  1.  1.  1.
151.75  1.  1.  1.
152.25  1.  1.  1.
152.75  1.  1.  1.
153.25  1.  1.  1.
153.75  1.  1.  1.
154.25  1.  1.  1.
154.75  1.  1.  1.
155.25  1.  1.  1.
155.75  1.  1.  1.
156.25  1.  1.  1.
156.75  1.  1.  1.
157.25  1.  1.  1.
157.75  1.  1.  1.
158.25  1.  1.  1.
158.75  1.  1.  1.
159.25  1.  1.  1.
159.75  1.  1.  1.
160.25  1.  1.  1.
160.75  1.  1.  1.
161.25  1.  1.  1.
161.75  1.  1.  1.
162.25  1.  1.  1.
162.75  1.  1.  1.
163.25  1.  1.  1.
163.75  1.  1.  1.
164.25  1.  1.  1.
164.75  1.  1.  1.
165.25  1.  1.  1.
165.75  1.  1.  1.
166.25  1.  1.  1.
166.75  1.  1.  1.
167.25  1.  1.  1.
167.75  1.  1.  1.
168.25  1.  1.  1.
168.75  1.  1.  1.
169.25  1.  1.  1.
169.75  1.  1.  1.
170.25  1.  1.  1.
170.75  1.  1.  1.
171.25  1.  1.  1.
171.75  1.  1.  1.
172.25  1.  1.  1.
172.75  1.  1.  1.
173.25  1.  1.  1.
173.75  1.  1.  1.
174.25  1.  1.  1.
174.75  1.  1.  1.
175.25  1.  1.  1.
175.75  1.  1.  1.
176.25  1.  1.  1.
176.75  1.  1.  1.
177.25  1.  1.  1.
177.75  1.  1.  1.
178.25  1.  1.  1.
178.75  1.  1.  1.
179.25  1.  1.  1.
179.75  1.  1.  1.
180.25  1.  1.  1.
180.75  1.  1.  1.
181.25  1.  1.  1.
181.75  1.  1.  1.
182.25  1.  1.  1.
182.75  1.  1.  1.
183.25  1.  1.  1.
183.75  1.  1.  1.
184.25  1.  1.  1.
184.75  1.  1.  1.
185.25  1.  1.  1.
185.75  1.  1.  1.
186.25  1.  1.  1.
186.75  1.  1.  1.
187.25  1.  1.  1.
187.75  1.  1.  1.
188.25  1.  1.  1.
188.75  1.  1.  1.
189.25  1.  1.  1.
189.75  1.  1.  1.
190.25  1.  1.  1.
190.75  1.  1.  1.
191.25  1.  1.  1.
191.75  1.  1.  1.
192.25  1.  1.  1.
192.75  1.  1.  1.
193.25  1.  1.  1.
193.75  1.  1.  1.
194.25  1.  1.  1.
194.75  1.  1.  1.
195.25  1.  1.  1.
195.75  1.  1.  1.
196.25  1.  1.  1.
196.75  1.  1.  1.
197.25  1.  1.  1.
197.75  1.  1.  1.
198.25  1.  1.  1.
198.75  1.  1.  1.
199.25  1.  1.  1.
199.75  1.  1.  1.
