# pt   RAA_central    RAA_lower    RAA_upper  
400  0.5
0.25  0.760354  0.60324  0.914154
0.75  0.782704  0.618113  0.93087
1.25  0.80637  0.651649  0.951002
1.75  0.827191  0.678916  0.962577
2.25  0.860738  0.727656  0.991761
2.75  0.896721  0.757995  1.00311
3.25  0.923744  0.809513  1.0204
3.75  0.944528  0.846589  1.03411
4.25  0.959358  0.870462  1.04434
4.75  0.969642  0.889504  1.05061
5.25  0.975482  0.903912  1.05295
5.75  0.98264  0.91698  1.05673
6.25  0.991095  0.928747  1.06194
6.75  0.999499  0.94041  1.06713
7.25  1.00762  0.952322  1.06962
7.75  1.01547  0.964473  1.06942
8.25  1.02328  0.976518  1.06923
8.75  1.03104  0.988458  1.06903
9.25  1.03582  0.997576  1.07185
9.75  1.03765  1.00393  1.07766
10.25  1.03947  1.01025  1.08344
10.75  1.04129  1.01655  1.08921
11.25  1.04324  1.01996  1.09234
11.75  1.04532  1.02052  1.09286
12.25  1.0474  1.02107  1.09337
12.75  1.04948  1.02163  1.09388
13.25  1.05155  1.02219  1.0944
13.75  1.05361  1.02274  1.09491
14.25  1.05568  1.0233  1.09542
14.75  1.05774  1.02385  1.09594
15.25  1.0598  1.0244  1.09645
15.75  1.06186  1.02496  1.09696
16.25  1.06317  1.02562  1.09771
16.75  1.06375  1.0264  1.09868
17.25  1.06432  1.02717  1.09966
17.75  1.06489  1.02794  1.10063
18.25  1.06547  1.02872  1.1016
18.75  1.06604  1.02949  1.10258
19.25  1.06661  1.03026  1.10355
19.75  1.06718  1.03103  1.10452
20.25  1.06776  1.03181  1.10549
20.75  1.06833  1.03258  1.10646
21.25  1.0689  1.03335  1.10743
21.75  1.06947  1.03412  1.1084
22.25  1.07004  1.03489  1.10937
22.75  1.07061  1.03566  1.11034
23.25  1.07118  1.03643  1.1113
23.75  1.07176  1.0372  1.11227
24.25  1.07233  1.03796  1.11324
24.75  1.0729  1.03873  1.1142
25.25  1.07347  1.0395  1.11517
25.75  1.07404  1.04027  1.11613
26.25  1.07461  1.04103  1.1171
26.75  1.07517  1.0418  1.11806
27.25  1.07574  1.04257  1.11902
27.75  1.07631  1.04333  1.11998
28.25  1.07688  1.0441  1.12095
28.75  1.07745  1.04486  1.12191
29.25  1.07802  1.04562  1.12287
29.75  1.07859  1.04639  1.12383
30.25  1.07915  1.04715  1.12479
30.75  1.07972  1.04792  1.12575
31.25  1.08029  1.04868  1.12671
31.75  1.08086  1.04944  1.12766
32.25  1.08142  1.0502  1.12862
32.75  1.08199  1.05096  1.12958
33.25  1.08256  1.05173  1.13054
33.75  1.08312  1.05249  1.13149
34.25  1.08369  1.05325  1.13245
34.75  1.08426  1.05401  1.1334
35.25  1.08454  1.05439  1.13388
35.75  1.08454  1.05439  1.13388
36.25  1.08454  1.05439  1.13388
36.75  1.08454  1.05439  1.13388
37.25  1.08454  1.05439  1.13388
37.75  1.08454  1.05439  1.13388
38.25  1.08454  1.05439  1.13388
38.75  1.08454  1.05439  1.13388
39.25  1.08454  1.05439  1.13388
39.75  1.08454  1.05439  1.13388
40.25  1.08454  1.05439  1.13388
40.75  1.08454  1.05439  1.13388
41.25  1.08454  1.05439  1.13388
41.75  1.08454  1.05439  1.13388
42.25  1.08454  1.05439  1.13388
42.75  1.08454  1.05439  1.13388
43.25  1.08454  1.05439  1.13388
43.75  1.08454  1.05439  1.13388
44.25  1.08454  1.05439  1.13388
44.75  1.08454  1.05439  1.13388
45.25  1.08454  1.05439  1.13388
45.75  1.08454  1.05439  1.13388
46.25  1.08454  1.05439  1.13388
46.75  1.08454  1.05439  1.13388
47.25  1.08454  1.05439  1.13388
47.75  1.08454  1.05439  1.13388
48.25  1.08454  1.05439  1.13388
48.75  1.08454  1.05439  1.13388
49.25  1.08454  1.05439  1.13388
49.75  1.08454  1.05439  1.13388
50.25  1.  1.  1.
50.75  1.  1.  1.
51.25  1.  1.  1.
51.75  1.  1.  1.
52.25  1.  1.  1.
52.75  1.  1.  1.
53.25  1.  1.  1.
53.75  1.  1.  1.
54.25  1.  1.  1.
54.75  1.  1.  1.
55.25  1.  1.  1.
55.75  1.  1.  1.
56.25  1.  1.  1.
56.75  1.  1.  1.
57.25  1.  1.  1.
57.75  1.  1.  1.
58.25  1.  1.  1.
58.75  1.  1.  1.
59.25  1.  1.  1.
59.75  1.  1.  1.
60.25  1.  1.  1.
60.75  1.  1.  1.
61.25  1.  1.  1.
61.75  1.  1.  1.
62.25  1.  1.  1.
62.75  1.  1.  1.
63.25  1.  1.  1.
63.75  1.  1.  1.
64.25  1.  1.  1.
64.75  1.  1.  1.
65.25  1.  1.  1.
65.75  1.  1.  1.
66.25  1.  1.  1.
66.75  1.  1.  1.
67.25  1.  1.  1.
67.75  1.  1.  1.
68.25  1.  1.  1.
68.75  1.  1.  1.
69.25  1.  1.  1.
69.75  1.  1.  1.
70.25  1.  1.  1.
70.75  1.  1.  1.
71.25  1.  1.  1.
71.75  1.  1.  1.
72.25  1.  1.  1.
72.75  1.  1.  1.
73.25  1.  1.  1.
73.75  1.  1.  1.
74.25  1.  1.  1.
74.75  1.  1.  1.
75.25  1.  1.  1.
75.75  1.  1.  1.
76.25  1.  1.  1.
76.75  1.  1.  1.
77.25  1.  1.  1.
77.75  1.  1.  1.
78.25  1.  1.  1.
78.75  1.  1.  1.
79.25  1.  1.  1.
79.75  1.  1.  1.
80.25  1.  1.  1.
80.75  1.  1.  1.
81.25  1.  1.  1.
81.75  1.  1.  1.
82.25  1.  1.  1.
82.75  1.  1.  1.
83.25  1.  1.  1.
83.75  1.  1.  1.
84.25  1.  1.  1.
84.75  1.  1.  1.
85.25  1.  1.  1.
85.75  1.  1.  1.
86.25  1.  1.  1.
86.75  1.  1.  1.
87.25  1.  1.  1.
87.75  1.  1.  1.
88.25  1.  1.  1.
88.75  1.  1.  1.
89.25  1.  1.  1.
89.75  1.  1.  1.
90.25  1.  1.  1.
90.75  1.  1.  1.
91.25  1.  1.  1.
91.75  1.  1.  1.
92.25  1.  1.  1.
92.75  1.  1.  1.
93.25  1.  1.  1.
93.75  1.  1.  1.
94.25  1.  1.  1.
94.75  1.  1.  1.
95.25  1.  1.  1.
95.75  1.  1.  1.
96.25  1.  1.  1.
96.75  1.  1.  1.
97.25  1.  1.  1.
97.75  1.  1.  1.
98.25  1.  1.  1.
98.75  1.  1.  1.
99.25  1.  1.  1.
99.75  1.  1.  1.
100.25  1.  1.  1.
100.75  1.  1.  1.
101.25  1.  1.  1.
101.75  1.  1.  1.
102.25  1.  1.  1.
102.75  1.  1.  1.
103.25  1.  1.  1.
103.75  1.  1.  1.
104.25  1.  1.  1.
104.75  1.  1.  1.
105.25  1.  1.  1.
105.75  1.  1.  1.
106.25  1.  1.  1.
106.75  1.  1.  1.
107.25  1.  1.  1.
107.75  1.  1.  1.
108.25  1.  1.  1.
108.75  1.  1.  1.
109.25  1.  1.  1.
109.75  1.  1.  1.
110.25  1.  1.  1.
110.75  1.  1.  1.
111.25  1.  1.  1.
111.75  1.  1.  1.
112.25  1.  1.  1.
112.75  1.  1.  1.
113.25  1.  1.  1.
113.75  1.  1.  1.
114.25  1.  1.  1.
114.75  1.  1.  1.
115.25  1.  1.  1.
115.75  1.  1.  1.
116.25  1.  1.  1.
116.75  1.  1.  1.
117.25  1.  1.  1.
117.75  1.  1.  1.
118.25  1.  1.  1.
118.75  1.  1.  1.
119.25  1.  1.  1.
119.75  1.  1.  1.
120.25  1.  1.  1.
120.75  1.  1.  1.
121.25  1.  1.  1.
121.75  1.  1.  1.
122.25  1.  1.  1.
122.75  1.  1.  1.
123.25  1.  1.  1.
123.75  1.  1.  1.
124.25  1.  1.  1.
124.75  1.  1.  1.
125.25  1.  1.  1.
125.75  1.  1.  1.
126.25  1.  1.  1.
126.75  1.  1.  1.
127.25  1.  1.  1.
127.75  1.  1.  1.
128.25  1.  1.  1.
128.75  1.  1.  1.
129.25  1.  1.  1.
129.75  1.  1.  1.
130.25  1.  1.  1.
130.75  1.  1.  1.
131.25  1.  1.  1.
131.75  1.  1.  1.
132.25  1.  1.  1.
132.75  1.  1.  1.
133.25  1.  1.  1.
133.75  1.  1.  1.
134.25  1.  1.  1.
134.75  1.  1.  1.
135.25  1.  1.  1.
135.75  1.  1.  1.
136.25  1.  1.  1.
136.75  1.  1.  1.
137.25  1.  1.  1.
137.75  1.  1.  1.
138.25  1.  1.  1.
138.75  1.  1.  1.
139.25  1.  1.  1.
139.75  1.  1.  1.
140.25  1.  1.  1.
140.75  1.  1.  1.
141.25  1.  1.  1.
141.75  1.  1.  1.
142.25  1.  1.  1.
142.75  1.  1.  1.
143.25  1.  1.  1.
143.75  1.  1.  1.
144.25  1.  1.  1.
144.75  1.  1.  1.
145.25  1.  1.  1.
145.75  1.  1.  1.
146.25  1.  1.  1.
146.75  1.  1.  1.
147.25  1.  1.  1.
147.75  1.  1.  1.
148.25  1.  1.  1.
148.75  1.  1.  1.
149.25  1.  1.  1.
149.75  1.  1.  1.
150.25  1.  1.  1.
150.75  1.  1.  1.
151.25  1.  1.  1.
151.75  1.  1.  1.
152.25  1.  1.  1.
152.75  1.  1.  1.
153.25  1.  1.  1.
153.75  1.  1.  1.
154.25  1.  1.  1.
154.75  1.  1.  1.
155.25  1.  1.  1.
155.75  1.  1.  1.
156.25  1.  1.  1.
156.75  1.  1.  1.
157.25  1.  1.  1.
157.75  1.  1.  1.
158.25  1.  1.  1.
158.75  1.  1.  1.
159.25  1.  1.  1.
159.75  1.  1.  1.
160.25  1.  1.  1.
160.75  1.  1.  1.
161.25  1.  1.  1.
161.75  1.  1.  1.
162.25  1.  1.  1.
162.75  1.  1.  1.
163.25  1.  1.  1.
163.75  1.  1.  1.
164.25  1.  1.  1.
164.75  1.  1.  1.
165.25  1.  1.  1.
165.75  1.  1.  1.
166.25  1.  1.  1.
166.75  1.  1.  1.
167.25  1.  1.  1.
167.75  1.  1.  1.
168.25  1.  1.  1.
168.75  1.  1.  1.
169.25  1.  1.  1.
169.75  1.  1.  1.
170.25  1.  1.  1.
170.75  1.  1.  1.
171.25  1.  1.  1.
171.75  1.  1.  1.
172.25  1.  1.  1.
172.75  1.  1.  1.
173.25  1.  1.  1.
173.75  1.  1.  1.
174.25  1.  1.  1.
174.75  1.  1.  1.
175.25  1.  1.  1.
175.75  1.  1.  1.
176.25  1.  1.  1.
176.75  1.  1.  1.
177.25  1.  1.  1.
177.75  1.  1.  1.
178.25  1.  1.  1.
178.75  1.  1.  1.
179.25  1.  1.  1.
179.75  1.  1.  1.
180.25  1.  1.  1.
180.75  1.  1.  1.
181.25  1.  1.  1.
181.75  1.  1.  1.
182.25  1.  1.  1.
182.75  1.  1.  1.
183.25  1.  1.  1.
183.75  1.  1.  1.
184.25  1.  1.  1.
184.75  1.  1.  1.
185.25  1.  1.  1.
185.75  1.  1.  1.
186.25  1.  1.  1.
186.75  1.  1.  1.
187.25  1.  1.  1.
187.75  1.  1.  1.
188.25  1.  1.  1.
188.75  1.  1.  1.
189.25  1.  1.  1.
189.75  1.  1.  1.
190.25  1.  1.  1.
190.75  1.  1.  1.
191.25  1.  1.  1.
191.75  1.  1.  1.
192.25  1.  1.  1.
192.75  1.  1.  1.
193.25  1.  1.  1.
193.75  1.  1.  1.
194.25  1.  1.  1.
194.75  1.  1.  1.
195.25  1.  1.  1.
195.75  1.  1.  1.
196.25  1.  1.  1.
196.75  1.  1.  1.
197.25  1.  1.  1.
197.75  1.  1.  1.
198.25  1.  1.  1.
198.75  1.  1.  1.
199.25  1.  1.  1.
199.75  1.  1.  1.
