# pt   RAA_central    RAA_lower    RAA_upper  
400  0.5
0.25  0.683827  0.499804  0.882129
0.75  0.711605  0.516439  0.904676
1.25  0.741424  0.554453  0.932092
1.75  0.767994  0.585982  0.947984
2.25  0.811404  0.643892  0.988466
2.75  0.858827  0.680918  1.00437
3.25  0.895041  0.745416  1.02875
3.75  0.923245  0.793003  1.04823
4.25  0.943555  0.824131  1.06286
4.75  0.957729  0.849243  1.07185
5.25  0.965812  0.868413  1.07522
5.75  0.975751  0.885928  1.08066
6.25  0.987535  0.901801  1.08817
6.75  0.999297  0.917633  1.09567
7.25  1.01071  0.933899  1.09927
7.75  1.02179  0.950597  1.09899
8.25  1.03284  0.967248  1.09871
8.75  1.04387  0.983854  1.09843
9.25  1.05069  0.996601  1.10251
9.75  1.05329  1.00552  1.11094
10.25  1.0559  1.01442  1.11936
10.75  1.0585  1.0233  1.12778
11.25  1.06129  1.02814  1.13236
11.75  1.06427  1.02893  1.13311
12.25  1.06725  1.02971  1.13386
12.75  1.07022  1.0305  1.13461
13.25  1.0732  1.03129  1.13536
13.75  1.07617  1.03208  1.13612
14.25  1.07914  1.03286  1.13687
14.75  1.08212  1.03365  1.13762
15.25  1.08509  1.03444  1.13837
15.75  1.08805  1.03522  1.13912
16.25  1.08995  1.03617  1.14021
16.75  1.09078  1.03727  1.14164
17.25  1.09161  1.03837  1.14307
17.75  1.09244  1.03946  1.1445
18.25  1.09327  1.04056  1.14593
18.75  1.09409  1.04166  1.14736
19.25  1.09492  1.04276  1.14879
19.75  1.09575  1.04386  1.15022
20.25  1.09658  1.04496  1.15164
20.75  1.09741  1.04606  1.15307
21.25  1.09823  1.04716  1.1545
21.75  1.09906  1.04825  1.15593
22.25  1.09989  1.04935  1.15735
22.75  1.10072  1.05045  1.15878
23.25  1.10155  1.05155  1.16021
23.75  1.10237  1.05264  1.16163
24.25  1.1032  1.05374  1.16306
24.75  1.10403  1.05484  1.16448
25.25  1.10485  1.05593  1.16591
25.75  1.10568  1.05703  1.16733
26.25  1.10651  1.05813  1.16876
26.75  1.10733  1.05922  1.17018
27.25  1.10816  1.06032  1.17161
27.75  1.10899  1.06141  1.17303
28.25  1.10981  1.06251  1.17445
28.75  1.11064  1.06361  1.17588
29.25  1.11147  1.0647  1.1773
29.75  1.11229  1.0658  1.17872
30.25  1.11312  1.06689  1.18015
30.75  1.11394  1.06799  1.18157
31.25  1.11477  1.06908  1.18299
31.75  1.1156  1.07018  1.18441
32.25  1.11642  1.07127  1.18583
32.75  1.11725  1.07236  1.18726
33.25  1.11807  1.07346  1.18868
33.75  1.1189  1.07455  1.1901
34.25  1.11972  1.07564  1.19152
34.75  1.12055  1.07674  1.19294
35.25  1.12096  1.07729  1.19365
35.75  1.12096  1.07729  1.19365
36.25  1.12096  1.07729  1.19365
36.75  1.12096  1.07729  1.19365
37.25  1.12096  1.07729  1.19365
37.75  1.12096  1.07729  1.19365
38.25  1.12096  1.07729  1.19365
38.75  1.12096  1.07729  1.19365
39.25  1.12096  1.07729  1.19365
39.75  1.12096  1.07729  1.19365
40.25  1.12096  1.07729  1.19365
40.75  1.12096  1.07729  1.19365
41.25  1.12096  1.07729  1.19365
41.75  1.12096  1.07729  1.19365
42.25  1.12096  1.07729  1.19365
42.75  1.12096  1.07729  1.19365
43.25  1.12096  1.07729  1.19365
43.75  1.12096  1.07729  1.19365
44.25  1.12096  1.07729  1.19365
44.75  1.12096  1.07729  1.19365
45.25  1.12096  1.07729  1.19365
45.75  1.12096  1.07729  1.19365
46.25  1.12096  1.07729  1.19365
46.75  1.12096  1.07729  1.19365
47.25  1.12096  1.07729  1.19365
47.75  1.12096  1.07729  1.19365
48.25  1.12096  1.07729  1.19365
48.75  1.12096  1.07729  1.19365
49.25  1.12096  1.07729  1.19365
49.75  1.12096  1.07729  1.19365
50.25  1.  1.  1.
50.75  1.  1.  1.
51.25  1.  1.  1.
51.75  1.  1.  1.
52.25  1.  1.  1.
52.75  1.  1.  1.
53.25  1.  1.  1.
53.75  1.  1.  1.
54.25  1.  1.  1.
54.75  1.  1.  1.
55.25  1.  1.  1.
55.75  1.  1.  1.
56.25  1.  1.  1.
56.75  1.  1.  1.
57.25  1.  1.  1.
57.75  1.  1.  1.
58.25  1.  1.  1.
58.75  1.  1.  1.
59.25  1.  1.  1.
59.75  1.  1.  1.
60.25  1.  1.  1.
60.75  1.  1.  1.
61.25  1.  1.  1.
61.75  1.  1.  1.
62.25  1.  1.  1.
62.75  1.  1.  1.
63.25  1.  1.  1.
63.75  1.  1.  1.
64.25  1.  1.  1.
64.75  1.  1.  1.
65.25  1.  1.  1.
65.75  1.  1.  1.
66.25  1.  1.  1.
66.75  1.  1.  1.
67.25  1.  1.  1.
67.75  1.  1.  1.
68.25  1.  1.  1.
68.75  1.  1.  1.
69.25  1.  1.  1.
69.75  1.  1.  1.
70.25  1.  1.  1.
70.75  1.  1.  1.
71.25  1.  1.  1.
71.75  1.  1.  1.
72.25  1.  1.  1.
72.75  1.  1.  1.
73.25  1.  1.  1.
73.75  1.  1.  1.
74.25  1.  1.  1.
74.75  1.  1.  1.
75.25  1.  1.  1.
75.75  1.  1.  1.
76.25  1.  1.  1.
76.75  1.  1.  1.
77.25  1.  1.  1.
77.75  1.  1.  1.
78.25  1.  1.  1.
78.75  1.  1.  1.
79.25  1.  1.  1.
79.75  1.  1.  1.
80.25  1.  1.  1.
80.75  1.  1.  1.
81.25  1.  1.  1.
81.75  1.  1.  1.
82.25  1.  1.  1.
82.75  1.  1.  1.
83.25  1.  1.  1.
83.75  1.  1.  1.
84.25  1.  1.  1.
84.75  1.  1.  1.
85.25  1.  1.  1.
85.75  1.  1.  1.
86.25  1.  1.  1.
86.75  1.  1.  1.
87.25  1.  1.  1.
87.75  1.  1.  1.
88.25  1.  1.  1.
88.75  1.  1.  1.
89.25  1.  1.  1.
89.75  1.  1.  1.
90.25  1.  1.  1.
90.75  1.  1.  1.
91.25  1.  1.  1.
91.75  1.  1.  1.
92.25  1.  1.  1.
92.75  1.  1.  1.
93.25  1.  1.  1.
93.75  1.  1.  1.
94.25  1.  1.  1.
94.75  1.  1.  1.
95.25  1.  1.  1.
95.75  1.  1.  1.
96.25  1.  1.  1.
96.75  1.  1.  1.
97.25  1.  1.  1.
97.75  1.  1.  1.
98.25  1.  1.  1.
98.75  1.  1.  1.
99.25  1.  1.  1.
99.75  1.  1.  1.
100.25  1.  1.  1.
100.75  1.  1.  1.
101.25  1.  1.  1.
101.75  1.  1.  1.
102.25  1.  1.  1.
102.75  1.  1.  1.
103.25  1.  1.  1.
103.75  1.  1.  1.
104.25  1.  1.  1.
104.75  1.  1.  1.
105.25  1.  1.  1.
105.75  1.  1.  1.
106.25  1.  1.  1.
106.75  1.  1.  1.
107.25  1.  1.  1.
107.75  1.  1.  1.
108.25  1.  1.  1.
108.75  1.  1.  1.
109.25  1.  1.  1.
109.75  1.  1.  1.
110.25  1.  1.  1.
110.75  1.  1.  1.
111.25  1.  1.  1.
111.75  1.  1.  1.
112.25  1.  1.  1.
112.75  1.  1.  1.
113.25  1.  1.  1.
113.75  1.  1.  1.
114.25  1.  1.  1.
114.75  1.  1.  1.
115.25  1.  1.  1.
115.75  1.  1.  1.
116.25  1.  1.  1.
116.75  1.  1.  1.
117.25  1.  1.  1.
117.75  1.  1.  1.
118.25  1.  1.  1.
118.75  1.  1.  1.
119.25  1.  1.  1.
119.75  1.  1.  1.
120.25  1.  1.  1.
120.75  1.  1.  1.
121.25  1.  1.  1.
121.75  1.  1.  1.
122.25  1.  1.  1.
122.75  1.  1.  1.
123.25  1.  1.  1.
123.75  1.  1.  1.
124.25  1.  1.  1.
124.75  1.  1.  1.
125.25  1.  1.  1.
125.75  1.  1.  1.
126.25  1.  1.  1.
126.75  1.  1.  1.
127.25  1.  1.  1.
127.75  1.  1.  1.
128.25  1.  1.  1.
128.75  1.  1.  1.
129.25  1.  1.  1.
129.75  1.  1.  1.
130.25  1.  1.  1.
130.75  1.  1.  1.
131.25  1.  1.  1.
131.75  1.  1.  1.
132.25  1.  1.  1.
132.75  1.  1.  1.
133.25  1.  1.  1.
133.75  1.  1.  1.
134.25  1.  1.  1.
134.75  1.  1.  1.
135.25  1.  1.  1.
135.75  1.  1.  1.
136.25  1.  1.  1.
136.75  1.  1.  1.
137.25  1.  1.  1.
137.75  1.  1.  1.
138.25  1.  1.  1.
138.75  1.  1.  1.
139.25  1.  1.  1.
139.75  1.  1.  1.
140.25  1.  1.  1.
140.75  1.  1.  1.
141.25  1.  1.  1.
141.75  1.  1.  1.
142.25  1.  1.  1.
142.75  1.  1.  1.
143.25  1.  1.  1.
143.75  1.  1.  1.
144.25  1.  1.  1.
144.75  1.  1.  1.
145.25  1.  1.  1.
145.75  1.  1.  1.
146.25  1.  1.  1.
146.75  1.  1.  1.
147.25  1.  1.  1.
147.75  1.  1.  1.
148.25  1.  1.  1.
148.75  1.  1.  1.
149.25  1.  1.  1.
149.75  1.  1.  1.
150.25  1.  1.  1.
150.75  1.  1.  1.
151.25  1.  1.  1.
151.75  1.  1.  1.
152.25  1.  1.  1.
152.75  1.  1.  1.
153.25  1.  1.  1.
153.75  1.  1.  1.
154.25  1.  1.  1.
154.75  1.  1.  1.
155.25  1.  1.  1.
155.75  1.  1.  1.
156.25  1.  1.  1.
156.75  1.  1.  1.
157.25  1.  1.  1.
157.75  1.  1.  1.
158.25  1.  1.  1.
158.75  1.  1.  1.
159.25  1.  1.  1.
159.75  1.  1.  1.
160.25  1.  1.  1.
160.75  1.  1.  1.
161.25  1.  1.  1.
161.75  1.  1.  1.
162.25  1.  1.  1.
162.75  1.  1.  1.
163.25  1.  1.  1.
163.75  1.  1.  1.
164.25  1.  1.  1.
164.75  1.  1.  1.
165.25  1.  1.  1.
165.75  1.  1.  1.
166.25  1.  1.  1.
166.75  1.  1.  1.
167.25  1.  1.  1.
167.75  1.  1.  1.
168.25  1.  1.  1.
168.75  1.  1.  1.
169.25  1.  1.  1.
169.75  1.  1.  1.
170.25  1.  1.  1.
170.75  1.  1.  1.
171.25  1.  1.  1.
171.75  1.  1.  1.
172.25  1.  1.  1.
172.75  1.  1.  1.
173.25  1.  1.  1.
173.75  1.  1.  1.
174.25  1.  1.  1.
174.75  1.  1.  1.
175.25  1.  1.  1.
175.75  1.  1.  1.
176.25  1.  1.  1.
176.75  1.  1.  1.
177.25  1.  1.  1.
177.75  1.  1.  1.
178.25  1.  1.  1.
178.75  1.  1.  1.
179.25  1.  1.  1.
179.75  1.  1.  1.
180.25  1.  1.  1.
180.75  1.  1.  1.
181.25  1.  1.  1.
181.75  1.  1.  1.
182.25  1.  1.  1.
182.75  1.  1.  1.
183.25  1.  1.  1.
183.75  1.  1.  1.
184.25  1.  1.  1.
184.75  1.  1.  1.
185.25  1.  1.  1.
185.75  1.  1.  1.
186.25  1.  1.  1.
186.75  1.  1.  1.
187.25  1.  1.  1.
187.75  1.  1.  1.
188.25  1.  1.  1.
188.75  1.  1.  1.
189.25  1.  1.  1.
189.75  1.  1.  1.
190.25  1.  1.  1.
190.75  1.  1.  1.
191.25  1.  1.  1.
191.75  1.  1.  1.
192.25  1.  1.  1.
192.75  1.  1.  1.
193.25  1.  1.  1.
193.75  1.  1.  1.
194.25  1.  1.  1.
194.75  1.  1.  1.
195.25  1.  1.  1.
195.75  1.  1.  1.
196.25  1.  1.  1.
196.75  1.  1.  1.
197.25  1.  1.  1.
197.75  1.  1.  1.
198.25  1.  1.  1.
198.75  1.  1.  1.
199.25  1.  1.  1.
199.75  1.  1.  1.
