# pt   RAA_central    RAA_lower    RAA_upper  
400  0.5
0.25  0.696289  0.51575  0.887557
0.75  0.723256  0.532203  0.909134
1.25  0.752135  0.569718  0.935325
1.75  0.777809  0.600725  0.950485
2.25  0.819654  0.657399  0.989035
2.75  0.865222  0.693461  1.00415
3.25  0.899917  0.755995  1.0273
3.75  0.926879  0.801932  1.04578
4.25  0.946262  0.831898  1.05963
4.75  0.959775  0.856025  1.06814
5.25  0.967475  0.874414  1.07133
5.75  0.976937  0.891194  1.07648
6.25  0.988149  0.906384  1.08358
6.75  0.999332  0.921518  1.09067
7.25  1.01018  0.93705  1.09407
7.75  1.02069  0.952977  1.09381
8.25  1.03118  0.968842  1.09354
8.75  1.04164  0.984648  1.09328
9.25  1.0481  0.99677  1.09713
9.75  1.05057  1.00524  1.1051
10.25  1.05303  1.01369  1.11305
10.75  1.0555  1.02213  1.12099
11.25  1.05814  1.02672  1.12531
11.75  1.06097  1.02747  1.12602
12.25  1.06378  1.02821  1.12673
12.75  1.0666  1.02896  1.12744
13.25  1.06942  1.02971  1.12815
13.75  1.07223  1.03045  1.12886
14.25  1.07504  1.0312  1.12957
14.75  1.07785  1.03195  1.13028
15.25  1.08066  1.03269  1.13099
15.75  1.08347  1.03344  1.1317
16.25  1.08526  1.03433  1.13273
16.75  1.08605  1.03538  1.13407
17.25  1.08683  1.03642  1.13542
17.75  1.08761  1.03746  1.13677
18.25  1.0884  1.0385  1.13812
18.75  1.08918  1.03955  1.13946
19.25  1.08996  1.04059  1.14081
19.75  1.09075  1.04163  1.14216
20.25  1.09153  1.04267  1.1435
20.75  1.09231  1.04371  1.14485
21.25  1.09309  1.04475  1.14619
21.75  1.09388  1.04579  1.14754
22.25  1.09466  1.04683  1.14888
22.75  1.09544  1.04787  1.15023
23.25  1.09622  1.04891  1.15157
23.75  1.097  1.04995  1.15291
24.25  1.09779  1.05099  1.15426
24.75  1.09857  1.05203  1.1556
25.25  1.09935  1.05307  1.15694
25.75  1.10013  1.05411  1.15828
26.25  1.10091  1.05515  1.15963
26.75  1.10169  1.05619  1.16097
27.25  1.10247  1.05722  1.16231
27.75  1.10325  1.05826  1.16365
28.25  1.10403  1.0593  1.16499
28.75  1.10481  1.06034  1.16633
29.25  1.10559  1.06137  1.16767
29.75  1.10637  1.06241  1.16901
30.25  1.10715  1.06345  1.17035
30.75  1.10794  1.06448  1.17169
31.25  1.10872  1.06552  1.17303
31.75  1.1095  1.06656  1.17436
32.25  1.11027  1.06759  1.1757
32.75  1.11105  1.06863  1.17704
33.25  1.11183  1.06966  1.17838
33.75  1.11261  1.0707  1.17971
34.25  1.11339  1.07173  1.18105
34.75  1.11417  1.07277  1.18239
35.25  1.11456  1.07328  1.18305
35.75  1.11456  1.07328  1.18305
36.25  1.11456  1.07328  1.18305
36.75  1.11456  1.07328  1.18305
37.25  1.11456  1.07328  1.18305
37.75  1.11456  1.07328  1.18305
38.25  1.11456  1.07328  1.18305
38.75  1.11456  1.07328  1.18305
39.25  1.11456  1.07328  1.18305
39.75  1.11456  1.07328  1.18305
40.25  1.11456  1.07328  1.18305
40.75  1.11456  1.07328  1.18305
41.25  1.11456  1.07328  1.18305
41.75  1.11456  1.07328  1.18305
42.25  1.11456  1.07328  1.18305
42.75  1.11456  1.07328  1.18305
43.25  1.11456  1.07328  1.18305
43.75  1.11456  1.07328  1.18305
44.25  1.11456  1.07328  1.18305
44.75  1.11456  1.07328  1.18305
45.25  1.11456  1.07328  1.18305
45.75  1.11456  1.07328  1.18305
46.25  1.11456  1.07328  1.18305
46.75  1.11456  1.07328  1.18305
47.25  1.11456  1.07328  1.18305
47.75  1.11456  1.07328  1.18305
48.25  1.11456  1.07328  1.18305
48.75  1.11456  1.07328  1.18305
49.25  1.11456  1.07328  1.18305
49.75  1.11456  1.07328  1.18305
50.25  1.  1.  1.
50.75  1.  1.  1.
51.25  1.  1.  1.
51.75  1.  1.  1.
52.25  1.  1.  1.
52.75  1.  1.  1.
53.25  1.  1.  1.
53.75  1.  1.  1.
54.25  1.  1.  1.
54.75  1.  1.  1.
55.25  1.  1.  1.
55.75  1.  1.  1.
56.25  1.  1.  1.
56.75  1.  1.  1.
57.25  1.  1.  1.
57.75  1.  1.  1.
58.25  1.  1.  1.
58.75  1.  1.  1.
59.25  1.  1.  1.
59.75  1.  1.  1.
60.25  1.  1.  1.
60.75  1.  1.  1.
61.25  1.  1.  1.
61.75  1.  1.  1.
62.25  1.  1.  1.
62.75  1.  1.  1.
63.25  1.  1.  1.
63.75  1.  1.  1.
64.25  1.  1.  1.
64.75  1.  1.  1.
65.25  1.  1.  1.
65.75  1.  1.  1.
66.25  1.  1.  1.
66.75  1.  1.  1.
67.25  1.  1.  1.
67.75  1.  1.  1.
68.25  1.  1.  1.
68.75  1.  1.  1.
69.25  1.  1.  1.
69.75  1.  1.  1.
70.25  1.  1.  1.
70.75  1.  1.  1.
71.25  1.  1.  1.
71.75  1.  1.  1.
72.25  1.  1.  1.
72.75  1.  1.  1.
73.25  1.  1.  1.
73.75  1.  1.  1.
74.25  1.  1.  1.
74.75  1.  1.  1.
75.25  1.  1.  1.
75.75  1.  1.  1.
76.25  1.  1.  1.
76.75  1.  1.  1.
77.25  1.  1.  1.
77.75  1.  1.  1.
78.25  1.  1.  1.
78.75  1.  1.  1.
79.25  1.  1.  1.
79.75  1.  1.  1.
80.25  1.  1.  1.
80.75  1.  1.  1.
81.25  1.  1.  1.
81.75  1.  1.  1.
82.25  1.  1.  1.
82.75  1.  1.  1.
83.25  1.  1.  1.
83.75  1.  1.  1.
84.25  1.  1.  1.
84.75  1.  1.  1.
85.25  1.  1.  1.
85.75  1.  1.  1.
86.25  1.  1.  1.
86.75  1.  1.  1.
87.25  1.  1.  1.
87.75  1.  1.  1.
88.25  1.  1.  1.
88.75  1.  1.  1.
89.25  1.  1.  1.
89.75  1.  1.  1.
90.25  1.  1.  1.
90.75  1.  1.  1.
91.25  1.  1.  1.
91.75  1.  1.  1.
92.25  1.  1.  1.
92.75  1.  1.  1.
93.25  1.  1.  1.
93.75  1.  1.  1.
94.25  1.  1.  1.
94.75  1.  1.  1.
95.25  1.  1.  1.
95.75  1.  1.  1.
96.25  1.  1.  1.
96.75  1.  1.  1.
97.25  1.  1.  1.
97.75  1.  1.  1.
98.25  1.  1.  1.
98.75  1.  1.  1.
99.25  1.  1.  1.
99.75  1.  1.  1.
100.25  1.  1.  1.
100.75  1.  1.  1.
101.25  1.  1.  1.
101.75  1.  1.  1.
102.25  1.  1.  1.
102.75  1.  1.  1.
103.25  1.  1.  1.
103.75  1.  1.  1.
104.25  1.  1.  1.
104.75  1.  1.  1.
105.25  1.  1.  1.
105.75  1.  1.  1.
106.25  1.  1.  1.
106.75  1.  1.  1.
107.25  1.  1.  1.
107.75  1.  1.  1.
108.25  1.  1.  1.
108.75  1.  1.  1.
109.25  1.  1.  1.
109.75  1.  1.  1.
110.25  1.  1.  1.
110.75  1.  1.  1.
111.25  1.  1.  1.
111.75  1.  1.  1.
112.25  1.  1.  1.
112.75  1.  1.  1.
113.25  1.  1.  1.
113.75  1.  1.  1.
114.25  1.  1.  1.
114.75  1.  1.  1.
115.25  1.  1.  1.
115.75  1.  1.  1.
116.25  1.  1.  1.
116.75  1.  1.  1.
117.25  1.  1.  1.
117.75  1.  1.  1.
118.25  1.  1.  1.
118.75  1.  1.  1.
119.25  1.  1.  1.
119.75  1.  1.  1.
120.25  1.  1.  1.
120.75  1.  1.  1.
121.25  1.  1.  1.
121.75  1.  1.  1.
122.25  1.  1.  1.
122.75  1.  1.  1.
123.25  1.  1.  1.
123.75  1.  1.  1.
124.25  1.  1.  1.
124.75  1.  1.  1.
125.25  1.  1.  1.
125.75  1.  1.  1.
126.25  1.  1.  1.
126.75  1.  1.  1.
127.25  1.  1.  1.
127.75  1.  1.  1.
128.25  1.  1.  1.
128.75  1.  1.  1.
129.25  1.  1.  1.
129.75  1.  1.  1.
130.25  1.  1.  1.
130.75  1.  1.  1.
131.25  1.  1.  1.
131.75  1.  1.  1.
132.25  1.  1.  1.
132.75  1.  1.  1.
133.25  1.  1.  1.
133.75  1.  1.  1.
134.25  1.  1.  1.
134.75  1.  1.  1.
135.25  1.  1.  1.
135.75  1.  1.  1.
136.25  1.  1.  1.
136.75  1.  1.  1.
137.25  1.  1.  1.
137.75  1.  1.  1.
138.25  1.  1.  1.
138.75  1.  1.  1.
139.25  1.  1.  1.
139.75  1.  1.  1.
140.25  1.  1.  1.
140.75  1.  1.  1.
141.25  1.  1.  1.
141.75  1.  1.  1.
142.25  1.  1.  1.
142.75  1.  1.  1.
143.25  1.  1.  1.
143.75  1.  1.  1.
144.25  1.  1.  1.
144.75  1.  1.  1.
145.25  1.  1.  1.
145.75  1.  1.  1.
146.25  1.  1.  1.
146.75  1.  1.  1.
147.25  1.  1.  1.
147.75  1.  1.  1.
148.25  1.  1.  1.
148.75  1.  1.  1.
149.25  1.  1.  1.
149.75  1.  1.  1.
150.25  1.  1.  1.
150.75  1.  1.  1.
151.25  1.  1.  1.
151.75  1.  1.  1.
152.25  1.  1.  1.
152.75  1.  1.  1.
153.25  1.  1.  1.
153.75  1.  1.  1.
154.25  1.  1.  1.
154.75  1.  1.  1.
155.25  1.  1.  1.
155.75  1.  1.  1.
156.25  1.  1.  1.
156.75  1.  1.  1.
157.25  1.  1.  1.
157.75  1.  1.  1.
158.25  1.  1.  1.
158.75  1.  1.  1.
159.25  1.  1.  1.
159.75  1.  1.  1.
160.25  1.  1.  1.
160.75  1.  1.  1.
161.25  1.  1.  1.
161.75  1.  1.  1.
162.25  1.  1.  1.
162.75  1.  1.  1.
163.25  1.  1.  1.
163.75  1.  1.  1.
164.25  1.  1.  1.
164.75  1.  1.  1.
165.25  1.  1.  1.
165.75  1.  1.  1.
166.25  1.  1.  1.
166.75  1.  1.  1.
167.25  1.  1.  1.
167.75  1.  1.  1.
168.25  1.  1.  1.
168.75  1.  1.  1.
169.25  1.  1.  1.
169.75  1.  1.  1.
170.25  1.  1.  1.
170.75  1.  1.  1.
171.25  1.  1.  1.
171.75  1.  1.  1.
172.25  1.  1.  1.
172.75  1.  1.  1.
173.25  1.  1.  1.
173.75  1.  1.  1.
174.25  1.  1.  1.
174.75  1.  1.  1.
175.25  1.  1.  1.
175.75  1.  1.  1.
176.25  1.  1.  1.
176.75  1.  1.  1.
177.25  1.  1.  1.
177.75  1.  1.  1.
178.25  1.  1.  1.
178.75  1.  1.  1.
179.25  1.  1.  1.
179.75  1.  1.  1.
180.25  1.  1.  1.
180.75  1.  1.  1.
181.25  1.  1.  1.
181.75  1.  1.  1.
182.25  1.  1.  1.
182.75  1.  1.  1.
183.25  1.  1.  1.
183.75  1.  1.  1.
184.25  1.  1.  1.
184.75  1.  1.  1.
185.25  1.  1.  1.
185.75  1.  1.  1.
186.25  1.  1.  1.
186.75  1.  1.  1.
187.25  1.  1.  1.
187.75  1.  1.  1.
188.25  1.  1.  1.
188.75  1.  1.  1.
189.25  1.  1.  1.
189.75  1.  1.  1.
190.25  1.  1.  1.
190.75  1.  1.  1.
191.25  1.  1.  1.
191.75  1.  1.  1.
192.25  1.  1.  1.
192.75  1.  1.  1.
193.25  1.  1.  1.
193.75  1.  1.  1.
194.25  1.  1.  1.
194.75  1.  1.  1.
195.25  1.  1.  1.
195.75  1.  1.  1.
196.25  1.  1.  1.
196.75  1.  1.  1.
197.25  1.  1.  1.
197.75  1.  1.  1.
198.25  1.  1.  1.
198.75  1.  1.  1.
199.25  1.  1.  1.
199.75  1.  1.  1.
