# pt   RAA_central    RAA_lower    RAA_upper  
400  0.5
0.25  0.719056  0.542127  0.887289
0.75  0.735517  0.556935  0.911244
1.25  0.753721  0.578985  0.928605
1.75  0.774425  0.608009  0.938536
2.25  0.80454  0.644462  0.963512
2.75  0.840655  0.686771  0.988291
3.25  0.868029  0.725094  1.01429
3.75  0.892792  0.756765  1.02841
4.25  0.915006  0.782039  1.0308
4.75  0.928357  0.800276  1.02999
5.25  0.932962  0.811598  1.02599
5.75  0.939578  0.829077  1.02938
6.25  0.948193  0.852609  1.04013
6.75  0.956784  0.875963  1.05085
7.25  0.964427  0.890089  1.05535
7.75  0.97113  0.895116  1.05367
8.25  0.977818  0.900136  1.05198
8.75  0.984494  0.905146  1.05029
9.25  0.987621  0.909694  1.04965
9.75  0.98721  0.91378  1.05004
10.25  0.9868  0.917861  1.05042
10.75  0.986389  0.921936  1.05081
11.25  0.989102  0.927546  1.05276
11.75  0.994931  0.934684  1.05626
12.25  1.00075  0.941804  1.05976
12.75  1.00656  0.948908  1.06325
13.25  1.01236  0.955997  1.06674
13.75  1.01815  0.96307  1.07023
14.25  1.02393  0.970128  1.07371
14.75  1.0297  0.97717  1.07719
15.25  1.03546  0.984196  1.08067
15.75  1.04121  0.991208  1.08414
16.25  1.04457  0.99489  1.08674
16.75  1.04557  0.995253  1.08846
17.25  1.04656  0.995616  1.09017
17.75  1.04755  0.995979  1.09189
18.25  1.04854  0.996342  1.09361
18.75  1.04954  0.996705  1.09533
19.25  1.05053  0.997068  1.09704
19.75  1.05152  0.997431  1.09876
20.25  1.05251  0.997794  1.10047
20.75  1.0535  0.998157  1.10218
21.25  1.05449  0.998519  1.1039
21.75  1.05548  0.998882  1.10561
22.25  1.05647  0.999245  1.10732
22.75  1.05746  0.999607  1.10903
23.25  1.05845  0.99997  1.11074
23.75  1.05944  1.00033  1.11245
24.25  1.06043  1.00069  1.11416
24.75  1.06141  1.00106  1.11586
25.25  1.0624  1.00142  1.11757
25.75  1.06339  1.00178  1.11927
26.25  1.06438  1.00214  1.12098
26.75  1.06537  1.00251  1.12268
27.25  1.06635  1.00287  1.12439
27.75  1.06734  1.00323  1.12609
28.25  1.06833  1.00359  1.12779
28.75  1.06931  1.00396  1.12949
29.25  1.0703  1.00432  1.1312
29.75  1.07128  1.00468  1.1329
30.25  1.07227  1.00504  1.13459
30.75  1.07325  1.0054  1.13629
31.25  1.07424  1.00577  1.13799
31.75  1.07522  1.00613  1.13969
32.25  1.07621  1.00649  1.14138
32.75  1.07719  1.00685  1.14308
33.25  1.07818  1.00721  1.14477
33.75  1.07916  1.00757  1.14647
34.25  1.08014  1.00794  1.14816
34.75  1.08113  1.0083  1.14986
35.25  1.08162  1.00848  1.1507
35.75  1.08162  1.00848  1.1507
36.25  1.08162  1.00848  1.1507
36.75  1.08162  1.00848  1.1507
37.25  1.08162  1.00848  1.1507
37.75  1.08162  1.00848  1.1507
38.25  1.08162  1.00848  1.1507
38.75  1.08162  1.00848  1.1507
39.25  1.08162  1.00848  1.1507
39.75  1.08162  1.00848  1.1507
40.25  1.08162  1.00848  1.1507
40.75  1.08162  1.00848  1.1507
41.25  1.08162  1.00848  1.1507
41.75  1.08162  1.00848  1.1507
42.25  1.08162  1.00848  1.1507
42.75  1.08162  1.00848  1.1507
43.25  1.08162  1.00848  1.1507
43.75  1.08162  1.00848  1.1507
44.25  1.08162  1.00848  1.1507
44.75  1.08162  1.00848  1.1507
45.25  1.08162  1.00848  1.1507
45.75  1.08162  1.00848  1.1507
46.25  1.08162  1.00848  1.1507
46.75  1.08162  1.00848  1.1507
47.25  1.08162  1.00848  1.1507
47.75  1.08162  1.00848  1.1507
48.25  1.08162  1.00848  1.1507
48.75  1.08162  1.00848  1.1507
49.25  1.08162  1.00848  1.1507
49.75  1.08162  1.00848  1.1507
50.25  1.  1.  1.
50.75  1.  1.  1.
51.25  1.  1.  1.
51.75  1.  1.  1.
52.25  1.  1.  1.
52.75  1.  1.  1.
53.25  1.  1.  1.
53.75  1.  1.  1.
54.25  1.  1.  1.
54.75  1.  1.  1.
55.25  1.  1.  1.
55.75  1.  1.  1.
56.25  1.  1.  1.
56.75  1.  1.  1.
57.25  1.  1.  1.
57.75  1.  1.  1.
58.25  1.  1.  1.
58.75  1.  1.  1.
59.25  1.  1.  1.
59.75  1.  1.  1.
60.25  1.  1.  1.
60.75  1.  1.  1.
61.25  1.  1.  1.
61.75  1.  1.  1.
62.25  1.  1.  1.
62.75  1.  1.  1.
63.25  1.  1.  1.
63.75  1.  1.  1.
64.25  1.  1.  1.
64.75  1.  1.  1.
65.25  1.  1.  1.
65.75  1.  1.  1.
66.25  1.  1.  1.
66.75  1.  1.  1.
67.25  1.  1.  1.
67.75  1.  1.  1.
68.25  1.  1.  1.
68.75  1.  1.  1.
69.25  1.  1.  1.
69.75  1.  1.  1.
70.25  1.  1.  1.
70.75  1.  1.  1.
71.25  1.  1.  1.
71.75  1.  1.  1.
72.25  1.  1.  1.
72.75  1.  1.  1.
73.25  1.  1.  1.
73.75  1.  1.  1.
74.25  1.  1.  1.
74.75  1.  1.  1.
75.25  1.  1.  1.
75.75  1.  1.  1.
76.25  1.  1.  1.
76.75  1.  1.  1.
77.25  1.  1.  1.
77.75  1.  1.  1.
78.25  1.  1.  1.
78.75  1.  1.  1.
79.25  1.  1.  1.
79.75  1.  1.  1.
80.25  1.  1.  1.
80.75  1.  1.  1.
81.25  1.  1.  1.
81.75  1.  1.  1.
82.25  1.  1.  1.
82.75  1.  1.  1.
83.25  1.  1.  1.
83.75  1.  1.  1.
84.25  1.  1.  1.
84.75  1.  1.  1.
85.25  1.  1.  1.
85.75  1.  1.  1.
86.25  1.  1.  1.
86.75  1.  1.  1.
87.25  1.  1.  1.
87.75  1.  1.  1.
88.25  1.  1.  1.
88.75  1.  1.  1.
89.25  1.  1.  1.
89.75  1.  1.  1.
90.25  1.  1.  1.
90.75  1.  1.  1.
91.25  1.  1.  1.
91.75  1.  1.  1.
92.25  1.  1.  1.
92.75  1.  1.  1.
93.25  1.  1.  1.
93.75  1.  1.  1.
94.25  1.  1.  1.
94.75  1.  1.  1.
95.25  1.  1.  1.
95.75  1.  1.  1.
96.25  1.  1.  1.
96.75  1.  1.  1.
97.25  1.  1.  1.
97.75  1.  1.  1.
98.25  1.  1.  1.
98.75  1.  1.  1.
99.25  1.  1.  1.
99.75  1.  1.  1.
100.25  1.  1.  1.
100.75  1.  1.  1.
101.25  1.  1.  1.
101.75  1.  1.  1.
102.25  1.  1.  1.
102.75  1.  1.  1.
103.25  1.  1.  1.
103.75  1.  1.  1.
104.25  1.  1.  1.
104.75  1.  1.  1.
105.25  1.  1.  1.
105.75  1.  1.  1.
106.25  1.  1.  1.
106.75  1.  1.  1.
107.25  1.  1.  1.
107.75  1.  1.  1.
108.25  1.  1.  1.
108.75  1.  1.  1.
109.25  1.  1.  1.
109.75  1.  1.  1.
110.25  1.  1.  1.
110.75  1.  1.  1.
111.25  1.  1.  1.
111.75  1.  1.  1.
112.25  1.  1.  1.
112.75  1.  1.  1.
113.25  1.  1.  1.
113.75  1.  1.  1.
114.25  1.  1.  1.
114.75  1.  1.  1.
115.25  1.  1.  1.
115.75  1.  1.  1.
116.25  1.  1.  1.
116.75  1.  1.  1.
117.25  1.  1.  1.
117.75  1.  1.  1.
118.25  1.  1.  1.
118.75  1.  1.  1.
119.25  1.  1.  1.
119.75  1.  1.  1.
120.25  1.  1.  1.
120.75  1.  1.  1.
121.25  1.  1.  1.
121.75  1.  1.  1.
122.25  1.  1.  1.
122.75  1.  1.  1.
123.25  1.  1.  1.
123.75  1.  1.  1.
124.25  1.  1.  1.
124.75  1.  1.  1.
125.25  1.  1.  1.
125.75  1.  1.  1.
126.25  1.  1.  1.
126.75  1.  1.  1.
127.25  1.  1.  1.
127.75  1.  1.  1.
128.25  1.  1.  1.
128.75  1.  1.  1.
129.25  1.  1.  1.
129.75  1.  1.  1.
130.25  1.  1.  1.
130.75  1.  1.  1.
131.25  1.  1.  1.
131.75  1.  1.  1.
132.25  1.  1.  1.
132.75  1.  1.  1.
133.25  1.  1.  1.
133.75  1.  1.  1.
134.25  1.  1.  1.
134.75  1.  1.  1.
135.25  1.  1.  1.
135.75  1.  1.  1.
136.25  1.  1.  1.
136.75  1.  1.  1.
137.25  1.  1.  1.
137.75  1.  1.  1.
138.25  1.  1.  1.
138.75  1.  1.  1.
139.25  1.  1.  1.
139.75  1.  1.  1.
140.25  1.  1.  1.
140.75  1.  1.  1.
141.25  1.  1.  1.
141.75  1.  1.  1.
142.25  1.  1.  1.
142.75  1.  1.  1.
143.25  1.  1.  1.
143.75  1.  1.  1.
144.25  1.  1.  1.
144.75  1.  1.  1.
145.25  1.  1.  1.
145.75  1.  1.  1.
146.25  1.  1.  1.
146.75  1.  1.  1.
147.25  1.  1.  1.
147.75  1.  1.  1.
148.25  1.  1.  1.
148.75  1.  1.  1.
149.25  1.  1.  1.
149.75  1.  1.  1.
150.25  1.  1.  1.
150.75  1.  1.  1.
151.25  1.  1.  1.
151.75  1.  1.  1.
152.25  1.  1.  1.
152.75  1.  1.  1.
153.25  1.  1.  1.
153.75  1.  1.  1.
154.25  1.  1.  1.
154.75  1.  1.  1.
155.25  1.  1.  1.
155.75  1.  1.  1.
156.25  1.  1.  1.
156.75  1.  1.  1.
157.25  1.  1.  1.
157.75  1.  1.  1.
158.25  1.  1.  1.
158.75  1.  1.  1.
159.25  1.  1.  1.
159.75  1.  1.  1.
160.25  1.  1.  1.
160.75  1.  1.  1.
161.25  1.  1.  1.
161.75  1.  1.  1.
162.25  1.  1.  1.
162.75  1.  1.  1.
163.25  1.  1.  1.
163.75  1.  1.  1.
164.25  1.  1.  1.
164.75  1.  1.  1.
165.25  1.  1.  1.
165.75  1.  1.  1.
166.25  1.  1.  1.
166.75  1.  1.  1.
167.25  1.  1.  1.
167.75  1.  1.  1.
168.25  1.  1.  1.
168.75  1.  1.  1.
169.25  1.  1.  1.
169.75  1.  1.  1.
170.25  1.  1.  1.
170.75  1.  1.  1.
171.25  1.  1.  1.
171.75  1.  1.  1.
172.25  1.  1.  1.
172.75  1.  1.  1.
173.25  1.  1.  1.
173.75  1.  1.  1.
174.25  1.  1.  1.
174.75  1.  1.  1.
175.25  1.  1.  1.
175.75  1.  1.  1.
176.25  1.  1.  1.
176.75  1.  1.  1.
177.25  1.  1.  1.
177.75  1.  1.  1.
178.25  1.  1.  1.
178.75  1.  1.  1.
179.25  1.  1.  1.
179.75  1.  1.  1.
180.25  1.  1.  1.
180.75  1.  1.  1.
181.25  1.  1.  1.
181.75  1.  1.  1.
182.25  1.  1.  1.
182.75  1.  1.  1.
183.25  1.  1.  1.
183.75  1.  1.  1.
184.25  1.  1.  1.
184.75  1.  1.  1.
185.25  1.  1.  1.
185.75  1.  1.  1.
186.25  1.  1.  1.
186.75  1.  1.  1.
187.25  1.  1.  1.
187.75  1.  1.  1.
188.25  1.  1.  1.
188.75  1.  1.  1.
189.25  1.  1.  1.
189.75  1.  1.  1.
190.25  1.  1.  1.
190.75  1.  1.  1.
191.25  1.  1.  1.
191.75  1.  1.  1.
192.25  1.  1.  1.
192.75  1.  1.  1.
193.25  1.  1.  1.
193.75  1.  1.  1.
194.25  1.  1.  1.
194.75  1.  1.  1.
195.25  1.  1.  1.
195.75  1.  1.  1.
196.25  1.  1.  1.
196.75  1.  1.  1.
197.25  1.  1.  1.
197.75  1.  1.  1.
198.25  1.  1.  1.
198.75  1.  1.  1.
199.25  1.  1.  1.
199.75  1.  1.  1.
