# pt   RAA_central    RAA_lower    RAA_upper  
400  0.5
0.25  0.683913  0.495949  0.870867
0.75  0.70189  0.511347  0.898053
1.25  0.721857  0.53432  0.917844
1.75  0.744675  0.564788  0.929199
2.25  0.778049  0.603458  0.95786
2.75  0.818353  0.648882  0.986443
3.25  0.849113  0.690498  1.01659
3.75  0.8771  0.725206  1.03303
4.25  0.902335  0.753094  1.03581
4.75  0.917561  0.773311  1.03487
5.25  0.922823  0.785901  1.03021
5.75  0.930391  0.805398  1.03415
6.25  0.940263  0.831763  1.0467
6.75  0.950124  0.858063  1.05923
7.25  0.958913  0.874038  1.06451
7.75  0.966632  0.879734  1.06253
8.25  0.974345  0.885429  1.06056
8.75  0.982054  0.891119  1.05859
9.25  0.985669  0.896289  1.05783
9.75  0.985194  0.900939  1.05828
10.25  0.984719  0.905587  1.05874
10.75  0.984245  0.910233  1.05919
11.25  0.987382  0.916635  1.06147
11.75  0.994128  0.924791  1.06557
12.25  1.00087  0.93294  1.06967
12.75  1.00761  0.941083  1.07377
13.25  1.01434  0.949221  1.07786
13.75  1.02107  0.957352  1.08196
14.25  1.0278  0.965478  1.08605
14.75  1.03452  0.973597  1.09014
15.25  1.04124  0.98171  1.09423
15.75  1.04796  0.989818  1.09832
16.25  1.05189  0.99408  1.10138
16.75  1.05305  0.9945  1.10341
17.25  1.05422  0.994921  1.10543
17.75  1.05538  0.995341  1.10746
18.25  1.05654  0.995761  1.10948
18.75  1.0577  0.996182  1.11151
19.25  1.05886  0.996603  1.11353
19.75  1.06002  0.997022  1.11556
20.25  1.06118  0.997443  1.11758
20.75  1.06234  0.997864  1.11961
21.25  1.0635  0.998283  1.12163
21.75  1.06466  0.998704  1.12365
22.25  1.06582  0.999125  1.12568
22.75  1.06698  0.999544  1.1277
23.25  1.06814  0.999965  1.12972
23.75  1.0693  1.00039  1.13174
24.25  1.07045  1.0008  1.13376
24.75  1.07161  1.00123  1.13579
25.25  1.07277  1.00165  1.13781
25.75  1.07393  1.00207  1.13983
26.25  1.07509  1.00249  1.14185
26.75  1.07625  1.00291  1.14387
27.25  1.07741  1.00333  1.14589
27.75  1.07857  1.00375  1.14791
28.25  1.07972  1.00417  1.14993
28.75  1.08088  1.00459  1.15195
29.25  1.08204  1.00501  1.15397
29.75  1.0832  1.00543  1.15598
30.25  1.08436  1.00585  1.158
30.75  1.08551  1.00627  1.16002
31.25  1.08667  1.00669  1.16204
31.75  1.08783  1.00711  1.16405
32.25  1.08899  1.00753  1.16607
32.75  1.09014  1.00795  1.16809
33.25  1.0913  1.00837  1.1701
33.75  1.09246  1.00879  1.17212
34.25  1.09362  1.00921  1.17414
34.75  1.09477  1.00963  1.17615
35.25  1.09535  1.00984  1.17716
35.75  1.09535  1.00984  1.17716
36.25  1.09535  1.00984  1.17716
36.75  1.09535  1.00984  1.17716
37.25  1.09535  1.00984  1.17716
37.75  1.09535  1.00984  1.17716
38.25  1.09535  1.00984  1.17716
38.75  1.09535  1.00984  1.17716
39.25  1.09535  1.00984  1.17716
39.75  1.09535  1.00984  1.17716
40.25  1.09535  1.00984  1.17716
40.75  1.09535  1.00984  1.17716
41.25  1.09535  1.00984  1.17716
41.75  1.09535  1.00984  1.17716
42.25  1.09535  1.00984  1.17716
42.75  1.09535  1.00984  1.17716
43.25  1.09535  1.00984  1.17716
43.75  1.09535  1.00984  1.17716
44.25  1.09535  1.00984  1.17716
44.75  1.09535  1.00984  1.17716
45.25  1.09535  1.00984  1.17716
45.75  1.09535  1.00984  1.17716
46.25  1.09535  1.00984  1.17716
46.75  1.09535  1.00984  1.17716
47.25  1.09535  1.00984  1.17716
47.75  1.09535  1.00984  1.17716
48.25  1.09535  1.00984  1.17716
48.75  1.09535  1.00984  1.17716
49.25  1.09535  1.00984  1.17716
49.75  1.09535  1.00984  1.17716
50.25  1.  1.  1.
50.75  1.  1.  1.
51.25  1.  1.  1.
51.75  1.  1.  1.
52.25  1.  1.  1.
52.75  1.  1.  1.
53.25  1.  1.  1.
53.75  1.  1.  1.
54.25  1.  1.  1.
54.75  1.  1.  1.
55.25  1.  1.  1.
55.75  1.  1.  1.
56.25  1.  1.  1.
56.75  1.  1.  1.
57.25  1.  1.  1.
57.75  1.  1.  1.
58.25  1.  1.  1.
58.75  1.  1.  1.
59.25  1.  1.  1.
59.75  1.  1.  1.
60.25  1.  1.  1.
60.75  1.  1.  1.
61.25  1.  1.  1.
61.75  1.  1.  1.
62.25  1.  1.  1.
62.75  1.  1.  1.
63.25  1.  1.  1.
63.75  1.  1.  1.
64.25  1.  1.  1.
64.75  1.  1.  1.
65.25  1.  1.  1.
65.75  1.  1.  1.
66.25  1.  1.  1.
66.75  1.  1.  1.
67.25  1.  1.  1.
67.75  1.  1.  1.
68.25  1.  1.  1.
68.75  1.  1.  1.
69.25  1.  1.  1.
69.75  1.  1.  1.
70.25  1.  1.  1.
70.75  1.  1.  1.
71.25  1.  1.  1.
71.75  1.  1.  1.
72.25  1.  1.  1.
72.75  1.  1.  1.
73.25  1.  1.  1.
73.75  1.  1.  1.
74.25  1.  1.  1.
74.75  1.  1.  1.
75.25  1.  1.  1.
75.75  1.  1.  1.
76.25  1.  1.  1.
76.75  1.  1.  1.
77.25  1.  1.  1.
77.75  1.  1.  1.
78.25  1.  1.  1.
78.75  1.  1.  1.
79.25  1.  1.  1.
79.75  1.  1.  1.
80.25  1.  1.  1.
80.75  1.  1.  1.
81.25  1.  1.  1.
81.75  1.  1.  1.
82.25  1.  1.  1.
82.75  1.  1.  1.
83.25  1.  1.  1.
83.75  1.  1.  1.
84.25  1.  1.  1.
84.75  1.  1.  1.
85.25  1.  1.  1.
85.75  1.  1.  1.
86.25  1.  1.  1.
86.75  1.  1.  1.
87.25  1.  1.  1.
87.75  1.  1.  1.
88.25  1.  1.  1.
88.75  1.  1.  1.
89.25  1.  1.  1.
89.75  1.  1.  1.
90.25  1.  1.  1.
90.75  1.  1.  1.
91.25  1.  1.  1.
91.75  1.  1.  1.
92.25  1.  1.  1.
92.75  1.  1.  1.
93.25  1.  1.  1.
93.75  1.  1.  1.
94.25  1.  1.  1.
94.75  1.  1.  1.
95.25  1.  1.  1.
95.75  1.  1.  1.
96.25  1.  1.  1.
96.75  1.  1.  1.
97.25  1.  1.  1.
97.75  1.  1.  1.
98.25  1.  1.  1.
98.75  1.  1.  1.
99.25  1.  1.  1.
99.75  1.  1.  1.
100.25  1.  1.  1.
100.75  1.  1.  1.
101.25  1.  1.  1.
101.75  1.  1.  1.
102.25  1.  1.  1.
102.75  1.  1.  1.
103.25  1.  1.  1.
103.75  1.  1.  1.
104.25  1.  1.  1.
104.75  1.  1.  1.
105.25  1.  1.  1.
105.75  1.  1.  1.
106.25  1.  1.  1.
106.75  1.  1.  1.
107.25  1.  1.  1.
107.75  1.  1.  1.
108.25  1.  1.  1.
108.75  1.  1.  1.
109.25  1.  1.  1.
109.75  1.  1.  1.
110.25  1.  1.  1.
110.75  1.  1.  1.
111.25  1.  1.  1.
111.75  1.  1.  1.
112.25  1.  1.  1.
112.75  1.  1.  1.
113.25  1.  1.  1.
113.75  1.  1.  1.
114.25  1.  1.  1.
114.75  1.  1.  1.
115.25  1.  1.  1.
115.75  1.  1.  1.
116.25  1.  1.  1.
116.75  1.  1.  1.
117.25  1.  1.  1.
117.75  1.  1.  1.
118.25  1.  1.  1.
118.75  1.  1.  1.
119.25  1.  1.  1.
119.75  1.  1.  1.
120.25  1.  1.  1.
120.75  1.  1.  1.
121.25  1.  1.  1.
121.75  1.  1.  1.
122.25  1.  1.  1.
122.75  1.  1.  1.
123.25  1.  1.  1.
123.75  1.  1.  1.
124.25  1.  1.  1.
124.75  1.  1.  1.
125.25  1.  1.  1.
125.75  1.  1.  1.
126.25  1.  1.  1.
126.75  1.  1.  1.
127.25  1.  1.  1.
127.75  1.  1.  1.
128.25  1.  1.  1.
128.75  1.  1.  1.
129.25  1.  1.  1.
129.75  1.  1.  1.
130.25  1.  1.  1.
130.75  1.  1.  1.
131.25  1.  1.  1.
131.75  1.  1.  1.
132.25  1.  1.  1.
132.75  1.  1.  1.
133.25  1.  1.  1.
133.75  1.  1.  1.
134.25  1.  1.  1.
134.75  1.  1.  1.
135.25  1.  1.  1.
135.75  1.  1.  1.
136.25  1.  1.  1.
136.75  1.  1.  1.
137.25  1.  1.  1.
137.75  1.  1.  1.
138.25  1.  1.  1.
138.75  1.  1.  1.
139.25  1.  1.  1.
139.75  1.  1.  1.
140.25  1.  1.  1.
140.75  1.  1.  1.
141.25  1.  1.  1.
141.75  1.  1.  1.
142.25  1.  1.  1.
142.75  1.  1.  1.
143.25  1.  1.  1.
143.75  1.  1.  1.
144.25  1.  1.  1.
144.75  1.  1.  1.
145.25  1.  1.  1.
145.75  1.  1.  1.
146.25  1.  1.  1.
146.75  1.  1.  1.
147.25  1.  1.  1.
147.75  1.  1.  1.
148.25  1.  1.  1.
148.75  1.  1.  1.
149.25  1.  1.  1.
149.75  1.  1.  1.
150.25  1.  1.  1.
150.75  1.  1.  1.
151.25  1.  1.  1.
151.75  1.  1.  1.
152.25  1.  1.  1.
152.75  1.  1.  1.
153.25  1.  1.  1.
153.75  1.  1.  1.
154.25  1.  1.  1.
154.75  1.  1.  1.
155.25  1.  1.  1.
155.75  1.  1.  1.
156.25  1.  1.  1.
156.75  1.  1.  1.
157.25  1.  1.  1.
157.75  1.  1.  1.
158.25  1.  1.  1.
158.75  1.  1.  1.
159.25  1.  1.  1.
159.75  1.  1.  1.
160.25  1.  1.  1.
160.75  1.  1.  1.
161.25  1.  1.  1.
161.75  1.  1.  1.
162.25  1.  1.  1.
162.75  1.  1.  1.
163.25  1.  1.  1.
163.75  1.  1.  1.
164.25  1.  1.  1.
164.75  1.  1.  1.
165.25  1.  1.  1.
165.75  1.  1.  1.
166.25  1.  1.  1.
166.75  1.  1.  1.
167.25  1.  1.  1.
167.75  1.  1.  1.
168.25  1.  1.  1.
168.75  1.  1.  1.
169.25  1.  1.  1.
169.75  1.  1.  1.
170.25  1.  1.  1.
170.75  1.  1.  1.
171.25  1.  1.  1.
171.75  1.  1.  1.
172.25  1.  1.  1.
172.75  1.  1.  1.
173.25  1.  1.  1.
173.75  1.  1.  1.
174.25  1.  1.  1.
174.75  1.  1.  1.
175.25  1.  1.  1.
175.75  1.  1.  1.
176.25  1.  1.  1.
176.75  1.  1.  1.
177.25  1.  1.  1.
177.75  1.  1.  1.
178.25  1.  1.  1.
178.75  1.  1.  1.
179.25  1.  1.  1.
179.75  1.  1.  1.
180.25  1.  1.  1.
180.75  1.  1.  1.
181.25  1.  1.  1.
181.75  1.  1.  1.
182.25  1.  1.  1.
182.75  1.  1.  1.
183.25  1.  1.  1.
183.75  1.  1.  1.
184.25  1.  1.  1.
184.75  1.  1.  1.
185.25  1.  1.  1.
185.75  1.  1.  1.
186.25  1.  1.  1.
186.75  1.  1.  1.
187.25  1.  1.  1.
187.75  1.  1.  1.
188.25  1.  1.  1.
188.75  1.  1.  1.
189.25  1.  1.  1.
189.75  1.  1.  1.
190.25  1.  1.  1.
190.75  1.  1.  1.
191.25  1.  1.  1.
191.75  1.  1.  1.
192.25  1.  1.  1.
192.75  1.  1.  1.
193.25  1.  1.  1.
193.75  1.  1.  1.
194.25  1.  1.  1.
194.75  1.  1.  1.
195.25  1.  1.  1.
195.75  1.  1.  1.
196.25  1.  1.  1.
196.75  1.  1.  1.
197.25  1.  1.  1.
197.75  1.  1.  1.
198.25  1.  1.  1.
198.75  1.  1.  1.
199.25  1.  1.  1.
199.75  1.  1.  1.
