# pt   RAA_central    RAA_lower    RAA_upper  
400  0.5
0.25  0.769776  0.613033  0.909886
0.75  0.783814  0.626565  0.929275
1.25  0.799246  0.646622  0.943244
1.75  0.816685  0.672737  0.951205
2.25  0.841856  0.705073  0.971129
2.75  0.871751  0.742  0.990766
3.25  0.894199  0.774934  1.01124
3.75  0.914352  0.801818  1.0223
4.25  0.932307  0.82307  1.02416
4.75  0.943045  0.838305  1.02353
5.25  0.946739  0.847723  1.0204
5.75  0.952039  0.862202  1.02305
6.25  0.958925  0.881577  1.03144
6.75  0.965775  0.900672  1.03979
7.25  0.971857  0.912159  1.04329
7.75  0.97718  0.916236  1.04198
8.25  0.982482  0.9203  1.04067
8.75  0.987765  0.924352  1.03936
9.25  0.990237  0.928024  1.03885
9.75  0.989912  0.931319  1.03915
10.25  0.989587  0.934607  1.03946
10.75  0.989263  0.937886  1.03976
11.25  0.991406  0.942394  1.04127
11.75  0.996006  0.94812  1.04399
12.25  1.00059  0.95382  1.04671
12.75  1.00516  0.959496  1.04942
13.25  1.00972  0.965149  1.05212
13.75  1.01426  0.970778  1.05482
14.25  1.01878  0.976385  1.05751
14.75  1.0233  0.981968  1.0602
15.25  1.0278  0.987529  1.06289
15.75  1.03228  0.993069  1.06557
16.25  1.0349  0.995974  1.06757
16.75  1.03568  0.996259  1.0689
17.25  1.03645  0.996546  1.07022
17.75  1.03722  0.996832  1.07155
18.25  1.03799  0.997118  1.07287
18.75  1.03877  0.997404  1.07419
19.25  1.03954  0.99769  1.07551
19.75  1.04031  0.997976  1.07683
20.25  1.04108  0.998262  1.07815
20.75  1.04185  0.998548  1.07946
21.25  1.04262  0.998833  1.08078
21.75  1.04339  0.999119  1.08209
22.25  1.04415  0.999405  1.08341
22.75  1.04492  0.99969  1.08472
23.25  1.04569  0.999976  1.08603
23.75  1.04646  1.00026  1.08734
24.25  1.04722  1.00055  1.08865
24.75  1.04799  1.00083  1.08996
25.25  1.04876  1.00112  1.09126
25.75  1.04952  1.0014  1.09257
26.25  1.05029  1.00169  1.09388
26.75  1.05105  1.00197  1.09518
27.25  1.05182  1.00226  1.09648
27.75  1.05258  1.00254  1.09778
28.25  1.05335  1.00283  1.09909
28.75  1.05411  1.00311  1.10038
29.25  1.05487  1.0034  1.10168
29.75  1.05564  1.00368  1.10298
30.25  1.0564  1.00397  1.10428
30.75  1.05716  1.00425  1.10557
31.25  1.05792  1.00454  1.10687
31.75  1.05869  1.00482  1.10816
32.25  1.05945  1.00511  1.10945
32.75  1.06021  1.00539  1.11075
33.25  1.06097  1.00567  1.11204
33.75  1.06173  1.00596  1.11333
34.25  1.06249  1.00624  1.11461
34.75  1.06325  1.00653  1.1159
35.25  1.06362  1.00667  1.11655
35.75  1.06362  1.00667  1.11655
36.25  1.06362  1.00667  1.11655
36.75  1.06362  1.00667  1.11655
37.25  1.06362  1.00667  1.11655
37.75  1.06362  1.00667  1.11655
38.25  1.06362  1.00667  1.11655
38.75  1.06362  1.00667  1.11655
39.25  1.06362  1.00667  1.11655
39.75  1.06362  1.00667  1.11655
40.25  1.06362  1.00667  1.11655
40.75  1.06362  1.00667  1.11655
41.25  1.06362  1.00667  1.11655
41.75  1.06362  1.00667  1.11655
42.25  1.06362  1.00667  1.11655
42.75  1.06362  1.00667  1.11655
43.25  1.06362  1.00667  1.11655
43.75  1.06362  1.00667  1.11655
44.25  1.06362  1.00667  1.11655
44.75  1.06362  1.00667  1.11655
45.25  1.06362  1.00667  1.11655
45.75  1.06362  1.00667  1.11655
46.25  1.06362  1.00667  1.11655
46.75  1.06362  1.00667  1.11655
47.25  1.06362  1.00667  1.11655
47.75  1.06362  1.00667  1.11655
48.25  1.06362  1.00667  1.11655
48.75  1.06362  1.00667  1.11655
49.25  1.06362  1.00667  1.11655
49.75  1.06362  1.00667  1.11655
50.25  1.  1.  1.
50.75  1.  1.  1.
51.25  1.  1.  1.
51.75  1.  1.  1.
52.25  1.  1.  1.
52.75  1.  1.  1.
53.25  1.  1.  1.
53.75  1.  1.  1.
54.25  1.  1.  1.
54.75  1.  1.  1.
55.25  1.  1.  1.
55.75  1.  1.  1.
56.25  1.  1.  1.
56.75  1.  1.  1.
57.25  1.  1.  1.
57.75  1.  1.  1.
58.25  1.  1.  1.
58.75  1.  1.  1.
59.25  1.  1.  1.
59.75  1.  1.  1.
60.25  1.  1.  1.
60.75  1.  1.  1.
61.25  1.  1.  1.
61.75  1.  1.  1.
62.25  1.  1.  1.
62.75  1.  1.  1.
63.25  1.  1.  1.
63.75  1.  1.  1.
64.25  1.  1.  1.
64.75  1.  1.  1.
65.25  1.  1.  1.
65.75  1.  1.  1.
66.25  1.  1.  1.
66.75  1.  1.  1.
67.25  1.  1.  1.
67.75  1.  1.  1.
68.25  1.  1.  1.
68.75  1.  1.  1.
69.25  1.  1.  1.
69.75  1.  1.  1.
70.25  1.  1.  1.
70.75  1.  1.  1.
71.25  1.  1.  1.
71.75  1.  1.  1.
72.25  1.  1.  1.
72.75  1.  1.  1.
73.25  1.  1.  1.
73.75  1.  1.  1.
74.25  1.  1.  1.
74.75  1.  1.  1.
75.25  1.  1.  1.
75.75  1.  1.  1.
76.25  1.  1.  1.
76.75  1.  1.  1.
77.25  1.  1.  1.
77.75  1.  1.  1.
78.25  1.  1.  1.
78.75  1.  1.  1.
79.25  1.  1.  1.
79.75  1.  1.  1.
80.25  1.  1.  1.
80.75  1.  1.  1.
81.25  1.  1.  1.
81.75  1.  1.  1.
82.25  1.  1.  1.
82.75  1.  1.  1.
83.25  1.  1.  1.
83.75  1.  1.  1.
84.25  1.  1.  1.
84.75  1.  1.  1.
85.25  1.  1.  1.
85.75  1.  1.  1.
86.25  1.  1.  1.
86.75  1.  1.  1.
87.25  1.  1.  1.
87.75  1.  1.  1.
88.25  1.  1.  1.
88.75  1.  1.  1.
89.25  1.  1.  1.
89.75  1.  1.  1.
90.25  1.  1.  1.
90.75  1.  1.  1.
91.25  1.  1.  1.
91.75  1.  1.  1.
92.25  1.  1.  1.
92.75  1.  1.  1.
93.25  1.  1.  1.
93.75  1.  1.  1.
94.25  1.  1.  1.
94.75  1.  1.  1.
95.25  1.  1.  1.
95.75  1.  1.  1.
96.25  1.  1.  1.
96.75  1.  1.  1.
97.25  1.  1.  1.
97.75  1.  1.  1.
98.25  1.  1.  1.
98.75  1.  1.  1.
99.25  1.  1.  1.
99.75  1.  1.  1.
100.25  1.  1.  1.
100.75  1.  1.  1.
101.25  1.  1.  1.
101.75  1.  1.  1.
102.25  1.  1.  1.
102.75  1.  1.  1.
103.25  1.  1.  1.
103.75  1.  1.  1.
104.25  1.  1.  1.
104.75  1.  1.  1.
105.25  1.  1.  1.
105.75  1.  1.  1.
106.25  1.  1.  1.
106.75  1.  1.  1.
107.25  1.  1.  1.
107.75  1.  1.  1.
108.25  1.  1.  1.
108.75  1.  1.  1.
109.25  1.  1.  1.
109.75  1.  1.  1.
110.25  1.  1.  1.
110.75  1.  1.  1.
111.25  1.  1.  1.
111.75  1.  1.  1.
112.25  1.  1.  1.
112.75  1.  1.  1.
113.25  1.  1.  1.
113.75  1.  1.  1.
114.25  1.  1.  1.
114.75  1.  1.  1.
115.25  1.  1.  1.
115.75  1.  1.  1.
116.25  1.  1.  1.
116.75  1.  1.  1.
117.25  1.  1.  1.
117.75  1.  1.  1.
118.25  1.  1.  1.
118.75  1.  1.  1.
119.25  1.  1.  1.
119.75  1.  1.  1.
120.25  1.  1.  1.
120.75  1.  1.  1.
121.25  1.  1.  1.
121.75  1.  1.  1.
122.25  1.  1.  1.
122.75  1.  1.  1.
123.25  1.  1.  1.
123.75  1.  1.  1.
124.25  1.  1.  1.
124.75  1.  1.  1.
125.25  1.  1.  1.
125.75  1.  1.  1.
126.25  1.  1.  1.
126.75  1.  1.  1.
127.25  1.  1.  1.
127.75  1.  1.  1.
128.25  1.  1.  1.
128.75  1.  1.  1.
129.25  1.  1.  1.
129.75  1.  1.  1.
130.25  1.  1.  1.
130.75  1.  1.  1.
131.25  1.  1.  1.
131.75  1.  1.  1.
132.25  1.  1.  1.
132.75  1.  1.  1.
133.25  1.  1.  1.
133.75  1.  1.  1.
134.25  1.  1.  1.
134.75  1.  1.  1.
135.25  1.  1.  1.
135.75  1.  1.  1.
136.25  1.  1.  1.
136.75  1.  1.  1.
137.25  1.  1.  1.
137.75  1.  1.  1.
138.25  1.  1.  1.
138.75  1.  1.  1.
139.25  1.  1.  1.
139.75  1.  1.  1.
140.25  1.  1.  1.
140.75  1.  1.  1.
141.25  1.  1.  1.
141.75  1.  1.  1.
142.25  1.  1.  1.
142.75  1.  1.  1.
143.25  1.  1.  1.
143.75  1.  1.  1.
144.25  1.  1.  1.
144.75  1.  1.  1.
145.25  1.  1.  1.
145.75  1.  1.  1.
146.25  1.  1.  1.
146.75  1.  1.  1.
147.25  1.  1.  1.
147.75  1.  1.  1.
148.25  1.  1.  1.
148.75  1.  1.  1.
149.25  1.  1.  1.
149.75  1.  1.  1.
150.25  1.  1.  1.
150.75  1.  1.  1.
151.25  1.  1.  1.
151.75  1.  1.  1.
152.25  1.  1.  1.
152.75  1.  1.  1.
153.25  1.  1.  1.
153.75  1.  1.  1.
154.25  1.  1.  1.
154.75  1.  1.  1.
155.25  1.  1.  1.
155.75  1.  1.  1.
156.25  1.  1.  1.
156.75  1.  1.  1.
157.25  1.  1.  1.
157.75  1.  1.  1.
158.25  1.  1.  1.
158.75  1.  1.  1.
159.25  1.  1.  1.
159.75  1.  1.  1.
160.25  1.  1.  1.
160.75  1.  1.  1.
161.25  1.  1.  1.
161.75  1.  1.  1.
162.25  1.  1.  1.
162.75  1.  1.  1.
163.25  1.  1.  1.
163.75  1.  1.  1.
164.25  1.  1.  1.
164.75  1.  1.  1.
165.25  1.  1.  1.
165.75  1.  1.  1.
166.25  1.  1.  1.
166.75  1.  1.  1.
167.25  1.  1.  1.
167.75  1.  1.  1.
168.25  1.  1.  1.
168.75  1.  1.  1.
169.25  1.  1.  1.
169.75  1.  1.  1.
170.25  1.  1.  1.
170.75  1.  1.  1.
171.25  1.  1.  1.
171.75  1.  1.  1.
172.25  1.  1.  1.
172.75  1.  1.  1.
173.25  1.  1.  1.
173.75  1.  1.  1.
174.25  1.  1.  1.
174.75  1.  1.  1.
175.25  1.  1.  1.
175.75  1.  1.  1.
176.25  1.  1.  1.
176.75  1.  1.  1.
177.25  1.  1.  1.
177.75  1.  1.  1.
178.25  1.  1.  1.
178.75  1.  1.  1.
179.25  1.  1.  1.
179.75  1.  1.  1.
180.25  1.  1.  1.
180.75  1.  1.  1.
181.25  1.  1.  1.
181.75  1.  1.  1.
182.25  1.  1.  1.
182.75  1.  1.  1.
183.25  1.  1.  1.
183.75  1.  1.  1.
184.25  1.  1.  1.
184.75  1.  1.  1.
185.25  1.  1.  1.
185.75  1.  1.  1.
186.25  1.  1.  1.
186.75  1.  1.  1.
187.25  1.  1.  1.
187.75  1.  1.  1.
188.25  1.  1.  1.
188.75  1.  1.  1.
189.25  1.  1.  1.
189.75  1.  1.  1.
190.25  1.  1.  1.
190.75  1.  1.  1.
191.25  1.  1.  1.
191.75  1.  1.  1.
192.25  1.  1.  1.
192.75  1.  1.  1.
193.25  1.  1.  1.
193.75  1.  1.  1.
194.25  1.  1.  1.
194.75  1.  1.  1.
195.25  1.  1.  1.
195.75  1.  1.  1.
196.25  1.  1.  1.
196.75  1.  1.  1.
197.25  1.  1.  1.
197.75  1.  1.  1.
198.25  1.  1.  1.
198.75  1.  1.  1.
199.25  1.  1.  1.
199.75  1.  1.  1.
