60
120
0.097972
0.097039
0.0945652
0.0915152
0.0879364
0.0828265
0.0773665
0.0723143
0.0662315
0.0613135
0.0551072
0.0503343
0.0461866
0.0427307
0.0379707
0.0345988
0.0318688
0.0284955
0.0264206
0.0231471
0.021133
0.0191687
0.0180527
0.0161915
0.0147498
0.0129694
0.012433
0.011365
0.0102256
0.00892024
0.0079256
0.00765076
0.00693015
0.0062258
0.00598854
0.00533683
0.00481377
0.00440257
0.00425798
0.00360961
0.003476
0.00315162
0.00301546
0.00278779
0.00265997
0.00222927
0.0022106
0.00195332
0.00186475
0.00163786
0.00157833
0.00136945
0.00126544
0.00116054
0.00112725
0.00103422
0.00102855
0.000850806
0.00083017
0.000744028
0.000768006
0.000667857
0.000657922
0.000546624
0.000558928
0.00055567
0.000479782
0.000449913
0.000412423
0.000339049
0.0003284
0.000300953
0.000325501
0.00029944
0.00026705
0.000241069
0.000237354
0.000194511
0.000213068
0.000196872
0.000184798
0.000165252
0.000162302
0.000142664
0.000122611
0.000124312
0.00010104
8.96452e-05
9.14477e-05
8.5159e-05
0.00010154
0.000109082
8.01283e-05
7.12546e-05
6.45471e-05
6.72948e-05
7.334e-05
5.67761e-05
5.09151e-05
5.9195e-05
4.51034e-05
6.02958e-05
4.93019e-05
3.95254e-05
3.47035e-05
3.74607e-05
3.87839e-05
2.79336e-05
2.608e-05
2.84757e-05
2.44432e-05
3.46387e-05
2.19152e-05
1.95619e-05
2.71106e-05
1.94057e-05
1.87804e-05
1.54139e-05
1.26437e-05
1.00683e-05
1.21902e-05
