60
120
0.0257332
0.0255608
0.0248012
0.0237917
0.0222304
0.0207912
0.0187288
0.0172286
0.015325
0.0135987
0.0120314
0.0106902
0.00954176
0.00812968
0.00725121
0.00635817
0.005616
0.00482894
0.00421081
0.00353786
0.00319197
0.00288708
0.00246763
0.00209755
0.0018531
0.00157527
0.00140271
0.0013413
0.00113069
0.00093788
0.000885467
0.000790954
0.000672594
0.000620132
0.000493303
0.000455746
0.000431612
0.000356067
0.000336779
0.00028125
0.000264148
0.000243561
0.000207187
0.000162111
0.000142527
0.000150458
0.000118153
0.000119771
0.000100432
0.000106733
8.03828e-05
7.93046e-05
7.81684e-05
6.2684e-05
5.09389e-05
4.9089e-05
4.1999e-05
4.63976e-05
3.60714e-05
3.0247e-05
3.22373e-05
2.48474e-05
2.09347e-05
2.49854e-05
2.02076e-05
1.85396e-05
1.57038e-05
1.1744e-05
1.4272e-05
1.25063e-05
9.83566e-06
6.978e-06
9.60849e-06
8.2767e-06
7.52386e-06
6.08276e-06
7.41453e-06
3.47957e-06
5.89834e-06
4.60964e-06
4.51312e-06
3.5146e-06
3.21936e-06
4.25263e-06
3.14191e-06
2.07177e-06
1.90193e-06
2.0283e-06
1.98821e-06
1.72105e-06
2.07303e-06
1.43934e-06
1.35165e-06
2.69935e-06
1.39513e-06
9.2614e-07
5.60202e-07
7.23239e-07
5.91765e-07
7.98584e-07
7.44638e-07
1.03552e-06
1.04797e-06
1.8866e-07
4.47139e-07
2.88092e-07
2.48898e-07
1.34304e-07
1.43775e-07
1.70958e-07
1.88061e-07
2.37605e-07
1.5151e-07
8.25535e-08
1.78687e-07
1.2759e-07
3.3449e-07
1.00227e-07
1.42687e-07
6.56153e-08
1.62265e-07
