60
120
1.
0.9265107392459289
0.7526677513905338
0.5642437266827247
0.41504488602768685
0.30260206186196353
0.21763400293193758
0.16177016055889953
0.11978950136131901
0.09116635268103976
0.06846679157778704
0.05292603790763264
0.04152542961998183
0.03335995316269027
0.025497808241517702
0.020404092906751832
0.016417906604664592
0.013184553820283218
0.011000638592478127
0.008723182146401533
0.007179277200435694
0.005800872801918929
0.004979898800953534
0.004098968792677482
0.0031842559221955174
0.0025342175587913652
0.002598664086523117
0.002129374118162228
0.00167067299090986
0.0013002161741932376
0.0011251986891309014
0.001117003234211839
0.0008569586033115548
0.0007006369070936845
0.0006409651464453529
0.0005651850092549636
0.00041571325667611
0.00033076678701571147
0.00038259852067094467
0.0002654376595038991
0.00026625933781554087
0.00023513148572141187
0.00020178533752922566
0.0001550057368963889
0.0001898637357422274
0.00011132568359122235
0.0001029612648922064
0.00008801468541447194
0.00010609133740352654
0.00006789982013119156
0.0000770495316801705
0.00004899034887311828
0.00004657072390057141
0.000043628659569592976
0.000045559092707949494
0.00005191334789400299
0.000031171410074818805
0.000021624436312113234
0.000025260914555893722
0.000020584712803150365
0.000030781474880427566
0.000024107838486471205
0.00001422241369936488
0.000015996202382433427
0.000012976747579141221
9.446424553771668e-6
9.9641095601674e-6
8.460951777885768e-6
0.000011320216681422669
4.373602476381476e-6
7.824854306987179e-6
5.3432197434141196e-6
3.812924758698664e-6
4.85954995465535e-6
4.15090619963942e-6
2.4469514461462126e-6
6.6964668347737866e-6
2.4470181756353493e-6
2.127173629505022e-6
4.64423176358681e-6
2.3190608077455234e-6
1.4838976509078512e-6
4.266875419007815e-6
1.5531542715020665e-6
7.692975766596098e-7
7.491316827648975e-7
4.218539202037978e-7
3.1085484628654104e-7
8.317130634091201e-7
6.249205699393897e-7
7.026471549799849e-7
2.3734878163940606e-6
5.120391992492981e-7
1.7386310790384734e-6
3.486690377505867e-7
3.625469306579187e-7
8.235735567129244e-7
1.3713342668161292e-7
2.1193167105036513e-7
1.893035928931011e-7
1.9508066483770134e-7
1.3968016188494022e-6
4.025941961895438e-7
1.8802587330516213e-7
1.1418942661118349e-7
1.2355602907486897e-7
3.4312182129967995e-7
8.195786905338172e-8
4.7053570571961196e-8
6.857908852477439e-8
6.315558006222648e-8
3.877505355114496e-7
7.683101665003316e-8
7.464973466035959e-8
4.605631579246258e-8
6.170666965902623e-8
2.6095048780537342e-8
1.8941699221628892e-8
8.537975388648619e-9
1.7543920851337548e-8
6.657522405412398e-9