60
120
1.
0.9940455384732224
0.9657161843373093
0.928187432064895
0.8799884816869897
0.8237598748174553
0.7616170572292444
0.7003258986420098
0.6341080031707005
0.5753599868362136
0.5110409675382929
0.4596193577274747
0.4150193105783364
0.3738095712750994
0.3290414959883678
0.2956732596351162
0.2676707154802646
0.23639841971276992
0.21364391641628575
0.1859899214761161
0.16801609399449713
0.15135153796375844
0.13950823765064388
0.12351401579337919
0.11174440736855594
0.0972379718275987
0.09193274064651277
0.08412370604885473
0.07496955209900685
0.06508135314862894
0.0579100071673019
0.05517228453397506
0.04957366293429024
0.044654776223543864
0.04207538419427975
0.03750882685665553
0.03386614606423358
0.030718268962101895
0.029588946912918065
0.025064882404036468
0.024014541300588412
0.021807353999844944
0.02063489156489256
0.018857445054640785
0.017914926372981328
0.015181552282540419
0.014861031869969638
0.013221833215460485
0.012522426269348156
0.011113101340586072
0.010562344660201855
0.009220044560682364
0.008555408003012481
0.007777005668971909
0.0074896968247112105
0.006891261100220397
0.00679883104311931
0.005695202166961743
0.00549607799543381
0.004911907671860982
0.005076290782976313
0.0043953087967951235
0.004305638459773716
0.003623460508799326
0.0036723467955198826
0.0036374420510191644
0.00313986076448056
0.002925655675221545
0.002703755886633219
0.00222861251477366
0.0021431091388637055
0.0019511209460838523
0.0021228000534778816
0.0019486341169899861
0.0017396903686967694
0.0015650887797391607
0.0015497213699197988
0.0012539348691927845
0.0013863954298245194
0.0012756751564228044
0.0011987273299506197
0.0010685319042587696
0.0010479169096999066
0.0009300895033043951
0.0007961091256113172
0.0008000559701663036
0.0006517119428387895
0.0005803460940546201
0.0005915571809245344
0.000550010341793281
0.0006559428912737702
0.0006995871052928862
0.0005157323660292039
0.0004681789881668319
0.0004173663673152046
0.00043178838217889124
0.0004677596102531972
0.0003640207040410608
0.0003260134656578649
0.00037971005323422514
0.0002902360586155557
0.0003881915497278798
0.0003186717542605892
0.000251363513047812
0.00022247739095065632
0.00023891390347887857
0.00024705699444804653
0.00017764188781542852
0.00016596687314552783
0.00018131493307720905
0.00015590589033426838
0.00022073792883435615
0.00013965558812879624
0.00012433130865914497
0.0001727156640399217
0.00012362411166976615
0.00012097671051789691
0.00009818655509756549
0.00008092362420491205
0.00006413633765700426
0.00007817930143353632