60
120
0.10005
0.0939068
0.0791828
0.0626243
0.0489522
0.0376294
0.028416
0.0218811
0.0168136
0.0132656
0.0101796
0.00808544
0.0064378
0.00526438
0.00407606
0.00327959
0.0026782
0.00216081
0.00184541
0.00147765
0.00121567
0.000986988
0.000853569
0.000709044
0.000548192
0.000436803
0.000456847
0.000373082
0.0002935
0.000225819
0.000196069
0.000195854
0.000151623
0.000124226
0.000114791
0.000100927
7.34484e-05
5.91674e-05
6.83149e-05
4.77552e-05
4.76916e-05
4.18812e-05
3.64855e-05
2.77832e-05
3.45653e-05
1.99992e-05
1.86991e-05
1.59842e-05
1.92388e-05
1.21465e-05
1.37585e-05
8.8439e-06
8.35653e-06
7.76115e-06
8.32838e-06
9.4512e-06
5.65839e-06
3.89068e-06
4.60393e-06
3.73171e-06
5.60977e-06
4.40081e-06
2.59063e-06
2.89396e-06
2.35571e-06
1.69311e-06
1.81256e-06
1.54867e-06
2.06693e-06
7.97139e-07
1.43275e-06
9.78558e-07
6.96519e-07
8.75556e-07
7.5992e-07
4.4382e-07
1.21427e-06
4.48764e-07
3.8737e-07
8.5156e-07
4.24402e-07
2.71513e-07
7.82586e-07
2.83639e-07
1.408e-07
1.37336e-07
7.72686e-08
5.68535e-08
1.52441e-07
1.14095e-07
1.28412e-07
4.34897e-07
9.37805e-08
3.17542e-07
6.38651e-08
6.64752e-08
1.51089e-07
2.50449e-08
3.88763e-08
3.46622e-08
3.57334e-08
2.56033e-07
7.3692e-08
3.44961e-08
2.09412e-08
2.26656e-08
6.29508e-08
1.5036e-08
8.63238e-09
1.25812e-08
1.15837e-08
7.11384e-08
1.40923e-08
1.36953e-08
8.44385e-09
1.13205e-08
4.76163e-09
3.47417e-09
1.56532e-09
3.21858e-09
1.2195e-09
