60
120
0.0350157
0.0323069
0.0258765
0.0191473
0.0136806
0.00969461
0.00651418
0.00478893
0.00339092
0.00235309
0.0016826
0.00120572
0.000918975
0.000688591
0.000495081
0.000390288
0.000284172
0.00022381
0.000152604
0.00010883
9.15307e-05
7.06307e-05
5.50034e-05
3.99523e-05
3.39549e-05
2.67246e-05
1.88922e-05
1.68056e-05
1.25441e-05
1.23576e-05
1.00594e-05
8.85014e-06
5.42864e-06
4.19315e-06
2.68858e-06
2.70591e-06
2.7894e-06
1.48158e-06
1.85776e-06
9.2615e-07
1.14322e-06
1.24498e-06
5.26057e-07
6.51344e-07
2.64205e-07
4.22276e-07
1.88822e-07
1.62256e-07
2.24521e-07
3.10403e-07
3.7684e-07
1.43577e-07
1.86759e-07
2.42945e-07
3.00074e-08
7.23532e-08
6.04441e-08
7.66831e-08
3.06234e-08
4.48361e-08
3.7645e-08
2.2122e-08
1.86984e-08
4.0836e-08
2.50965e-08
4.00137e-08
1.5539e-08
3.64371e-09
9.96683e-09
5.27254e-09
2.86597e-09
1.719e-09
3.02627e-09
1.602e-08
1.63509e-09
5.11918e-09
1.4324e-08
1.87824e-10
2.90051e-09
5.12761e-10
1.07357e-09
7.35821e-10
2.53731e-10
1.31678e-09
3.42292e-10
1.06495e-10
1.28489e-10
1.7873e-10
1.52545e-10
5.58531e-10
5.01836e-10
5.64671e-10
1.62871e-10
1.44309e-09
1.049e-10
4.09642e-11
1.12581e-11
1.14801e-10
6.61589e-12
6.91612e-11
5.78561e-11
2.36956e-10
1.71602e-10
8.39597e-13
9.03304e-12
3.11521e-12
1.45681e-12
7.37949e-13
4.97131e-13
9.43835e-13
3.39727e-12
1.84812e-12
3.81901e-12
6.2096e-13
6.06151e-12
7.68025e-13
2.60056e-11
1.04687e-12
1.13454e-12
1.87711e-13
1.94957e-12
