60
120
0.0234447
0.0217216
0.0166971
0.011586
0.00754226
0.00487929
0.00312747
0.00192382
0.00118724
0.000765193
0.000511346
0.000311872
0.000196959
0.000127108
8.4096e-05
5.97413e-05
4.17824e-05
2.87849e-05
1.69912e-05
1.1848e-05
8.68175e-06
5.79749e-06
4.47377e-06
2.71607e-06
1.79311e-06
1.24718e-06
9.00642e-07
7.01793e-07
4.1725e-07
3.33971e-07
2.9203e-07
2.15538e-07
1.67474e-07
1.18822e-07
1.13269e-07
5.68647e-08
3.15047e-08
3.47663e-08
2.10324e-08
1.703e-08
1.49926e-08
1.30016e-08
9.4787e-09
4.10842e-09
4.31928e-09
3.27593e-09
2.22751e-09
1.47156e-09
1.14036e-09
5.82848e-10
8.58341e-10
7.05401e-10
9.07723e-10
4.13019e-10
2.96722e-10
9.41816e-10
1.5186e-10
5.02107e-11
4.37497e-11
1.12853e-10
3.33427e-11
1.11718e-10
4.51655e-11
1.30359e-11
2.59117e-11
3.42849e-12
7.38187e-12
9.64325e-12
1.33418e-11
9.36635e-12
2.35325e-12
3.85808e-11
8.67751e-12
1.35293e-12
8.01666e-12
8.47865e-13
8.76666e-13
4.46706e-13
1.62094e-13
3.53359e-13
4.75184e-13
5.75058e-13
1.47175e-13
6.38056e-14
5.73873e-14
3.54659e-14
7.84954e-14
3.50367e-14
1.1883e-13
9.59636e-14
2.19119e-13
4.99937e-14
1.02851e-14
2.40696e-14
1.51873e-15
2.12529e-15
5.75966e-14
4.39277e-14
1.29697e-15
2.38006e-15
2.18064e-14
7.82487e-15
8.90691e-16
1.91546e-15
5.73625e-16
7.15059e-16
1.79664e-15
1.60886e-16
5.46854e-17
1.18704e-15
1.42701e-15
1.40981e-15
3.46805e-18
1.66358e-16
2.17187e-16
3.55472e-16
3.61193e-17
1.74865e-17
2.90969e-16
8.85404e-18
2.07101e-16
