60
120
0.0135073
0.0136439
0.0130793
0.0123536
0.0114404
0.0107157
0.0098255
0.00851145
0.00760473
0.00665675
0.00571529
0.00490924
0.00418062
0.00351676
0.00292423
0.00251725
0.00214076
0.00181372
0.00140056
0.00122099
0.00101129
0.000858432
0.000703291
0.000571688
0.000494156
0.000383901
0.000327063
0.00028075
0.000234528
0.00020476
0.000164616
0.000133298
0.000114237
0.000104269
8.23961e-05
6.64125e-05
5.30664e-05
4.78395e-05
3.99568e-05
3.5217e-05
2.75621e-05
2.60223e-05
1.9169e-05
1.51055e-05
1.44147e-05
9.62951e-06
9.95328e-06
8.30166e-06
6.99629e-06
5.84934e-06
5.29131e-06
4.19885e-06
4.19763e-06
2.90114e-06
2.7756e-06
2.97075e-06
1.92363e-06
1.40575e-06
1.15014e-06
9.81481e-07
9.756e-07
9.54627e-07
7.84235e-07
4.92572e-07
6.10662e-07
2.85177e-07
3.42697e-07
3.34099e-07
2.84342e-07
3.12244e-07
2.01782e-07
1.96805e-07
1.70745e-07
1.00865e-07
1.71153e-07
7.99331e-08
5.47435e-08
7.80097e-08
5.22453e-08
4.73228e-08
5.41011e-08
3.90155e-08
3.23286e-08
2.39828e-08
2.18129e-08
1.7556e-08
1.90153e-08
1.44035e-08
1.96448e-08
1.43673e-08
1.74829e-08
1.08928e-08
5.74052e-09
1.24728e-08
3.00394e-09
3.09513e-09
5.57036e-09
9.41773e-09
3.46726e-09
2.17034e-09
6.60166e-09
3.61631e-09
1.7623e-09
2.04352e-09
1.57316e-09
1.00387e-09
2.48529e-09
6.10761e-10
2.89754e-10
1.53712e-09
1.83042e-09
1.28857e-09
8.93392e-11
5.76046e-10
7.39567e-10
2.56269e-10
3.03425e-10
1.41143e-10
1.54564e-10
1.20493e-10
3.25174e-10
