60
120
0.00665092
0.00568601
0.00393989
0.00235535
0.00131109
0.000643904
0.000344649
0.000186424
8.27024e-05
5.11035e-05
2.4149e-05
1.32292e-05
7.50463e-06
4.19385e-06
2.22954e-06
1.30747e-06
7.08747e-07
3.77377e-07
2.45952e-07
2.05962e-07
7.24202e-08
5.63092e-08
4.08917e-08
2.26373e-08
1.06019e-08
1.09294e-08
5.79613e-09
7.12061e-09
1.66725e-09
6.29689e-10
1.43582e-09
3.75518e-10
2.18596e-10
2.45674e-10
7.35969e-10
6.47552e-11
2.53847e-11
1.9159e-11
2.25908e-11
9.55404e-12
1.96958e-11
2.79686e-11
1.62539e-12
6.92332e-13
1.57539e-13
5.44578e-12
9.2586e-13
2.74797e-12
9.92481e-14
1.79928e-13
1.01373e-13
2.02344e-13
2.28008e-14
4.68828e-14
2.23591e-15
4.24658e-15
5.33614e-15
5.61946e-15
7.97011e-16
1.52673e-15
1.20415e-15
8.15003e-16
9.46419e-16
5.30964e-16
2.15497e-15
3.09802e-17
1.62e-17
3.80537e-16
1.23369e-17
4.72593e-15
1.11474e-17
9.78143e-17
3.56116e-16
9.53287e-18
4.8585e-18
3.43895e-19
2.3598e-18
1.85193e-18
1.23228e-18
9.97879e-21
3.04305e-19
1.96263e-20
2.93033e-19
2.52504e-20
5.40377e-19
1.01287e-18
2.79597e-19
1.82456e-20
7.76235e-22
1.60435e-22
1.95297e-21
3.98828e-22
3.42624e-22
6.2886e-20
1.28004e-20
6.11956e-21
4.02175e-24
3.51457e-23
4.2053e-23
1.1464e-23
1.69908e-23
2.79919e-22
2.6924e-23
8.28209e-24
2.17266e-24
6.34726e-26
5.62354e-26
2.91722e-24
1.20363e-24
5.75522e-25
1.40522e-21
9.19412e-26
2.48804e-26
2.94662e-27
2.46774e-24
1.17246e-23
4.0148e-26
6.14635e-28
2.36988e-25
6.22816e-27
1.14003e-28
