60
120
0.00989985
0.00981769
0.00959479
0.00903555
0.00820973
0.00718355
0.00649513
0.00573711
0.00489868
0.003973
0.00328457
0.0027299
0.00229525
0.00185113
0.00148637
0.00121413
0.000941849
0.000751777
0.000595855
0.000497157
0.000395993
0.000308201
0.000252599
0.000194416
0.000160939
0.00012622
9.95964e-05
7.87817e-05
6.58617e-05
5.53888e-05
4.18318e-05
3.51833e-05
2.39569e-05
2.15492e-05
1.75887e-05
1.41756e-05
9.90524e-06
8.70014e-06
8.37691e-06
5.99537e-06
4.57416e-06
3.56715e-06
3.22344e-06
2.45805e-06
2.18348e-06
1.69969e-06
1.44453e-06
1.08202e-06
8.36713e-07
8.11588e-07
6.75338e-07
5.11506e-07
6.41182e-07
3.73233e-07
2.37698e-07
2.06638e-07
2.53694e-07
1.51203e-07
1.11758e-07
7.85673e-08
9.49454e-08
7.02855e-08
5.70968e-08
4.09284e-08
2.58559e-08
2.46504e-08
2.20815e-08
2.0029e-08
9.70883e-09
2.1949e-08
3.08397e-08
8.58235e-09
4.06235e-09
3.27855e-09
4.08239e-09
2.32607e-09
2.87417e-09
1.79513e-09
2.56847e-09
1.33481e-09
1.13986e-09
8.33993e-10
7.95664e-10
2.78425e-09
2.85656e-10
7.54704e-10
2.29604e-10
5.27662e-10
1.0349e-10
7.13699e-10
4.27193e-10
2.13417e-10
1.62737e-10
1.25686e-10
8.93447e-11
2.63368e-11
7.90164e-11
2.28406e-09
1.37685e-11
1.95499e-10
1.64748e-11
1.90884e-12
3.08669e-11
8.06405e-12
4.39607e-12
9.7027e-13
2.12999e-12
5.39773e-11
2.64157e-12
1.41933e-12
4.7123e-12
1.47167e-12
3.32594e-12
2.56875e-12
4.93342e-11
1.55856e-13
1.0864e-12
1.92305e-12
1.49109e-11
1.61143e-12
2.81037e-13
