60
120
0.0183078
0.0163648
0.012395
0.00780835
0.00466177
0.00267093
0.00152682
0.000899555
0.000503212
0.000291224
0.000163847
9.40324e-05
5.73954e-05
3.62484e-05
2.05939e-05
1.25942e-05
7.31573e-06
5.17621e-06
3.02633e-06
1.90059e-06
1.2208e-06
8.08529e-07
5.70589e-07
2.9919e-07
2.6202e-07
1.64956e-07
1.28975e-07
7.7882e-08
5.38862e-08
3.83166e-08
1.73475e-08
1.55469e-08
6.10823e-09
7.01911e-09
3.7264e-09
4.15683e-09
1.21529e-09
1.72588e-09
1.29891e-09
1.22425e-09
5.34105e-10
1.57201e-10
3.4098e-10
1.13031e-10
3.08079e-10
6.78261e-11
6.2228e-11
4.65721e-11
2.28538e-11
3.42197e-11
1.13314e-11
3.35929e-11
9.2986e-11
3.71213e-12
2.52289e-12
1.23412e-12
5.21025e-12
2.98436e-12
6.13468e-13
1.8892e-13
1.76471e-12
1.934e-13
1.59252e-13
1.38016e-13
4.49522e-14
7.15059e-14
3.07013e-14
2.34206e-14
2.09376e-14
8.64956e-14
8.1057e-13
2.43393e-13
2.23854e-15
8.37124e-16
9.8553e-16
6.41829e-16
6.16772e-16
5.99971e-16
1.79726e-15
3.8231e-16
4.39256e-16
1.24111e-16
9.97021e-17
3.6111e-15
2.00308e-17
1.34082e-16
1.26614e-17
5.92087e-17
6.17465e-18
7.30781e-17
7.56795e-17
1.08394e-17
6.67304e-18
6.17625e-18
8.60412e-18
1.21324e-18
8.7903e-18
4.18816e-15
7.6992e-19
2.08755e-17
3.87983e-19
4.97874e-21
1.31193e-18
6.9584e-20
3.34133e-20
1.62122e-21
9.52692e-21
2.41317e-18
1.02165e-20
2.4531e-21
9.48313e-20
4.39593e-21
1.8881e-20
1.16694e-20
1.69821e-18
2.28239e-22
2.95858e-21
1.04374e-20
1.6802e-19
9.05106e-20
2.95712e-22
