# pt      RAA_central   RAA_lower    RAA_upper
400   0.5d0
0.250000  0.660375  0.472021  0.871259
0.750000  0.689474  0.488771  0.895688
1.250000  0.720888  0.527185  0.925520
1.750000  0.749022  0.559267  0.942875
2.250000  0.795241  0.618836  0.987292
2.750000  0.846111  0.657337  1.004821
3.250000  0.885237  0.725106  1.031780
3.750000  0.915878  0.775611  1.053392
4.250000  0.938034  0.808853  1.069656
4.750000  0.953541  0.835797  1.079670
5.250000  0.962400  0.856444  1.083432
5.750000  0.973309  0.875368  1.089504
6.250000  0.986267  0.892568  1.097886
6.750000  0.999225  0.909769  1.106268
7.250000  1.011825  0.927491  1.110302
7.750000  1.024066  0.945733  1.109988
8.250000  1.036306  0.963975  1.109674
8.750000  1.048547  0.982217  1.109360
9.250000  1.056116  0.996253  1.113926
9.750000  1.059012  1.006085  1.123372
10.250000  1.061909  1.015916  1.132818
10.750000  1.064805  1.025747  1.142265
11.250000  1.067912  1.031099  1.147411
11.750000  1.071228  1.031972  1.148256
12.250000  1.074544  1.032844  1.149102
12.750000  1.077861  1.033716  1.149948
13.250000  1.081177  1.034589  1.150794
13.750000  1.084493  1.035461  1.151639
14.250000  1.087809  1.036333  1.152485
14.750000  1.091126  1.037206  1.153331
15.250000  1.094442  1.038078  1.154177
15.750000  1.097758  1.038950  1.155022
16.250000  1.099880  1.039996  1.156250
16.750000  1.100806  1.041216  1.157858
17.250000  1.101732  1.042436  1.159467
17.750000  1.102658  1.043655  1.161076
18.250000  1.103585  1.044875  1.162685
18.750000  1.104511  1.046095  1.164294
19.250000  1.105437  1.047315  1.165903
19.750000  1.106363  1.048534  1.167512
20.250000  1.107289  1.049754  1.169121
20.750000  1.108216  1.050974  1.170729
21.250000  1.109142  1.052193  1.172338
21.750000  1.110068  1.053413  1.173947
22.250000  1.110994  1.054633  1.175556
22.750000  1.111920  1.055852  1.177165
23.250000  1.112847  1.057072  1.178774
23.750000  1.113773  1.058292  1.180383
24.250000  1.114699  1.059511  1.181992
24.750000  1.115625  1.060731  1.183601
25.250000  1.116551  1.061951  1.185209
25.750000  1.117478  1.063171  1.186818
26.250000  1.118404  1.064390  1.188427
26.750000  1.119330  1.065610  1.190036
27.250000  1.120256  1.066830  1.191645
27.750000  1.121182  1.068049  1.193254
28.250000  1.122109  1.069269  1.194863
28.750000  1.123035  1.070489  1.196472
29.250000  1.123961  1.071708  1.198081
29.750000  1.124887  1.072928  1.199689
30.250000  1.125813  1.074148  1.201298
30.750000  1.126740  1.075367  1.202907
31.250000  1.127666  1.076587  1.204516
31.750000  1.128592  1.077807  1.206125
32.250000  1.129518  1.079027  1.207734
32.750000  1.130444  1.080246  1.209343
33.250000  1.131371  1.081466  1.210952
33.750000  1.132297  1.082686  1.212560
34.250000  1.133223  1.083905  1.214169
34.750000  1.134149  1.085125  1.215778
35.250000  1.134612  1.085735  1.216583
35.750000  1.134612  1.085735  1.216583
36.250000  1.134612  1.085735  1.216583
36.750000  1.134612  1.085735  1.216583
37.250000  1.134612  1.085735  1.216583
37.750000  1.134612  1.085735  1.216583
38.250000  1.134612  1.085735  1.216583
38.750000  1.134612  1.085735  1.216583
39.250000  1.134612  1.085735  1.216583
39.750000  1.134612  1.085735  1.216583
40.250000  1.134612  1.085735  1.216583
40.750000  1.134612  1.085735  1.216583
41.250000  1.134612  1.085735  1.216583
41.750000  1.134612  1.085735  1.216583
42.250000  1.134612  1.085735  1.216583
42.750000  1.134612  1.085735  1.216583
43.250000  1.134612  1.085735  1.216583
43.750000  1.134612  1.085735  1.216583
44.250000  1.134612  1.085735  1.216583
44.750000  1.134612  1.085735  1.216583
45.250000  1.134612  1.085735  1.216583
45.750000  1.134612  1.085735  1.216583
46.250000  1.134612  1.085735  1.216583
46.750000  1.134612  1.085735  1.216583
47.250000  1.134612  1.085735  1.216583
47.750000  1.134612  1.085735  1.216583
48.250000  1.134612  1.085735  1.216583
48.750000  1.134612  1.085735  1.216583
49.250000  1.134612  1.085735  1.216583
49.750000  1.134612  1.085735  1.216583
50.250000  1.000000  1.000000  1.000000
50.750000  1.000000  1.000000  1.000000
51.250000  1.000000  1.000000  1.000000
51.750000  1.000000  1.000000  1.000000
52.250000  1.000000  1.000000  1.000000
52.750000  1.000000  1.000000  1.000000
53.250000  1.000000  1.000000  1.000000
53.750000  1.000000  1.000000  1.000000
54.250000  1.000000  1.000000  1.000000
54.750000  1.000000  1.000000  1.000000
55.250000  1.000000  1.000000  1.000000
55.750000  1.000000  1.000000  1.000000
56.250000  1.000000  1.000000  1.000000
56.750000  1.000000  1.000000  1.000000
57.250000  1.000000  1.000000  1.000000
57.750000  1.000000  1.000000  1.000000
58.250000  1.000000  1.000000  1.000000
58.750000  1.000000  1.000000  1.000000
59.250000  1.000000  1.000000  1.000000
59.750000  1.000000  1.000000  1.000000
60.250000  1.000000  1.000000  1.000000
60.750000  1.000000  1.000000  1.000000
61.250000  1.000000  1.000000  1.000000
61.750000  1.000000  1.000000  1.000000
62.250000  1.000000  1.000000  1.000000
62.750000  1.000000  1.000000  1.000000
63.250000  1.000000  1.000000  1.000000
63.750000  1.000000  1.000000  1.000000
64.250000  1.000000  1.000000  1.000000
64.750000  1.000000  1.000000  1.000000
65.250000  1.000000  1.000000  1.000000
65.750000  1.000000  1.000000  1.000000
66.250000  1.000000  1.000000  1.000000
66.750000  1.000000  1.000000  1.000000
67.250000  1.000000  1.000000  1.000000
67.750000  1.000000  1.000000  1.000000
68.250000  1.000000  1.000000  1.000000
68.750000  1.000000  1.000000  1.000000
69.250000  1.000000  1.000000  1.000000
69.750000  1.000000  1.000000  1.000000
70.250000  1.000000  1.000000  1.000000
70.750000  1.000000  1.000000  1.000000
71.250000  1.000000  1.000000  1.000000
71.750000  1.000000  1.000000  1.000000
72.250000  1.000000  1.000000  1.000000
72.750000  1.000000  1.000000  1.000000
73.250000  1.000000  1.000000  1.000000
73.750000  1.000000  1.000000  1.000000
74.250000  1.000000  1.000000  1.000000
74.750000  1.000000  1.000000  1.000000
75.250000  1.000000  1.000000  1.000000
75.750000  1.000000  1.000000  1.000000
76.250000  1.000000  1.000000  1.000000
76.750000  1.000000  1.000000  1.000000
77.250000  1.000000  1.000000  1.000000
77.750000  1.000000  1.000000  1.000000
78.250000  1.000000  1.000000  1.000000
78.750000  1.000000  1.000000  1.000000
79.250000  1.000000  1.000000  1.000000
79.750000  1.000000  1.000000  1.000000
80.250000  1.000000  1.000000  1.000000
80.750000  1.000000  1.000000  1.000000
81.250000  1.000000  1.000000  1.000000
81.750000  1.000000  1.000000  1.000000
82.250000  1.000000  1.000000  1.000000
82.750000  1.000000  1.000000  1.000000
83.250000  1.000000  1.000000  1.000000
83.750000  1.000000  1.000000  1.000000
84.250000  1.000000  1.000000  1.000000
84.750000  1.000000  1.000000  1.000000
85.250000  1.000000  1.000000  1.000000
85.750000  1.000000  1.000000  1.000000
86.250000  1.000000  1.000000  1.000000
86.750000  1.000000  1.000000  1.000000
87.250000  1.000000  1.000000  1.000000
87.750000  1.000000  1.000000  1.000000
88.250000  1.000000  1.000000  1.000000
88.750000  1.000000  1.000000  1.000000
89.250000  1.000000  1.000000  1.000000
89.750000  1.000000  1.000000  1.000000
90.250000  1.000000  1.000000  1.000000
90.750000  1.000000  1.000000  1.000000
91.250000  1.000000  1.000000  1.000000
91.750000  1.000000  1.000000  1.000000
92.250000  1.000000  1.000000  1.000000
92.750000  1.000000  1.000000  1.000000
93.250000  1.000000  1.000000  1.000000
93.750000  1.000000  1.000000  1.000000
94.250000  1.000000  1.000000  1.000000
94.750000  1.000000  1.000000  1.000000
95.250000  1.000000  1.000000  1.000000
95.750000  1.000000  1.000000  1.000000
96.250000  1.000000  1.000000  1.000000
96.750000  1.000000  1.000000  1.000000
97.250000  1.000000  1.000000  1.000000
97.750000  1.000000  1.000000  1.000000
98.250000  1.000000  1.000000  1.000000
98.750000  1.000000  1.000000  1.000000
99.250000  1.000000  1.000000  1.000000
99.750000  1.000000  1.000000  1.000000
100.250000  1.000000  1.000000  1.000000
100.750000  1.000000  1.000000  1.000000
101.250000  1.000000  1.000000  1.000000
101.750000  1.000000  1.000000  1.000000
102.250000  1.000000  1.000000  1.000000
102.750000  1.000000  1.000000  1.000000
103.250000  1.000000  1.000000  1.000000
103.750000  1.000000  1.000000  1.000000
104.250000  1.000000  1.000000  1.000000
104.750000  1.000000  1.000000  1.000000
105.250000  1.000000  1.000000  1.000000
105.750000  1.000000  1.000000  1.000000
106.250000  1.000000  1.000000  1.000000
106.750000  1.000000  1.000000  1.000000
107.250000  1.000000  1.000000  1.000000
107.750000  1.000000  1.000000  1.000000
108.250000  1.000000  1.000000  1.000000
108.750000  1.000000  1.000000  1.000000
109.250000  1.000000  1.000000  1.000000
109.750000  1.000000  1.000000  1.000000
110.250000  1.000000  1.000000  1.000000
110.750000  1.000000  1.000000  1.000000
111.250000  1.000000  1.000000  1.000000
111.750000  1.000000  1.000000  1.000000
112.250000  1.000000  1.000000  1.000000
112.750000  1.000000  1.000000  1.000000
113.250000  1.000000  1.000000  1.000000
113.750000  1.000000  1.000000  1.000000
114.250000  1.000000  1.000000  1.000000
114.750000  1.000000  1.000000  1.000000
115.250000  1.000000  1.000000  1.000000
115.750000  1.000000  1.000000  1.000000
116.250000  1.000000  1.000000  1.000000
116.750000  1.000000  1.000000  1.000000
117.250000  1.000000  1.000000  1.000000
117.750000  1.000000  1.000000  1.000000
118.250000  1.000000  1.000000  1.000000
118.750000  1.000000  1.000000  1.000000
119.250000  1.000000  1.000000  1.000000
119.750000  1.000000  1.000000  1.000000
120.250000  1.000000  1.000000  1.000000
120.750000  1.000000  1.000000  1.000000
121.250000  1.000000  1.000000  1.000000
121.750000  1.000000  1.000000  1.000000
122.250000  1.000000  1.000000  1.000000
122.750000  1.000000  1.000000  1.000000
123.250000  1.000000  1.000000  1.000000
123.750000  1.000000  1.000000  1.000000
124.250000  1.000000  1.000000  1.000000
124.750000  1.000000  1.000000  1.000000
125.250000  1.000000  1.000000  1.000000
125.750000  1.000000  1.000000  1.000000
126.250000  1.000000  1.000000  1.000000
126.750000  1.000000  1.000000  1.000000
127.250000  1.000000  1.000000  1.000000
127.750000  1.000000  1.000000  1.000000
128.250000  1.000000  1.000000  1.000000
128.750000  1.000000  1.000000  1.000000
129.250000  1.000000  1.000000  1.000000
129.750000  1.000000  1.000000  1.000000
130.250000  1.000000  1.000000  1.000000
130.750000  1.000000  1.000000  1.000000
131.250000  1.000000  1.000000  1.000000
131.750000  1.000000  1.000000  1.000000
132.250000  1.000000  1.000000  1.000000
132.750000  1.000000  1.000000  1.000000
133.250000  1.000000  1.000000  1.000000
133.750000  1.000000  1.000000  1.000000
134.250000  1.000000  1.000000  1.000000
134.750000  1.000000  1.000000  1.000000
135.250000  1.000000  1.000000  1.000000
135.750000  1.000000  1.000000  1.000000
136.250000  1.000000  1.000000  1.000000
136.750000  1.000000  1.000000  1.000000
137.250000  1.000000  1.000000  1.000000
137.750000  1.000000  1.000000  1.000000
138.250000  1.000000  1.000000  1.000000
138.750000  1.000000  1.000000  1.000000
139.250000  1.000000  1.000000  1.000000
139.750000  1.000000  1.000000  1.000000
140.250000  1.000000  1.000000  1.000000
140.750000  1.000000  1.000000  1.000000
141.250000  1.000000  1.000000  1.000000
141.750000  1.000000  1.000000  1.000000
142.250000  1.000000  1.000000  1.000000
142.750000  1.000000  1.000000  1.000000
143.250000  1.000000  1.000000  1.000000
143.750000  1.000000  1.000000  1.000000
144.250000  1.000000  1.000000  1.000000
144.750000  1.000000  1.000000  1.000000
145.250000  1.000000  1.000000  1.000000
145.750000  1.000000  1.000000  1.000000
146.250000  1.000000  1.000000  1.000000
146.750000  1.000000  1.000000  1.000000
147.250000  1.000000  1.000000  1.000000
147.750000  1.000000  1.000000  1.000000
148.250000  1.000000  1.000000  1.000000
148.750000  1.000000  1.000000  1.000000
149.250000  1.000000  1.000000  1.000000
149.750000  1.000000  1.000000  1.000000
150.250000  1.000000  1.000000  1.000000
150.750000  1.000000  1.000000  1.000000
151.250000  1.000000  1.000000  1.000000
151.750000  1.000000  1.000000  1.000000
152.250000  1.000000  1.000000  1.000000
152.750000  1.000000  1.000000  1.000000
153.250000  1.000000  1.000000  1.000000
153.750000  1.000000  1.000000  1.000000
154.250000  1.000000  1.000000  1.000000
154.750000  1.000000  1.000000  1.000000
155.250000  1.000000  1.000000  1.000000
155.750000  1.000000  1.000000  1.000000
156.250000  1.000000  1.000000  1.000000
156.750000  1.000000  1.000000  1.000000
157.250000  1.000000  1.000000  1.000000
157.750000  1.000000  1.000000  1.000000
158.250000  1.000000  1.000000  1.000000
158.750000  1.000000  1.000000  1.000000
159.250000  1.000000  1.000000  1.000000
159.750000  1.000000  1.000000  1.000000
160.250000  1.000000  1.000000  1.000000
160.750000  1.000000  1.000000  1.000000
161.250000  1.000000  1.000000  1.000000
161.750000  1.000000  1.000000  1.000000
162.250000  1.000000  1.000000  1.000000
162.750000  1.000000  1.000000  1.000000
163.250000  1.000000  1.000000  1.000000
163.750000  1.000000  1.000000  1.000000
164.250000  1.000000  1.000000  1.000000
164.750000  1.000000  1.000000  1.000000
165.250000  1.000000  1.000000  1.000000
165.750000  1.000000  1.000000  1.000000
166.250000  1.000000  1.000000  1.000000
166.750000  1.000000  1.000000  1.000000
167.250000  1.000000  1.000000  1.000000
167.750000  1.000000  1.000000  1.000000
168.250000  1.000000  1.000000  1.000000
168.750000  1.000000  1.000000  1.000000
169.250000  1.000000  1.000000  1.000000
169.750000  1.000000  1.000000  1.000000
170.250000  1.000000  1.000000  1.000000
170.750000  1.000000  1.000000  1.000000
171.250000  1.000000  1.000000  1.000000
171.750000  1.000000  1.000000  1.000000
172.250000  1.000000  1.000000  1.000000
172.750000  1.000000  1.000000  1.000000
173.250000  1.000000  1.000000  1.000000
173.750000  1.000000  1.000000  1.000000
174.250000  1.000000  1.000000  1.000000
174.750000  1.000000  1.000000  1.000000
175.250000  1.000000  1.000000  1.000000
175.750000  1.000000  1.000000  1.000000
176.250000  1.000000  1.000000  1.000000
176.750000  1.000000  1.000000  1.000000
177.250000  1.000000  1.000000  1.000000
177.750000  1.000000  1.000000  1.000000
178.250000  1.000000  1.000000  1.000000
178.750000  1.000000  1.000000  1.000000
179.250000  1.000000  1.000000  1.000000
179.750000  1.000000  1.000000  1.000000
180.250000  1.000000  1.000000  1.000000
180.750000  1.000000  1.000000  1.000000
181.250000  1.000000  1.000000  1.000000
181.750000  1.000000  1.000000  1.000000
182.250000  1.000000  1.000000  1.000000
182.750000  1.000000  1.000000  1.000000
183.250000  1.000000  1.000000  1.000000
183.750000  1.000000  1.000000  1.000000
184.250000  1.000000  1.000000  1.000000
184.750000  1.000000  1.000000  1.000000
185.250000  1.000000  1.000000  1.000000
185.750000  1.000000  1.000000  1.000000
186.250000  1.000000  1.000000  1.000000
186.750000  1.000000  1.000000  1.000000
187.250000  1.000000  1.000000  1.000000
187.750000  1.000000  1.000000  1.000000
188.250000  1.000000  1.000000  1.000000
188.750000  1.000000  1.000000  1.000000
189.250000  1.000000  1.000000  1.000000
189.750000  1.000000  1.000000  1.000000
190.250000  1.000000  1.000000  1.000000
190.750000  1.000000  1.000000  1.000000
191.250000  1.000000  1.000000  1.000000
191.750000  1.000000  1.000000  1.000000
192.250000  1.000000  1.000000  1.000000
192.750000  1.000000  1.000000  1.000000
193.250000  1.000000  1.000000  1.000000
193.750000  1.000000  1.000000  1.000000
194.250000  1.000000  1.000000  1.000000
194.750000  1.000000  1.000000  1.000000
195.250000  1.000000  1.000000  1.000000
195.750000  1.000000  1.000000  1.000000
196.250000  1.000000  1.000000  1.000000
196.750000  1.000000  1.000000  1.000000
197.250000  1.000000  1.000000  1.000000
197.750000  1.000000  1.000000  1.000000
198.250000  1.000000  1.000000  1.000000
198.750000  1.000000  1.000000  1.000000
199.250000  1.000000  1.000000  1.000000
199.750000  1.000000  1.000000  1.000000
